"Rk","Player","Pos","Age","Tm","G","GS","MP","FG","FGA","FG.","X3P","X3PA","X3P.","X2P","X2PA","X2P.","eFG.","FT","FTA","FT.","ORB","DRB","TRB","AST","STL","BLK","TOV","PF","PTS","Season","MVP","First","Share","Team.Wins","Shortlist"
"  1","Mark Acres","C",0.643,"ORL",0.976,0.61,0.479,0.133,0.131,0.645,0.007,0.005,0.75,0.14,0.158,0.48,0.543,0.11,0.123,0.692,0.294,0.275,0.282,0.058,0.146,0.066,0.151,0.668,0.128,"1990",FALSE,0,0,18,FALSE
"  2","Michael Adams","PG",0.643,"DEN",0.963,0.902,0.761,0.385,0.455,0.536,0.393,0.488,0.366,0.25,0.314,0.431,0.536,0.353,0.323,0.85,0.094,0.175,0.147,0.425,0.492,0.008,0.304,0.358,0.431,"1990",FALSE,0,0,43,FALSE
"  3","Mark Aguirre","SF",0.714,"DET",0.951,0.488,0.568,0.424,0.413,0.651,0.077,0.105,0.333,0.424,0.454,0.506,0.561,0.254,0.261,0.756,0.224,0.187,0.199,0.125,0.138,0.051,0.261,0.542,0.388,"1990",FALSE,0,0,59,FALSE
"  4","Danny Ainge","PG",0.714,"SAC",0.915,0.829,0.772,0.489,0.531,0.584,0.269,0.326,0.374,0.414,0.488,0.46,0.539,0.294,0.275,0.831,0.132,0.255,0.213,0.389,0.459,0.048,0.399,0.642,0.474,"1990",FALSE,0,0,23,FALSE
"  5","Mark Alarie","PF",0.619,"WSB",1,0.122,0.536,0.359,0.361,0.631,0.025,0.055,0.204,0.376,0.415,0.49,0.532,0.143,0.137,0.812,0.289,0.221,0.244,0.122,0.244,0.104,0.218,0.59,0.304,"1990",FALSE,0,0,31,FALSE
"  6","Steve Alford","PG",0.595,"DAL",0.5,0,0.085,0.061,0.064,0.609,0.017,0.025,0.318,0.058,0.065,0.483,0.536,0.046,0.038,0.946,0.004,0.023,0.016,0.034,0.061,0.008,0.034,0.059,0.059,"1990",FALSE,0,0,47,FALSE
"  7","Randy Allen","SG",0.595,"SAC",0.768,0.073,0.211,0.103,0.11,0.592,0,0.008,0,0.11,0.131,0.457,0.493,0.03,0.044,0.535,0.094,0.088,0.09,0.02,0.065,0.051,0.06,0.275,0.083,"1990",FALSE,0,0,23,FALSE
"  9","Nick Anderson","SG",0.524,"ORL",0.988,0.11,0.505,0.36,0.347,0.659,0.002,0.019,0.059,0.386,0.415,0.504,0.55,0.246,0.272,0.705,0.205,0.208,0.207,0.107,0.28,0.09,0.297,0.377,0.329,"1990",FALSE,0,0,18,FALSE
" 10","Richard Anderson","PF",0.69,"CHH",0.659,0.024,0.171,0.085,0.097,0.556,0.092,0.113,0.37,0.053,0.063,0.459,0.561,0.024,0.024,0.783,0.063,0.093,0.083,0.047,0.081,0.024,0.056,0.173,0.082,"1990",FALSE,0,0,19,FALSE
" 11","Ron Anderson","SF",0.738,"PHI",0.951,0.037,0.591,0.367,0.387,0.601,0.007,0.024,0.143,0.391,0.462,0.459,0.502,0.218,0.203,0.838,0.155,0.213,0.193,0.123,0.293,0.035,0.168,0.385,0.327,"1990",FALSE,0,0,53,FALSE
" 12","Willie Anderson","SG",0.548,"SAS",1,0.988,0.789,0.515,0.498,0.656,0.017,0.029,0.269,0.546,0.596,0.497,0.55,0.287,0.298,0.748,0.22,0.255,0.243,0.313,0.451,0.154,0.427,0.679,0.455,"1990",FALSE,0,0,56,FALSE
" 14","B.J. Armstrong","PG",0.524,"CHI",0.988,0,0.365,0.184,0.18,0.647,0.007,0.007,0.5,0.195,0.218,0.484,0.543,0.091,0.08,0.885,0.036,0.082,0.067,0.171,0.187,0.016,0.179,0.283,0.16,"1990",FALSE,0,0,55,FALSE
" 15","John Bagley","PG",0.69,"BOS",0.659,0.207,0.31,0.097,0.1,0.612,0.002,0.02,0.056,0.103,0.113,0.495,0.512,0.038,0.04,0.744,0.05,0.063,0.058,0.254,0.163,0.011,0.194,0.208,0.081,"1990",FALSE,0,0,52,FALSE
" 16","Thurl Bailey","SF",0.667,"UTA",1,0.402,0.731,0.455,0.45,0.641,0,0.009,0,0.489,0.547,0.485,0.534,0.294,0.293,0.779,0.222,0.292,0.268,0.118,0.13,0.266,0.3,0.472,0.41,"1990",FALSE,0,0,55,FALSE
" 17","Ken Bannister","PF",0.69,"LAC",0.634,0.012,0.167,0.074,0.074,0.637,0,0.001,0,0.08,0.09,0.481,0.531,0.069,0.113,0.473,0.075,0.072,0.073,0.015,0.069,0.019,0.095,0.248,0.073,"1990",FALSE,0,0,30,FALSE
" 18","Charles Barkley","SF",0.619,"PHI",0.963,0.963,0.873,0.683,0.542,0.8,0.05,0.104,0.217,0.714,0.612,0.632,0.676,0.737,0.765,0.749,0.69,0.544,0.594,0.264,0.602,0.133,0.524,0.674,0.702,"1990",FALSE,38,0.667,53,TRUE
" 19","Dana Barros","PG",0.524,"SEA",0.988,0.305,0.461,0.289,0.34,0.54,0.236,0.269,0.399,0.212,0.282,0.408,0.522,0.118,0.113,0.809,0.067,0.096,0.086,0.176,0.215,0.003,0.265,0.261,0.276,"1990",FALSE,0,0,41,FALSE
" 20","John Battle","SG",0.643,"ATL",0.732,0.585,0.418,0.266,0.25,0.675,0.005,0.015,0.154,0.284,0.299,0.514,0.563,0.135,0.139,0.756,0.052,0.071,0.065,0.132,0.114,0.008,0.192,0.31,0.231,"1990",FALSE,0,0,41,FALSE
" 21","Kenny Battle","SG",0.595,"PHO",0.72,0.098,0.206,0.09,0.078,0.729,0.002,0.005,0.25,0.096,0.094,0.554,0.611,0.073,0.084,0.671,0.084,0.079,0.081,0.033,0.142,0.029,0.069,0.253,0.085,"1990",FALSE,0,0,54,FALSE
" 22","William Bedford","C",0.619,"DET",0.512,0,0.07,0.052,0.058,0.576,0.002,0.007,0.167,0.055,0.067,0.445,0.484,0.012,0.023,0.409,0.029,0.043,0.038,0.003,0.012,0.045,0.045,0.105,0.042,"1990",FALSE,0,0,59,FALSE
" 23","Benoit Benjamin","C",0.595,"LAC",0.866,0.707,0.655,0.35,0.317,0.701,0,0.001,0,0.377,0.387,0.527,0.584,0.311,0.33,0.732,0.298,0.498,0.429,0.137,0.24,0.497,0.403,0.585,0.339,"1990",FALSE,0,0,30,FALSE
" 25","Larry Bird","SF",0.786,"BOS",0.915,0.915,0.833,0.694,0.698,0.631,0.162,0.22,0.333,0.68,0.746,0.494,0.55,0.422,0.353,0.93,0.172,0.618,0.465,0.483,0.431,0.162,0.524,0.466,0.643,"1990",FALSE,0,0.005,52,TRUE
" 27","Rolando Blackman","SG",0.714,"DAL",0.976,0.976,0.83,0.605,0.578,0.664,0.032,0.049,0.302,0.638,0.684,0.505,0.56,0.38,0.35,0.844,0.168,0.191,0.183,0.248,0.313,0.056,0.375,0.345,0.548,"1990",FALSE,0,0,47,FALSE
" 28","Mookie Blaylock","PG",0.524,"NJN",0.61,0.207,0.359,0.205,0.263,0.495,0.045,0.09,0.225,0.202,0.277,0.395,0.43,0.083,0.083,0.778,0.08,0.097,0.092,0.18,0.333,0.037,0.239,0.296,0.178,"1990",FALSE,0,0,17,FALSE
" 29","Muggsy Bogues","PG",0.595,"CHH",0.988,0.793,0.776,0.315,0.306,0.655,0.012,0.029,0.192,0.334,0.36,0.503,0.55,0.14,0.138,0.791,0.092,0.158,0.135,0.745,0.675,0.008,0.315,0.453,0.269,"1990",FALSE,0,0,19,FALSE
" 30","Manute Bol","C",0.643,"GSW",0.915,0.244,0.371,0.054,0.078,0.441,0.022,0.054,0.188,0.049,0.068,0.388,0.398,0.033,0.05,0.51,0.063,0.241,0.18,0.031,0.053,0.633,0.11,0.523,0.052,"1990",FALSE,0,0,37,FALSE
" 31","Anthony Bowie","SG",0.619,"HOU",0.805,0,0.26,0.115,0.135,0.541,0.015,0.024,0.286,0.118,0.153,0.415,0.462,0.053,0.056,0.741,0.069,0.081,0.077,0.082,0.171,0.013,0.127,0.216,0.1,"1990",FALSE,0,0,41,FALSE
" 32","Sam Bowie","C",0.667,"NJN",0.829,0.659,0.625,0.336,0.384,0.555,0.025,0.035,0.323,0.351,0.453,0.42,0.469,0.389,0.39,0.776,0.394,0.481,0.451,0.078,0.154,0.322,0.269,0.569,0.352,"1990",FALSE,0,0,17,FALSE
" 33","Adrian Branch","SF",0.619,"MIN",0.134,0,0.026,0.024,0.028,0.547,0.002,0.001,1,0.025,0.034,0.4,0.464,0.019,0.023,0.636,0.015,0.012,0.013,0.003,0.024,0,0.017,0.038,0.023,"1990",FALSE,0,0,22,FALSE
" 35","Frank Brickowski","C",0.714,"SAS",0.951,0.146,0.407,0.204,0.178,0.727,0,0.002,0,0.22,0.217,0.548,0.606,0.126,0.145,0.674,0.17,0.236,0.214,0.09,0.268,0.098,0.2,0.609,0.183,"1990",FALSE,0,0,56,FALSE
" 36","Scott Brooks","PG",0.571,"PHI",0.878,0.012,0.276,0.115,0.127,0.575,0.077,0.089,0.392,0.092,0.111,0.447,0.541,0.066,0.059,0.877,0.029,0.049,0.042,0.178,0.191,0,0.082,0.283,0.113,"1990",FALSE,0,0,53,FALSE
" 37","Chucky Brown","SF",0.5,"CLE",0.915,0.427,0.379,0.203,0.206,0.627,0,0.008,0,0.219,0.248,0.477,0.522,0.165,0.169,0.762,0.159,0.147,0.151,0.043,0.134,0.069,0.149,0.399,0.192,"1990",FALSE,0,0,42,FALSE
" 38","Mike Brown","C",0.619,"UTA",1,0,0.395,0.171,0.158,0.687,0.002,0.002,0.5,0.183,0.193,0.515,0.573,0.208,0.205,0.789,0.212,0.26,0.244,0.04,0.13,0.074,0.19,0.504,0.181,"1990",FALSE,0,0,55,FALSE
" 40","Tony Brown","SF",0.69,"MIL",0.744,0.122,0.18,0.085,0.095,0.569,0.012,0.023,0.25,0.086,0.105,0.446,0.488,0.05,0.058,0.679,0.075,0.033,0.047,0.035,0.13,0.011,0.11,0.213,0.077,"1990",FALSE,0,0,44,FALSE
" 44","Steve Bucknall","SG",0.548,"LAL",0.22,0,0.021,0.009,0.015,0.364,0,0.001,0,0.009,0.018,0.281,0.303,0.007,0.006,0.833,0.01,0.002,0.005,0.009,0.008,0.003,0.024,0.027,0.008,"1990",FALSE,0,0,63,FALSE
" 48","Tony Campbell","SG",0.643,"MIN",1,0.988,0.896,0.699,0.728,0.609,0.022,0.061,0.167,0.743,0.861,0.468,0.511,0.593,0.585,0.787,0.4,0.24,0.295,0.183,0.451,0.082,0.541,0.701,0.672,"1990",FALSE,0,0,22,FALSE
" 53","Terry Catledge","PF",0.619,"ORL",0.902,0.878,0.697,0.528,0.53,0.632,0.005,0.009,0.25,0.566,0.645,0.476,0.528,0.451,0.5,0.702,0.518,0.29,0.368,0.062,0.146,0.045,0.39,0.542,0.507,"1990",FALSE,0,0,18,FALSE
" 54","Tom Chambers","PF",0.714,"PHO",0.988,0.988,0.862,0.783,0.744,0.668,0.06,0.097,0.279,0.818,0.864,0.513,0.564,0.737,0.666,0.861,0.231,0.447,0.373,0.163,0.358,0.125,0.47,0.701,0.777,"1990",FALSE,0,0.013,54,TRUE
" 55","Rex Chapman","SG",0.524,"CHH",0.659,0.634,0.499,0.365,0.425,0.544,0.117,0.16,0.331,0.343,0.441,0.422,0.481,0.19,0.198,0.75,0.099,0.126,0.117,0.113,0.187,0.016,0.216,0.305,0.334,"1990",FALSE,0,0,19,FALSE
" 58","Ben Coleman","PF",0.667,"MIL",0.268,0,0.086,0.044,0.045,0.632,0,0.001,0,0.048,0.054,0.479,0.527,0.045,0.042,0.829,0.059,0.056,0.057,0.01,0.028,0.019,0.056,0.146,0.044,"1990",FALSE,0,0,44,FALSE
" 59","Steve Colter","PG",0.643,"WSB",0.89,0.012,0.277,0.137,0.137,0.637,0,0.006,0,0.148,0.165,0.486,0.531,0.102,0.098,0.811,0.105,0.12,0.115,0.127,0.191,0.027,0.082,0.264,0.127,"1990",FALSE,0,0,31,FALSE
" 60","Lester Conner","PG",0.714,"NJN",1,0.744,0.667,0.229,0.264,0.552,0.005,0.015,0.154,0.245,0.316,0.42,0.461,0.228,0.22,0.804,0.172,0.174,0.173,0.331,0.699,0.021,0.297,0.491,0.229,"1990",FALSE,0,0,17,FALSE
" 61","Michael Cooper","SG",0.786,"LAL",0.976,0.122,0.524,0.185,0.227,0.516,0.124,0.177,0.318,0.147,0.19,0.42,0.487,0.11,0.097,0.883,0.113,0.167,0.148,0.185,0.272,0.096,0.196,0.555,0.182,"1990",FALSE,0,0,63,FALSE
" 62","Wayne Cooper","C",0.786,"POR",0.963,0,0.333,0.133,0.14,0.605,0,0.003,0,0.144,0.17,0.458,0.504,0.033,0.04,0.641,0.226,0.219,0.222,0.038,0.073,0.253,0.084,0.569,0.106,"1990",FALSE,0,0,59,FALSE
" 63","Lanard Copeland","SG",0.571,"PHI",0.28,0,0.031,0.03,0.031,0.608,0.002,0.006,0.2,0.031,0.036,0.476,0.514,0.015,0.014,0.786,0.008,0.006,0.007,0.008,0.004,0.003,0.041,0.032,0.026,"1990",FALSE,0,0,53,FALSE
" 64","Tyrone Corbin","SF",0.643,"MIN",1,0.976,0.852,0.504,0.498,0.641,0,0.012,0,0.542,0.605,0.486,0.534,0.213,0.215,0.77,0.419,0.382,0.395,0.186,0.711,0.109,0.308,0.776,0.425,"1990",FALSE,0,0,22,FALSE
" 67","Terry Cummings","PF",0.667,"SAS",0.988,0.951,0.798,0.704,0.705,0.633,0.047,0.067,0.322,0.738,0.831,0.481,0.534,0.454,0.453,0.78,0.432,0.448,0.442,0.188,0.447,0.138,0.435,0.771,0.642,"1990",FALSE,0,0,56,FALSE
" 68","Dell Curry","SG",0.595,"CHH",0.817,0.159,0.526,0.446,0.456,0.621,0.129,0.166,0.354,0.426,0.475,0.485,0.547,0.127,0.107,0.923,0.059,0.136,0.11,0.137,0.398,0.069,0.216,0.399,0.378,"1990",FALSE,0,0,19,FALSE
" 69","Quintin Dailey","SG",0.69,"SEA",0.366,0.024,0.139,0.094,0.11,0.539,0.002,0.006,0.2,0.1,0.133,0.409,0.451,0.069,0.068,0.788,0.034,0.033,0.033,0.029,0.049,0,0.073,0.17,0.087,"1990",FALSE,0,0,41,FALSE
" 70","Adrian Dantley","SF",0.786,"DAL",0.549,0.549,0.368,0.223,0.223,0.636,0,0.002,0,0.24,0.272,0.479,0.53,0.265,0.261,0.787,0.149,0.093,0.112,0.069,0.081,0.019,0.162,0.267,0.234,"1990",FALSE,0,0,47,FALSE
" 71","Brad Daugherty","C",0.571,"CLE",0.5,0.488,0.407,0.236,0.234,0.639,0,0.002,0,0.254,0.286,0.481,0.532,0.267,0.295,0.704,0.147,0.294,0.244,0.112,0.118,0.059,0.237,0.291,0.244,"1990",FALSE,0,0,42,FALSE
" 72","Brad Davis","PG",0.81,"DAL",0.89,0.024,0.366,0.173,0.168,0.653,0.087,0.117,0.337,0.15,0.147,0.552,0.598,0.102,0.103,0.77,0.023,0.08,0.061,0.208,0.191,0.024,0.185,0.407,0.166,"1990",FALSE,0,0,47,FALSE
" 73","Charles Davis","SF",0.738,"CHI",0.646,0,0.121,0.056,0.073,0.489,0.017,0.028,0.28,0.053,0.075,0.383,0.432,0.009,0.008,0.875,0.048,0.056,0.053,0.015,0.041,0.021,0.043,0.14,0.046,"1990",FALSE,0,0,55,FALSE
" 74","Terry Davis","PF",0.524,"MIA",0.768,0.11,0.25,0.118,0.121,0.621,0,0.001,0,0.127,0.147,0.467,0.518,0.071,0.09,0.621,0.178,0.135,0.15,0.021,0.102,0.074,0.147,0.461,0.105,"1990",FALSE,0,0,18,FALSE
" 75","Walter Davis","SG",0.833,"DEN",0.841,0,0.463,0.481,0.475,0.641,0.015,0.052,0.13,0.511,0.557,0.497,0.538,0.274,0.234,0.912,0.088,0.132,0.117,0.133,0.24,0.024,0.22,0.431,0.426,"1990",FALSE,0,0,43,FALSE
" 76","Johnny Dawkins","PG",0.619,"PHI",0.988,0.988,0.811,0.45,0.437,0.652,0.055,0.074,0.333,0.461,0.499,0.501,0.557,0.278,0.251,0.861,0.092,0.198,0.161,0.516,0.492,0.024,0.461,0.429,0.41,"1990",FALSE,0,0,53,FALSE
" 77","Vinny Del Negro","SG",0.548,"SAC",0.927,0.354,0.526,0.287,0.296,0.616,0.025,0.036,0.313,0.299,0.345,0.47,0.522,0.179,0.159,0.871,0.075,0.158,0.129,0.215,0.26,0.027,0.239,0.491,0.261,"1990",FALSE,0,0,23,FALSE
" 78","Byron Dinkins","PG",0.524,"HOU",0.402,0,0.102,0.043,0.05,0.539,0.002,0.01,0.111,0.045,0.056,0.43,0.453,0.034,0.031,0.867,0.025,0.027,0.026,0.064,0.077,0.005,0.08,0.081,0.041,"1990",FALSE,0,0,41,FALSE
" 79","Vlade Divac","C",0.5,"LAL",1,0.061,0.456,0.265,0.253,0.665,0,0.006,0,0.285,0.307,0.504,0.554,0.202,0.222,0.708,0.319,0.343,0.335,0.064,0.321,0.303,0.237,0.647,0.248,"1990",FALSE,0,0,63,FALSE
" 81","Sherman Douglas","PG",0.548,"MIA",0.988,0.805,0.699,0.448,0.432,0.659,0.012,0.035,0.161,0.477,0.512,0.505,0.551,0.296,0.335,0.687,0.134,0.135,0.135,0.532,0.589,0.027,0.53,0.504,0.408,"1990",FALSE,0,0,18,FALSE
" 82","Terry Dozier","SF",0.548,"CHH",0.11,0,0.026,0.009,0.012,0.444,0,0.001,0,0.009,0.015,0.346,0.37,0.005,0.008,0.5,0.013,0.008,0.01,0.003,0.024,0.005,0.015,0.027,0.008,"1990",FALSE,0,0,19,FALSE
" 84","Larry Drew","PG",0.738,"LAL",0.976,0.037,0.377,0.164,0.176,0.592,0.08,0.091,0.395,0.144,0.17,0.457,0.54,0.061,0.062,0.767,0.023,0.085,0.064,0.186,0.191,0.011,0.205,0.248,0.148,"1990",FALSE,0,0,63,FALSE
" 85","Clyde Drexler","SG",0.643,"POR",0.89,0.89,0.759,0.648,0.624,0.659,0.075,0.12,0.283,0.666,0.706,0.512,0.561,0.44,0.442,0.774,0.398,0.297,0.331,0.371,0.589,0.136,0.412,0.598,0.601,"1990",FALSE,0,0.003,59,TRUE
" 88","Joe Dumars","SG",0.619,"DET",0.915,0.866,0.73,0.491,0.487,0.64,0.055,0.062,0.4,0.506,0.566,0.485,0.546,0.393,0.34,0.9,0.115,0.151,0.139,0.316,0.256,0.005,0.312,0.348,0.471,"1990",FALSE,0,0.001,59,TRUE
" 89","Mike Dunleavy","PG",0.833,"MIL",0.061,0,0.012,0.004,0.006,0.381,0.005,0.01,0.222,0.002,0.003,0.4,0.397,0.009,0.008,0.875,0,0.002,0.001,0.009,0.004,0,0.017,0.019,0.006,"1990",FALSE,0,0,44,FALSE
" 90","T.R. Dunn","SF",0.81,"DEN",0.793,0.024,0.186,0.043,0.045,0.605,0,0.002,0,0.046,0.054,0.463,0.504,0.034,0.04,0.667,0.107,0.081,0.09,0.037,0.167,0.011,0.041,0.181,0.04,"1990",FALSE,0,0,43,FALSE
" 91","Ledell Eackles","SG",0.548,"WSB",0.951,0.098,0.48,0.399,0.433,0.585,0.047,0.067,0.322,0.41,0.497,0.447,0.499,0.278,0.288,0.75,0.141,0.1,0.114,0.156,0.203,0.011,0.308,0.423,0.373,"1990",FALSE,0,0,31,FALSE
" 93","Blue Edwards","SF",0.571,"UTA",1,0.598,0.535,0.277,0.26,0.676,0.022,0.034,0.3,0.288,0.301,0.519,0.572,0.193,0.209,0.719,0.132,0.181,0.164,0.125,0.309,0.096,0.328,0.755,0.257,"1990",FALSE,0,0,55,FALSE
" 94","James Edwards","C",0.81,"DET",1,0.854,0.646,0.447,0.427,0.664,0,0.003,0,0.481,0.522,0.499,0.553,0.351,0.364,0.749,0.214,0.231,0.225,0.054,0.093,0.098,0.287,0.795,0.42,"1990",FALSE,0,0,59,FALSE
" 95","Jay Edwards","SG",0.5,"LAC",0.049,0,0.007,0.003,0.003,0.572,0,0.002,0,0.003,0.003,0.6,0.477,0.001,0.003,0.333,0.002,0.001,0.001,0.003,0.004,0,0.002,0.011,0.002,"1990",FALSE,0,0,30,FALSE
" 96","Kevin Edwards","SG",0.571,"MIA",0.951,0.659,0.626,0.382,0.441,0.549,0.022,0.034,0.3,0.402,0.524,0.416,0.463,0.184,0.188,0.76,0.147,0.204,0.184,0.216,0.508,0.088,0.388,0.402,0.331,"1990",FALSE,0,0,18,FALSE
" 97","Craig Ehlo","SG",0.667,"CLE",0.988,0.78,0.819,0.422,0.433,0.619,0.259,0.28,0.419,0.345,0.39,0.48,0.577,0.167,0.19,0.681,0.281,0.29,0.287,0.319,0.512,0.061,0.347,0.609,0.389,"1990",FALSE,0,0,42,FALSE
" 98","Sean Elliott","SF",0.5,"SAS",0.988,0.841,0.575,0.301,0.298,0.641,0.002,0.01,0.111,0.323,0.36,0.486,0.534,0.247,0.222,0.866,0.243,0.169,0.194,0.132,0.183,0.037,0.241,0.464,0.286,"1990",FALSE,0,0,56,FALSE
" 99","Dale Ellis","SG",0.69,"SEA",0.671,0.598,0.575,0.485,0.465,0.663,0.239,0.289,0.375,0.422,0.426,0.538,0.604,0.255,0.243,0.818,0.172,0.147,0.156,0.095,0.24,0.019,0.256,0.334,0.457,"1990",FALSE,0,0,41,FALSE
"100","Pervis Ellison","C",0.524,"SAC",0.415,0.268,0.245,0.107,0.116,0.589,0,0.002,0,0.116,0.14,0.446,0.491,0.065,0.08,0.628,0.122,0.131,0.128,0.056,0.065,0.152,0.134,0.356,0.096,"1990",FALSE,0,0,23,FALSE
"101","Alex English","SF",0.857,"DEN",0.976,0.976,0.626,0.614,0.595,0.655,0.005,0.006,0.4,0.659,0.726,0.491,0.547,0.213,0.188,0.88,0.228,0.166,0.187,0.193,0.207,0.061,0.2,0.35,0.506,"1990",FALSE,0,0,43,FALSE
"102","Patrick Ewing","C",0.643,"NYK",1,1,0.896,0.892,0.77,0.735,0.002,0.005,0.25,0.958,0.941,0.552,0.612,0.664,0.667,0.775,0.449,0.653,0.584,0.156,0.317,0.87,0.599,0.876,0.829,"1990",FALSE,1,0.176,45,TRUE
"103","Jim Farmer","SG",0.595,"SEA",0.463,0,0.113,0.086,0.093,0.584,0.02,0.03,0.296,0.084,0.099,0.46,0.509,0.075,0.082,0.713,0.033,0.026,0.028,0.021,0.069,0.003,0.058,0.119,0.086,"1990",FALSE,0,0,41,FALSE
"104","Duane Ferrell","SF",0.571,"ATL",0.171,0,0.008,0.005,0.006,0.476,0,0.001,0,0.005,0.007,0.385,0.397,0.003,0.006,0.333,0.006,0.004,0.005,0.002,0.004,0,0.004,0.008,0.004,"1990",FALSE,0,0,41,FALSE
"105","Vern Fleming","PG",0.643,"IND",1,1,0.814,0.452,0.423,0.677,0.03,0.038,0.353,0.473,0.499,0.514,0.572,0.304,0.302,0.782,0.226,0.203,0.21,0.524,0.374,0.027,0.444,0.574,0.415,"1990",FALSE,0,0,42,FALSE
"106","Sleepy Floyd","PG",0.69,"HOU",1,0.89,0.744,0.35,0.37,0.601,0.221,0.264,0.38,0.284,0.321,0.48,0.562,0.247,0.239,0.806,0.088,0.151,0.129,0.515,0.382,0.029,0.44,0.429,0.353,"1990",FALSE,0,0,41,FALSE
"108","Corey Gaines","SG",0.571,"PHI",0.11,0,0.023,0.004,0.006,0.444,0.002,0.002,0.5,0.003,0.006,0.3,0.417,0.001,0.004,0.25,0.002,0.004,0.003,0.022,0.016,0,0.022,0.03,0.004,"1990",FALSE,0,0,53,FALSE
"109","Kevin Gamble","SF",0.571,"BOS",0.866,0.122,0.28,0.132,0.139,0.607,0.007,0.02,0.167,0.139,0.16,0.473,0.511,0.112,0.11,0.794,0.08,0.07,0.073,0.102,0.114,0.021,0.095,0.208,0.128,"1990",FALSE,0,0,52,FALSE
"111","Tom Garrick","SG",0.548,"LAC",0.89,0.268,0.487,0.201,0.194,0.659,0.01,0.024,0.19,0.212,0.226,0.51,0.554,0.116,0.117,0.772,0.065,0.127,0.106,0.248,0.366,0.019,0.252,0.407,0.179,"1990",FALSE,0,0,30,FALSE
"112","Kenny Gattison","PF",0.595,"CHH",0.768,0.024,0.266,0.143,0.124,0.733,0.002,0.001,1,0.153,0.151,0.549,0.613,0.099,0.113,0.682,0.143,0.121,0.129,0.034,0.142,0.082,0.144,0.404,0.131,"1990",FALSE,0,0,19,FALSE
"113","Derrick Gervin","PF",0.619,"NJN",0.256,0,0.096,0.09,0.091,0.629,0,0.003,0,0.097,0.109,0.479,0.524,0.086,0.092,0.73,0.055,0.036,0.042,0.007,0.081,0.019,0.026,0.127,0.089,"1990",FALSE,0,0,17,FALSE
"115","Mike Gminski","C",0.714,"PHI",0.988,0.988,0.753,0.443,0.461,0.609,0.007,0.019,0.176,0.473,0.556,0.462,0.51,0.255,0.242,0.821,0.375,0.488,0.449,0.11,0.175,0.271,0.211,0.367,0.393,"1990",FALSE,0,0,53,FALSE
"116","Gary Grant","PG",0.571,"LAC",0.537,0.537,0.433,0.233,0.238,0.621,0.012,0.024,0.238,0.246,0.28,0.476,0.523,0.116,0.116,0.779,0.113,0.135,0.127,0.38,0.439,0.013,0.444,0.323,0.203,"1990",FALSE,0,0,30,FALSE
"117","Greg Grant","PG",0.548,"PHO",0.817,0.037,0.192,0.08,0.099,0.512,0.007,0.018,0.188,0.083,0.113,0.4,0.434,0.052,0.061,0.661,0.031,0.043,0.039,0.144,0.146,0.003,0.166,0.156,0.073,"1990",FALSE,0,0,54,FALSE
"118","Harvey Grant","PF",0.571,"WSB",0.988,0.305,0.523,0.275,0.277,0.631,0,0.009,0,0.296,0.334,0.479,0.526,0.127,0.141,0.701,0.264,0.203,0.224,0.113,0.211,0.114,0.183,0.523,0.234,"1990",FALSE,0,0,31,FALSE
"121","Jeff Grayer","SF",0.571,"MIL",0.866,0.488,0.404,0.217,0.224,0.613,0.002,0.009,0.125,0.232,0.27,0.466,0.512,0.131,0.156,0.651,0.18,0.122,0.142,0.092,0.195,0.027,0.177,0.337,0.194,"1990",FALSE,0,0,44,FALSE
"122","A.C. Green","PF",0.619,"LAL",1,1,0.767,0.372,0.371,0.637,0.032,0.052,0.283,0.387,0.429,0.489,0.54,0.368,0.381,0.751,0.501,0.447,0.465,0.077,0.268,0.133,0.25,0.558,0.375,"1990",FALSE,0,0,63,FALSE
"123","Rickey Green","PG",0.833,"IND",0.841,0,0.262,0.097,0.106,0.577,0.002,0.012,0.091,0.103,0.124,0.45,0.483,0.057,0.052,0.843,0.017,0.045,0.035,0.156,0.207,0.003,0.134,0.162,0.086,"1990",FALSE,0,0,42,FALSE
"124","Sidney Green","C",0.69,"ORL",0.89,0.378,0.526,0.302,0.307,0.624,0.002,0.003,0.333,0.324,0.375,0.468,0.521,0.18,0.215,0.651,0.317,0.419,0.384,0.085,0.203,0.069,0.256,0.623,0.269,"1990",FALSE,0,0,18,FALSE
"126","Darrell Griffith","SG",0.738,"UTA",1,0.012,0.409,0.291,0.299,0.619,0.199,0.243,0.372,0.23,0.245,0.509,0.583,0.067,0.08,0.654,0.082,0.122,0.108,0.054,0.276,0.051,0.162,0.402,0.259,"1990",FALSE,0,0,55,FALSE
"127","Scott Haffner","PG",0.548,"MIA",0.524,0.073,0.158,0.085,0.1,0.541,0.007,0.024,0.143,0.088,0.111,0.434,0.458,0.022,0.026,0.68,0.013,0.044,0.033,0.069,0.053,0.005,0.071,0.143,0.069,"1990",FALSE,0,0,18,FALSE
"129","Tom Hammonds","PF",0.524,"WSB",0.744,0.098,0.228,0.125,0.136,0.583,0,0.001,0,0.134,0.166,0.439,0.486,0.083,0.101,0.643,0.117,0.106,0.11,0.044,0.045,0.037,0.099,0.264,0.113,"1990",FALSE,0,0,31,FALSE
"130","Bob Hansen","SG",0.69,"UTA",0.988,0.988,0.615,0.256,0.261,0.623,0.134,0.174,0.351,0.22,0.234,0.51,0.571,0.044,0.066,0.516,0.126,0.162,0.15,0.128,0.211,0.029,0.17,0.523,0.218,"1990",FALSE,0,0,55,FALSE
"131","Bill Hanzlik","PF",0.762,"DEN",0.988,0,0.454,0.173,0.182,0.603,0.015,0.035,0.194,0.18,0.206,0.474,0.511,0.18,0.188,0.743,0.128,0.139,0.135,0.16,0.317,0.077,0.188,0.671,0.177,"1990",FALSE,0,0,43,FALSE
"132","Tim Hardaway","PG",0.548,"GSW",0.963,0.951,0.754,0.449,0.453,0.628,0.057,0.095,0.274,0.459,0.508,0.489,0.537,0.279,0.284,0.764,0.109,0.251,0.203,0.592,0.671,0.032,0.56,0.625,0.41,"1990",FALSE,0,0,37,FALSE
"133","Derek Harper","PG",0.667,"DAL",1,1,0.851,0.548,0.534,0.651,0.221,0.271,0.371,0.497,0.519,0.519,0.586,0.331,0.324,0.794,0.103,0.189,0.159,0.523,0.76,0.069,0.446,0.604,0.52,"1990",FALSE,0,0,47,FALSE
"136","Scott Hastings","PF",0.69,"DET",0.488,0,0.047,0.01,0.015,0.404,0.007,0.014,0.25,0.007,0.012,0.333,0.387,0.025,0.023,0.864,0.013,0.025,0.021,0.007,0.012,0.008,0.015,0.084,0.015,"1990",FALSE,0,0,59,FALSE
"137","Hersey Hawkins","SG",0.548,"PHI",1,1,0.808,0.505,0.523,0.613,0.209,0.226,0.42,0.456,0.528,0.468,0.551,0.512,0.449,0.888,0.163,0.217,0.199,0.224,0.528,0.074,0.399,0.585,0.535,"1990",FALSE,0,0,53,FALSE
"140","Rod Higgins","PF",0.714,"GSW",1,0.268,0.564,0.294,0.291,0.641,0.167,0.218,0.347,0.247,0.248,0.54,0.593,0.31,0.293,0.821,0.229,0.3,0.276,0.111,0.191,0.141,0.2,0.496,0.321,"1990",FALSE,0,0,37,FALSE
"142","Craig Hodges","SG",0.69,"CHI",0.768,0,0.299,0.14,0.152,0.584,0.216,0.204,0.481,0.06,0.085,0.387,0.632,0.04,0.034,0.909,0.021,0.042,0.035,0.095,0.122,0.005,0.065,0.235,0.144,"1990",FALSE,0,0,55,FALSE
"145","Dennis Hopson","SG",0.571,"NJN",0.963,0.78,0.722,0.458,0.503,0.579,0.08,0.114,0.317,0.46,0.56,0.446,0.498,0.358,0.352,0.792,0.216,0.165,0.182,0.13,0.407,0.136,0.362,0.493,0.442,"1990",FALSE,0,0,17,FALSE
"147","Jeff Hornacek","SG",0.619,"PHO",0.817,0.732,0.645,0.467,0.415,0.715,0.1,0.111,0.408,0.461,0.453,0.552,0.62,0.229,0.208,0.856,0.164,0.225,0.205,0.29,0.476,0.037,0.269,0.388,0.416,"1990",FALSE,0,0,54,FALSE
"148","Ed Horton","PF",0.524,"WSB",0.549,0.122,0.106,0.077,0.075,0.659,0,0.005,0,0.083,0.089,0.506,0.549,0.056,0.071,0.609,0.113,0.049,0.071,0.016,0.037,0.013,0.084,0.17,0.071,"1990",FALSE,0,0,31,FALSE
"149","Eddie Hughes","PG",0.69,"DEN",0.732,0.085,0.252,0.08,0.093,0.548,0.05,0.055,0.408,0.066,0.086,0.412,0.511,0.03,0.035,0.676,0.029,0.055,0.046,0.1,0.195,0.003,0.084,0.235,0.074,"1990",FALSE,0,0,43,FALSE
"150","Jay Humphries","PG",0.643,"MIL",0.988,0.988,0.798,0.48,0.462,0.659,0.052,0.079,0.3,0.494,0.527,0.508,0.56,0.296,0.293,0.786,0.153,0.188,0.176,0.405,0.634,0.029,0.325,0.682,0.437,"1990",FALSE,0,0,44,FALSE
"151","Byron Irvin","SG",0.548,"POR",0.61,0.024,0.138,0.093,0.093,0.631,0.012,0.016,0.357,0.095,0.107,0.481,0.539,0.081,0.094,0.67,0.057,0.044,0.048,0.04,0.114,0.003,0.084,0.108,0.091,"1990",FALSE,0,0,59,FALSE
"152","Jaren Jackson","SG",0.524,"NJN",0.341,0,0.045,0.024,0.032,0.483,0,0.003,0,0.026,0.037,0.379,0.402,0.022,0.022,0.81,0.031,0.008,0.016,0.011,0.053,0.003,0.039,0.043,0.024,"1990",FALSE,0,0,17,FALSE
"153","Mark Jackson","PG",0.571,"NYK",1,0.841,0.687,0.316,0.345,0.583,0.087,0.148,0.267,0.304,0.349,0.472,0.511,0.159,0.17,0.727,0.203,0.211,0.208,0.519,0.443,0.011,0.455,0.326,0.286,"1990",FALSE,0,0,45,FALSE
"154","Michael Jackson","PG",0.595,"SAC",0.207,0,0.016,0.003,0.005,0.364,0.002,0.002,0.5,0.002,0.005,0.222,0.353,0.004,0.006,0.5,0.004,0.005,0.005,0.007,0.02,0,0.009,0.008,0.004,"1990",FALSE,0,0,23,FALSE
"155","Avery Johnson","PG",0.571,"SEA",0.646,0.122,0.163,0.053,0.065,0.516,0.002,0.005,0.25,0.056,0.078,0.391,0.434,0.038,0.041,0.725,0.04,0.022,0.028,0.139,0.106,0.003,0.103,0.148,0.049,"1990",FALSE,0,0,41,FALSE
"156","Buck Johnson","SF",0.619,"HOU",1,1,0.802,0.487,0.469,0.66,0.005,0.019,0.118,0.522,0.565,0.501,0.551,0.271,0.278,0.759,0.216,0.266,0.249,0.216,0.423,0.165,0.36,0.865,0.429,"1990",FALSE,0,0,41,FALSE
"157","Dennis Johnson","PG",0.833,"BOS",0.915,0.793,0.576,0.199,0.219,0.579,0.002,0.027,0.042,0.213,0.254,0.455,0.483,0.156,0.144,0.843,0.092,0.152,0.131,0.417,0.329,0.037,0.252,0.482,0.188,"1990",FALSE,0,0,52,FALSE
"158","Eddie Johnson","SF",0.714,"PHO",0.78,0.049,0.513,0.397,0.417,0.604,0.174,0.208,0.38,0.355,0.408,0.472,0.547,0.249,0.211,0.917,0.132,0.176,0.161,0.092,0.13,0.027,0.233,0.469,0.381,"1990",FALSE,0,0,54,FALSE
"159","Eric Johnson","PG",0.548,"UTA",0.585,0.024,0.077,0.019,0.039,0.317,0.002,0.007,0.167,0.02,0.044,0.244,0.271,0.017,0.017,0.765,0.015,0.02,0.018,0.055,0.069,0.005,0.056,0.132,0.019,"1990",FALSE,0,0,55,FALSE
"160","Kevin Johnson","PG",0.548,"PHO",0.902,0.902,0.787,0.559,0.533,0.665,0.02,0.046,0.195,0.593,0.631,0.51,0.558,0.663,0.615,0.838,0.08,0.226,0.176,0.727,0.386,0.037,0.567,0.385,0.588,"1990",FALSE,0,0,54,FALSE
"161","Magic Johnson","PG",0.714,"LAL",0.963,0.963,0.831,0.528,0.524,0.64,0.264,0.312,0.384,0.458,0.486,0.51,0.584,0.75,0.655,0.89,0.245,0.391,0.341,0.779,0.537,0.09,0.623,0.45,0.623,"1990",TRUE,27,0.691,63,TRUE
"162","Marques Johnson","SF",0.786,"GSW",0.122,0,0.028,0.012,0.015,0.5,0.005,0.003,0.667,0.01,0.016,0.345,0.451,0.019,0.017,0.824,0.015,0.009,0.011,0.008,0,0.003,0.022,0.032,0.014,"1990",FALSE,0,0,37,FALSE
"164","Vinnie Johnson","SG",0.786,"DET",1,0.146,0.558,0.323,0.357,0.575,0.012,0.038,0.147,0.342,0.418,0.444,0.482,0.173,0.202,0.668,0.207,0.147,0.167,0.219,0.289,0.035,0.265,0.385,0.284,"1990",FALSE,0,0,59,FALSE
"166","Anthony Jones","SG",0.643,"DAL",0.805,0,0.184,0.07,0.089,0.495,0.01,0.015,0.308,0.071,0.102,0.376,0.423,0.062,0.071,0.681,0.063,0.049,0.054,0.025,0.13,0.043,0.091,0.208,0.069,"1990",FALSE,0,0,47,FALSE
"167","Caldwell Jones","PF",0.929,"SAS",0.878,0.024,0.25,0.065,0.066,0.62,0.002,0.006,0.2,0.069,0.078,0.475,0.521,0.05,0.056,0.704,0.145,0.153,0.15,0.017,0.081,0.072,0.103,0.394,0.061,"1990",FALSE,0,0,56,FALSE
"169","Michael Jordan","SG",0.619,"CHI",1,1,0.905,1,0.904,0.701,0.229,0.277,0.376,0.98,0.97,0.548,0.611,0.784,0.719,0.848,0.273,0.419,0.369,0.446,0.923,0.144,0.532,0.65,0.972,"1990",FALSE,21,0.613,55,TRUE
"170","Shawn Kemp","PF",0.476,"SEA",0.988,0.012,0.317,0.196,0.195,0.639,0.005,0.014,0.167,0.209,0.232,0.488,0.534,0.155,0.164,0.736,0.279,0.199,0.226,0.022,0.191,0.186,0.231,0.55,0.185,"1990",FALSE,0,0,41,FALSE
"171","Tim Kempton","PF",0.619,"DEN",0.866,0.171,0.3,0.148,0.144,0.653,0,0.001,0,0.159,0.175,0.492,0.544,0.102,0.117,0.675,0.098,0.166,0.142,0.101,0.122,0.024,0.172,0.388,0.135,"1990",FALSE,0,0,43,FALSE
"172","Steve Kerr","PG",0.571,"CLE",0.951,0.061,0.471,0.186,0.199,0.592,0.182,0.163,0.507,0.124,0.162,0.413,0.588,0.083,0.075,0.863,0.023,0.085,0.064,0.213,0.183,0.019,0.159,0.159,0.184,"1990",FALSE,0,0,42,FALSE
"173","Jerome Kersey","SF",0.643,"POR",1,1,0.805,0.502,0.499,0.637,0.007,0.023,0.15,0.537,0.601,0.485,0.533,0.356,0.401,0.69,0.48,0.436,0.451,0.162,0.492,0.168,0.31,0.819,0.463,"1990",FALSE,0,0,59,FALSE
"176","Bernard King","SF",0.786,"WSB",1,1,0.761,0.688,0.671,0.649,0.007,0.026,0.13,0.737,0.81,0.493,0.542,0.545,0.528,0.803,0.247,0.273,0.264,0.323,0.207,0.019,0.534,0.62,0.649,"1990",FALSE,0,0,31,FALSE
"177","Stacey King","PF",0.548,"CHI",1,0.024,0.503,0.258,0.244,0.672,0,0.001,0,0.278,0.298,0.505,0.56,0.257,0.275,0.727,0.323,0.214,0.251,0.075,0.154,0.154,0.256,0.58,0.257,"1990",FALSE,0,0,55,FALSE
"178","Greg Kite","C",0.667,"SAC",0.866,0.573,0.429,0.098,0.108,0.576,0.002,0.001,1,0.104,0.131,0.429,0.482,0.036,0.056,0.5,0.25,0.244,0.246,0.065,0.126,0.136,0.164,0.542,0.081,"1990",FALSE,0,0,23,FALSE
"179","Joe Kleine","C",0.667,"BOS",0.988,0.049,0.386,0.17,0.169,0.64,0,0.005,0,0.183,0.205,0.485,0.533,0.11,0.103,0.83,0.224,0.236,0.232,0.04,0.061,0.072,0.138,0.458,0.154,"1990",FALSE,0,0,52,FALSE
"180","Jon Koncak","C",0.619,"ATL",0.659,0.341,0.277,0.075,0.058,0.819,0,0.001,0,0.081,0.071,0.619,0.682,0.056,0.081,0.532,0.111,0.167,0.148,0.02,0.154,0.09,0.101,0.491,0.07,"1990",FALSE,0,0,41,FALSE
"181","Frank Kornet","PF",0.548,"MIL",0.695,0,0.124,0.041,0.052,0.491,0.012,0.023,0.25,0.039,0.053,0.394,0.433,0.032,0.04,0.615,0.048,0.046,0.046,0.018,0.057,0.008,0.05,0.146,0.04,"1990",FALSE,0,0,44,FALSE
"182","Larry Krystkowiak","PF",0.595,"MIL",0.195,0.085,0.108,0.042,0.054,0.485,0,0.002,0,0.045,0.065,0.371,0.404,0.034,0.034,0.788,0.031,0.06,0.05,0.021,0.041,0.005,0.041,0.111,0.04,"1990",FALSE,0,0,44,FALSE
"183","Bill Laimbeer","C",0.762,"DET",0.988,0.988,0.757,0.368,0.361,0.645,0.142,0.178,0.361,0.336,0.354,0.515,0.578,0.217,0.198,0.854,0.317,0.61,0.51,0.147,0.232,0.223,0.211,0.749,0.346,"1990",FALSE,0,0,59,FALSE
"184","Jerome Lane","PF",0.548,"DEN",0.817,0.561,0.271,0.14,0.142,0.625,0,0.006,0,0.151,0.171,0.477,0.521,0.058,0.123,0.367,0.275,0.215,0.236,0.09,0.215,0.045,0.183,0.509,0.118,"1990",FALSE,0,0,43,FALSE
"188","Tim Legler","SG",0.548,"PHO",0.134,0,0.023,0.011,0.013,0.505,0,0.001,0,0.011,0.016,0.393,0.421,0.008,0.006,1,0.008,0.004,0.005,0.005,0.008,0,0.009,0.032,0.01,"1990",FALSE,0,0,54,FALSE
"189","Gary Leonard","C",0.524,"MIN",0.268,0,0.036,0.013,0.014,0.559,0,0.001,0,0.014,0.017,0.433,0.466,0.008,0.014,0.429,0.019,0.017,0.018,0.001,0.012,0.024,0.017,0.07,0.011,"1990",FALSE,0,0,22,FALSE
"192","Fat Lever","SG",0.69,"DEN",0.963,0.963,0.802,0.549,0.59,0.591,0.09,0.098,0.414,0.554,0.675,0.445,0.508,0.358,0.347,0.804,0.44,0.5,0.48,0.444,0.683,0.035,0.336,0.464,0.51,"1990",FALSE,0,0,43,FALSE
"193","Cliff Levingston","PF",0.69,"ATL",0.915,0.061,0.483,0.209,0.195,0.679,0.002,0.006,0.2,0.224,0.236,0.513,0.568,0.11,0.126,0.68,0.216,0.205,0.208,0.069,0.224,0.109,0.106,0.582,0.182,"1990",FALSE,0,0,41,FALSE
"195","Reggie Lewis","SG",0.571,"BOS",0.963,0.659,0.714,0.522,0.501,0.661,0.01,0.017,0.267,0.558,0.606,0.499,0.553,0.339,0.326,0.808,0.208,0.236,0.227,0.193,0.358,0.168,0.259,0.582,0.473,"1990",FALSE,0,0,52,FALSE
"196","Todd Lichti","SG",0.548,"DEN",0.963,0.049,0.375,0.242,0.237,0.648,0,0.016,0,0.26,0.282,0.5,0.54,0.172,0.179,0.747,0.094,0.101,0.099,0.1,0.224,0.035,0.205,0.391,0.222,"1990",FALSE,0,0,43,FALSE
"197","Alton Lister","C",0.738,"GSW",0.037,0,0.011,0.004,0.004,0.667,0,0.001,0,0.004,0.004,0.571,0.556,0.005,0.007,0.571,0.01,0.003,0.005,0.002,0.004,0,0,0.022,0.004,"1990",FALSE,0,0,37,FALSE
"200","Grant Long","PF",0.548,"MIA",0.988,0.378,0.525,0.249,0.245,0.644,0,0.003,0,0.267,0.298,0.486,0.537,0.228,0.248,0.714,0.298,0.244,0.263,0.082,0.37,0.101,0.3,0.809,0.242,"1990",FALSE,0,0,18,FALSE
"201","John Long","SG",0.786,"ATL",0.585,0.232,0.292,0.168,0.177,0.604,0.025,0.033,0.345,0.171,0.2,0.462,0.518,0.061,0.057,0.836,0.05,0.057,0.054,0.073,0.183,0.013,0.162,0.178,0.143,"1990",FALSE,0,0,41,FALSE
"202","Sidney Lowe","PG",0.714,"MIN",0.976,0.463,0.494,0.071,0.105,0.425,0.005,0.01,0.222,0.074,0.124,0.323,0.359,0.052,0.056,0.722,0.078,0.121,0.107,0.29,0.297,0.011,0.136,0.307,0.066,"1990",FALSE,0,0,22,FALSE
"203","John Lucas","PG",0.857,"HOU",0.598,0.22,0.265,0.105,0.134,0.5,0.065,0.098,0.299,0.086,0.115,0.407,0.466,0.056,0.057,0.764,0.036,0.071,0.059,0.204,0.183,0.005,0.183,0.159,0.101,"1990",FALSE,0,0,41,FALSE
"204","Rick Mahorn","PF",0.738,"PHI",0.915,0.805,0.643,0.303,0.29,0.663,0.005,0.01,0.222,0.324,0.35,0.501,0.553,0.242,0.263,0.715,0.319,0.398,0.371,0.084,0.179,0.274,0.224,0.677,0.286,"1990",FALSE,0,0,53,FALSE
"205","Dan Majerle","SG",0.571,"PHO",0.89,0.28,0.635,0.286,0.321,0.565,0.047,0.09,0.238,0.288,0.349,0.448,0.487,0.262,0.267,0.762,0.275,0.284,0.281,0.162,0.407,0.085,0.177,0.477,0.286,"1990",FALSE,0,0,54,FALSE
"206","Jeff Malone","SG",0.667,"WSB",0.915,0.902,0.727,0.755,0.733,0.655,0.002,0.007,0.167,0.812,0.895,0.492,0.546,0.34,0.301,0.877,0.103,0.151,0.135,0.209,0.195,0.016,0.269,0.313,0.643,"1990",FALSE,0,0,31,FALSE
"207","Karl Malone","PF",0.619,"UTA",1,1,0.884,0.884,0.749,0.749,0.04,0.049,0.372,0.934,0.893,0.567,0.63,0.921,0.939,0.762,0.444,0.674,0.595,0.194,0.492,0.133,0.655,0.698,0.897,"1990",FALSE,2,0.233,55,TRUE
"208","Moses Malone","C",0.81,"ATL",0.988,0.988,0.774,0.5,0.496,0.64,0.002,0.01,0.111,0.537,0.602,0.483,0.534,0.652,0.649,0.781,0.696,0.445,0.531,0.112,0.191,0.223,0.5,0.426,0.54,"1990",FALSE,0,0,41,FALSE
"209","Danny Manning","PF",0.548,"LAC",0.866,0.512,0.642,0.426,0.38,0.711,0,0.006,0,0.458,0.463,0.536,0.592,0.362,0.381,0.741,0.272,0.278,0.276,0.161,0.37,0.104,0.405,0.704,0.407,"1990",FALSE,0,0,30,FALSE
"210","Roy Marble","SG",0.548,"ATL",0.293,0,0.046,0.015,0.027,0.368,0,0.002,0,0.017,0.032,0.286,0.307,0.025,0.03,0.655,0.029,0.009,0.016,0.009,0.028,0.003,0.03,0.043,0.018,"1990",FALSE,0,0,41,FALSE
"211","Sarunas Marciulionis","SG",0.595,"GSW",0.915,0.037,0.48,0.279,0.256,0.692,0.025,0.044,0.256,0.29,0.292,0.539,0.587,0.419,0.415,0.787,0.161,0.136,0.144,0.104,0.382,0.019,0.295,0.62,0.32,"1990",FALSE,0,0,37,FALSE
"212","Jeff Martin","SG",0.548,"LAC",0.841,0.28,0.382,0.164,0.191,0.548,0.005,0.017,0.133,0.175,0.225,0.421,0.459,0.12,0.133,0.705,0.149,0.08,0.104,0.038,0.167,0.043,0.101,0.261,0.153,"1990",FALSE,0,0,30,FALSE
"214","Wes Matthews","PG",0.714,"ATL",0.012,0,0.004,0.001,0.001,0.444,0,0.001,0,0.001,0.001,0.5,0.37,0.003,0.002,1,0,0,0,0.004,0,0,0,0,0.001,"1990",FALSE,0,0,41,FALSE
"218","George McCloud","SF",0.524,"IND",0.537,0,0.117,0.044,0.066,0.417,0.032,0.045,0.325,0.033,0.059,0.308,0.398,0.02,0.02,0.789,0.023,0.03,0.027,0.039,0.077,0.008,0.078,0.151,0.042,"1990",FALSE,0,0,42,FALSE
"220","Rodney McCray","SF",0.667,"SAC",1,1,0.917,0.519,0.48,0.687,0.027,0.047,0.262,0.547,0.565,0.525,0.578,0.361,0.358,0.784,0.367,0.474,0.437,0.324,0.244,0.186,0.375,0.474,0.48,"1990",FALSE,0,0,23,FALSE
"221","Xavier McDaniel","SF",0.619,"SEA",0.841,0.817,0.688,0.591,0.567,0.661,0.012,0.019,0.294,0.631,0.686,0.498,0.553,0.323,0.343,0.733,0.315,0.28,0.292,0.147,0.297,0.096,0.403,0.623,0.519,"1990",FALSE,0,0,41,FALSE
"222","Mike McGee","SF",0.714,"PHO",0.171,0.085,0.079,0.041,0.04,0.644,0.02,0.026,0.348,0.035,0.036,0.531,0.588,0.013,0.022,0.476,0.021,0.025,0.024,0.014,0.033,0.003,0.03,0.075,0.036,"1990",FALSE,0,0,54,FALSE
"223","Kevin McHale","PF",0.762,"BOS",1,0.305,0.77,0.627,0.543,0.732,0.057,0.078,0.333,0.65,0.627,0.562,0.62,0.52,0.453,0.893,0.384,0.473,0.442,0.148,0.122,0.418,0.394,0.674,0.605,"1990",FALSE,0,0,52,FALSE
"224","Derrick McKey","SF",0.548,"SEA",0.976,0.976,0.778,0.453,0.437,0.657,0.007,0.026,0.13,0.484,0.522,0.502,0.55,0.417,0.415,0.782,0.325,0.317,0.32,0.161,0.354,0.215,0.414,0.666,0.443,"1990",FALSE,0,0,41,FALSE
"225","Carlton McKinney","SG",0.595,"LAC",0.085,0,0.029,0.008,0.015,0.333,0,0.001,0,0.008,0.017,0.258,0.278,0.003,0.004,0.5,0.008,0.008,0.008,0.006,0.024,0.003,0.015,0.04,0.006,"1990",FALSE,0,0,30,FALSE
"226","Nate McMillan","SG",0.595,"SEA",1,0.841,0.662,0.2,0.202,0.631,0.027,0.035,0.355,0.204,0.23,0.482,0.539,0.13,0.157,0.641,0.243,0.274,0.263,0.514,0.569,0.098,0.403,0.779,0.185,"1990",FALSE,0,0,41,FALSE
"229","Reggie Miller","SG",0.571,"IND",1,1,0.903,0.639,0.592,0.685,0.373,0.409,0.414,0.532,0.522,0.552,0.636,0.72,0.645,0.868,0.182,0.199,0.193,0.267,0.447,0.048,0.478,0.472,0.712,"1990",FALSE,0,0,42,FALSE
"230","Sam Mitchell","PF",0.619,"MIN",0.976,0.366,0.683,0.36,0.384,0.595,0,0.01,0,0.387,0.465,0.451,0.496,0.354,0.359,0.768,0.344,0.28,0.302,0.076,0.268,0.144,0.207,0.811,0.357,"1990",FALSE,0,0,22,FALSE
"231","Paul Mokeski","C",0.786,"CLE",0.463,0.012,0.127,0.061,0.069,0.56,0,0.001,0,0.066,0.084,0.423,0.467,0.033,0.037,0.694,0.052,0.071,0.065,0.015,0.033,0.027,0.056,0.205,0.053,"1990",FALSE,0,0,42,FALSE
"232","Johnny Moore","PG",0.738,"SAS",0.646,0.098,0.146,0.045,0.058,0.497,0.02,0.038,0.235,0.041,0.052,0.424,0.45,0.021,0.028,0.593,0.031,0.036,0.034,0.07,0.13,0.008,0.084,0.148,0.042,"1990",FALSE,0,0,56,FALSE
"233","Chris Morris","SF",0.571,"NJN",0.976,0.927,0.693,0.434,0.49,0.563,0.152,0.218,0.316,0.404,0.492,0.445,0.5,0.302,0.325,0.722,0.371,0.226,0.276,0.123,0.528,0.21,0.399,0.59,0.419,"1990",FALSE,0,0,17,FALSE
"234","Mike Morrison","SG",0.524,"PHO",0.439,0.012,0.043,0.022,0.031,0.451,0.005,0.008,0.286,0.022,0.034,0.344,0.392,0.032,0.031,0.8,0.013,0.013,0.013,0.009,0.008,0,0.05,0.054,0.025,"1990",FALSE,0,0,54,FALSE
"235","John Morton","SG",0.524,"CLE",0.451,0.037,0.114,0.046,0.074,0.397,0.017,0.034,0.233,0.043,0.074,0.313,0.356,0.057,0.064,0.694,0.013,0.025,0.021,0.058,0.073,0.011,0.11,0.081,0.052,"1990",FALSE,0,0,42,FALSE
"236","Chris Mullin","SF",0.619,"GSW",0.951,0.951,0.801,0.66,0.585,0.715,0.216,0.264,0.372,0.619,0.585,0.573,0.633,0.668,0.584,0.889,0.249,0.331,0.303,0.274,0.5,0.12,0.515,0.383,0.691,"1990",FALSE,0,0,37,FALSE
"237","Tod Murphy","C",0.619,"MIN",1,0.72,0.706,0.251,0.254,0.628,0.04,0.049,0.372,0.254,0.287,0.479,0.54,0.19,0.209,0.709,0.396,0.355,0.369,0.091,0.309,0.16,0.131,0.617,0.24,"1990",FALSE,0,0,22,FALSE
"239","Larry Nance","PF",0.714,"CLE",0.756,0.646,0.584,0.398,0.371,0.681,0.002,0.001,1,0.428,0.455,0.51,0.568,0.246,0.246,0.778,0.31,0.352,0.337,0.138,0.22,0.324,0.237,0.499,0.357,"1990",FALSE,0,0,42,FALSE
"241","Ed Nealy","PF",0.69,"CHI",0.561,0,0.142,0.036,0.032,0.705,0,0.002,0,0.039,0.038,0.544,0.588,0.04,0.042,0.732,0.088,0.091,0.09,0.024,0.065,0.011,0.037,0.181,0.037,"1990",FALSE,0,0,55,FALSE
"243","Johnny Newman","SF",0.619,"NYK",0.976,0.841,0.644,0.362,0.362,0.635,0.112,0.16,0.317,0.342,0.363,0.511,0.56,0.316,0.308,0.799,0.115,0.13,0.125,0.155,0.386,0.059,0.308,0.685,0.364,"1990",FALSE,0,0,45,FALSE
"244","Kurt Nimphius","C",0.738,"PHI",0.463,0.012,0.089,0.037,0.042,0.557,0,0.001,0,0.04,0.051,0.422,0.464,0.019,0.031,0.467,0.042,0.039,0.04,0.005,0.016,0.048,0.026,0.121,0.032,"1990",FALSE,0,0,53,FALSE
"246","Ken Norman","SF",0.595,"LAC",0.854,0.78,0.661,0.468,0.437,0.68,0.017,0.018,0.438,0.496,0.526,0.511,0.571,0.202,0.249,0.632,0.273,0.325,0.307,0.137,0.317,0.157,0.409,0.528,0.398,"1990",FALSE,0,0,30,FALSE
"247","Charles Oakley","PF",0.619,"NYK",0.744,0.744,0.622,0.325,0.295,0.699,0,0.003,0,0.35,0.36,0.527,0.582,0.287,0.293,0.761,0.493,0.466,0.475,0.125,0.26,0.043,0.356,0.593,0.314,"1990",FALSE,0,0,45,FALSE
"248","Hakeem Olajuwon","C",0.643,"HOU",1,1,0.884,0.779,0.74,0.668,0.002,0.007,0.167,0.838,0.904,0.502,0.557,0.505,0.551,0.713,0.572,0.844,0.751,0.201,0.707,1,0.681,0.846,0.704,"1990",FALSE,1,0.07,41,TRUE
"250","Jose Ortiz","PF",0.619,"UTA",0.159,0,0.018,0.018,0.019,0.603,0.002,0.002,0.5,0.019,0.023,0.45,0.516,0.004,0.005,0.6,0.015,0.007,0.01,0.006,0.008,0.003,0.011,0.04,0.015,"1990",FALSE,0,0,55,FALSE
"252","Zarko Paspalj","SF",0.548,"SAS",0.341,0.012,0.051,0.026,0.036,0.456,0,0.001,0,0.028,0.044,0.346,0.38,0.024,0.023,0.818,0.029,0.015,0.02,0.009,0.012,0.019,0.045,0.1,0.025,"1990",FALSE,0,0,56,FALSE
"253","Jim Paxson","PG",0.762,"BOS",0.878,0.305,0.363,0.185,0.194,0.604,0.012,0.023,0.25,0.194,0.227,0.463,0.51,0.097,0.093,0.811,0.046,0.053,0.05,0.118,0.134,0.013,0.116,0.31,0.162,"1990",FALSE,0,0,52,FALSE
"254","John Paxson","PG",0.69,"CHI",1,1,0.669,0.353,0.326,0.688,0.082,0.104,0.359,0.345,0.347,0.539,0.599,0.074,0.07,0.824,0.052,0.091,0.078,0.288,0.337,0.016,0.183,0.474,0.289,"1990",FALSE,0,0,55,FALSE
"255","Kenny Payne","SF",0.548,"PHI",0.427,0.049,0.061,0.045,0.05,0.58,0.01,0.011,0.4,0.045,0.055,0.439,0.504,0.021,0.019,0.889,0.021,0.015,0.017,0.009,0.028,0.016,0.043,0.1,0.04,"1990",FALSE,0,0,53,FALSE
"256","Will Perdue","C",0.571,"CHI",0.939,0.134,0.25,0.107,0.123,0.552,0,0.006,0,0.116,0.148,0.422,0.46,0.095,0.107,0.692,0.168,0.125,0.14,0.04,0.077,0.069,0.14,0.404,0.104,"1990",FALSE,0,0,55,FALSE
"257","Sam Perkins","SF",0.667,"DAL",0.927,0.854,0.755,0.421,0.406,0.657,0.015,0.032,0.214,0.446,0.482,0.502,0.551,0.437,0.436,0.778,0.4,0.36,0.374,0.15,0.358,0.17,0.319,0.606,0.426,"1990",FALSE,0,0,47,FALSE
"258","Tim Perry","C",0.571,"PHO",0.732,0.22,0.173,0.097,0.09,0.684,0.002,0.001,1,0.103,0.109,0.51,0.572,0.07,0.093,0.589,0.151,0.072,0.099,0.015,0.085,0.059,0.101,0.205,0.09,"1990",FALSE,0,0,54,FALSE
"259","Chuck Person","SF",0.595,"IND",0.939,0.89,0.768,0.585,0.572,0.649,0.234,0.286,0.372,0.532,0.558,0.517,0.583,0.279,0.278,0.781,0.241,0.317,0.291,0.198,0.215,0.053,0.366,0.585,0.535,"1990",FALSE,0,0,42,FALSE
"260","Jim Petersen","C",0.643,"GSW",0.524,0.232,0.168,0.058,0.065,0.568,0,0.001,0,0.062,0.079,0.429,0.473,0.069,0.075,0.712,0.094,0.11,0.105,0.02,0.069,0.053,0.078,0.278,0.061,"1990",FALSE,0,0,37,FALSE
"261","Drazen Petrovic","SG",0.595,"POR",0.939,0,0.274,0.2,0.197,0.647,0.085,0.084,0.459,0.18,0.199,0.49,0.583,0.179,0.165,0.844,0.096,0.061,0.073,0.1,0.093,0.005,0.207,0.361,0.206,"1990",FALSE,0,0,59,FALSE
"262","Ricky Pierce","SG",0.714,"MIL",0.72,0,0.484,0.486,0.454,0.68,0.114,0.15,0.346,0.476,0.482,0.535,0.592,0.406,0.377,0.839,0.122,0.102,0.109,0.114,0.203,0.019,0.278,0.426,0.48,"1990",FALSE,0,0,44,FALSE
"263","Ed Pinckney","PF",0.619,"BOS",0.939,0.61,0.306,0.131,0.115,0.723,0,0.001,0,0.14,0.14,0.544,0.602,0.122,0.122,0.773,0.178,0.131,0.147,0.058,0.138,0.112,0.121,0.34,0.128,"1990",FALSE,0,0,52,FALSE
"264","Scottie Pippen","SF",0.571,"CHI",1,1,0.891,0.544,0.529,0.652,0.07,0.126,0.25,0.556,0.585,0.514,0.557,0.263,0.303,0.675,0.287,0.394,0.358,0.381,0.858,0.269,0.599,0.803,0.477,"1990",FALSE,0,0,55,FALSE
"265","Olden Polynice","C",0.595,"SEA",0.963,0.085,0.307,0.151,0.133,0.72,0.002,0.002,0.5,0.161,0.162,0.54,0.602,0.062,0.102,0.475,0.245,0.171,0.196,0.013,0.102,0.056,0.075,0.504,0.127,"1990",FALSE,0,0,41,FALSE
"266","Terry Porter","PG",0.619,"POR",0.976,0.976,0.787,0.433,0.446,0.616,0.221,0.269,0.374,0.374,0.412,0.491,0.564,0.557,0.486,0.892,0.113,0.212,0.178,0.624,0.614,0.011,0.528,0.404,0.496,"1990",FALSE,0,0,59,FALSE
"267","Paul Pressey","SG",0.738,"MIL",0.695,0.024,0.396,0.231,0.233,0.629,0.015,0.049,0.14,0.242,0.261,0.503,0.531,0.19,0.195,0.758,0.113,0.112,0.112,0.21,0.289,0.061,0.235,0.402,0.222,"1990",FALSE,0,0,44,FALSE
"268","Harold Pressley","SF",0.619,"SAC",0.878,0.122,0.454,0.232,0.26,0.565,0.114,0.167,0.311,0.202,0.236,0.464,0.517,0.146,0.145,0.78,0.18,0.214,0.202,0.128,0.236,0.096,0.19,0.399,0.225,"1990",FALSE,0,0,23,FALSE
"269","Mark Price","PG",0.595,"CLE",0.89,0.89,0.766,0.473,0.491,0.612,0.378,0.422,0.406,0.351,0.39,0.487,0.589,0.397,0.348,0.888,0.126,0.184,0.164,0.572,0.463,0.013,0.461,0.24,0.505,"1990",FALSE,0,0,42,FALSE
"270","Brian Quinnett","SG",0.548,"NYK",0.378,0,0.055,0.018,0.027,0.437,0,0.002,0,0.02,0.032,0.339,0.364,0.003,0.003,0.667,0.017,0.019,0.018,0.009,0.012,0.011,0.009,0.073,0.014,"1990",FALSE,0,0,45,FALSE
"272","Blair Rasmussen","C",0.643,"DEN",0.988,0.671,0.565,0.43,0.412,0.663,0,0.001,0,0.463,0.504,0.498,0.552,0.147,0.138,0.828,0.333,0.417,0.388,0.07,0.163,0.277,0.162,0.809,0.353,"1990",FALSE,0,0,43,FALSE
"273","J.R. Reid","C",0.5,"CHH",1,1,0.78,0.346,0.375,0.587,0,0.006,0,0.373,0.456,0.443,0.489,0.254,0.297,0.664,0.38,0.489,0.452,0.087,0.374,0.144,0.371,0.787,0.321,"1990",FALSE,0,0,19,FALSE
"275","Jerry Reynolds","SF",0.643,"ORL",0.817,0.488,0.514,0.299,0.341,0.556,0.002,0.016,0.071,0.32,0.41,0.424,0.464,0.316,0.331,0.742,0.174,0.23,0.211,0.155,0.378,0.17,0.3,0.437,0.303,"1990",FALSE,0,0,18,FALSE
"276","Glen Rice","SF",0.524,"MIA",0.939,0.732,0.654,0.455,0.493,0.585,0.042,0.078,0.246,0.471,0.565,0.452,0.497,0.12,0.128,0.734,0.191,0.25,0.23,0.119,0.272,0.072,0.244,0.534,0.37,"1990",FALSE,0,0,18,FALSE
"277","Pooh Richardson","PG",0.548,"MIN",1,0.585,0.731,0.412,0.426,0.615,0.057,0.094,0.277,0.419,0.475,0.479,0.526,0.083,0.11,0.589,0.105,0.161,0.142,0.476,0.541,0.066,0.304,0.385,0.331,"1990",FALSE,0,0,22,FALSE
"278","Mitch Richmond","SG",0.571,"GSW",0.951,0.951,0.792,0.619,0.592,0.663,0.085,0.107,0.358,0.631,0.672,0.508,0.567,0.537,0.483,0.866,0.187,0.26,0.235,0.192,0.398,0.064,0.433,0.566,0.607,"1990",FALSE,0,0,37,FALSE
"279","David Rivers","PG",0.595,"LAC",0.634,0.134,0.205,0.077,0.091,0.541,0,0.006,0,0.083,0.108,0.417,0.451,0.078,0.08,0.756,0.057,0.055,0.056,0.133,0.126,0,0.19,0.143,0.077,"1990",FALSE,0,0,30,FALSE
"280","Doc Rivers","PG",0.667,"ATL",0.585,0.537,0.432,0.211,0.221,0.605,0.06,0.074,0.364,0.202,0.234,0.469,0.532,0.183,0.175,0.812,0.09,0.152,0.131,0.227,0.472,0.059,0.211,0.407,0.211,"1990",FALSE,0,0,41,FALSE
"281","Fred Roberts","PF",0.69,"MIL",1,0.805,0.633,0.319,0.306,0.66,0.005,0.012,0.182,0.341,0.369,0.501,0.552,0.258,0.256,0.783,0.205,0.203,0.203,0.126,0.228,0.066,0.28,0.566,0.303,"1990",FALSE,0,0,44,FALSE
"282","Alvin Robertson","SG",0.643,"MIL",0.988,0.988,0.736,0.46,0.435,0.671,0.01,0.029,0.154,0.491,0.519,0.513,0.561,0.261,0.274,0.741,0.44,0.327,0.365,0.382,0.841,0.045,0.468,0.755,0.407,"1990",FALSE,0,0,44,FALSE
"283","Clifford Robinson","PF",0.548,"POR",1,0,0.443,0.288,0.346,0.529,0.03,0.05,0.273,0.298,0.399,0.405,0.45,0.183,0.258,0.55,0.21,0.197,0.201,0.062,0.215,0.141,0.278,0.609,0.263,"1990",FALSE,0,0,59,FALSE
"284","David Robinson","C",0.571,"SAS",1,0.988,0.85,0.667,0.598,0.708,0,0.002,0,0.718,0.732,0.532,0.59,0.811,0.861,0.732,0.579,0.675,0.642,0.141,0.561,0.848,0.554,0.698,0.704,"1990",FALSE,2,0.111,56,TRUE
"285","Dennis Rodman","SF",0.667,"DET",1,0.524,0.673,0.279,0.228,0.775,0.002,0.01,0.111,0.299,0.275,0.589,0.647,0.188,0.223,0.654,0.642,0.453,0.518,0.062,0.211,0.16,0.194,0.744,0.254,"1990",FALSE,0,0,59,FALSE
"286","Tree Rollins","C",0.81,"CLE",0.585,0.232,0.191,0.055,0.058,0.608,0,0.001,0,0.059,0.07,0.46,0.507,0.015,0.016,0.688,0.111,0.094,0.1,0.021,0.053,0.141,0.075,0.224,0.044,"1990",FALSE,0,0,42,FALSE
"287","Doug Roth","C",0.524,"WSB",0.512,0,0.117,0.036,0.04,0.573,0,0.001,0,0.039,0.048,0.435,0.478,0.009,0.014,0.5,0.084,0.075,0.078,0.017,0.033,0.035,0.034,0.189,0.029,"1990",FALSE,0,0,31,FALSE
"288","Scott Roth","SF",0.619,"MIN",0.866,0.037,0.3,0.154,0.193,0.505,0.045,0.059,0.346,0.147,0.208,0.383,0.444,0.198,0.207,0.746,0.065,0.077,0.073,0.099,0.207,0.016,0.183,0.388,0.172,"1990",FALSE,0,0,22,FALSE
"290","Brian Rowsom","PF",0.571,"CHH",0.537,0.024,0.158,0.075,0.082,0.581,0.002,0.002,0.5,0.08,0.1,0.435,0.488,0.09,0.085,0.819,0.084,0.086,0.086,0.019,0.073,0.029,0.054,0.156,0.079,"1990",FALSE,0,0,19,FALSE
"291","Donald Royal","SF",0.548,"MIN",0.805,0,0.211,0.113,0.117,0.612,0,0.001,0,0.122,0.143,0.461,0.51,0.202,0.203,0.777,0.132,0.068,0.09,0.037,0.13,0.021,0.175,0.288,0.137,"1990",FALSE,0,0,22,FALSE
"292","Delaney Rudd","PG",0.643,"UTA",0.939,0.024,0.241,0.107,0.119,0.572,0.04,0.063,0.286,0.099,0.114,0.468,0.51,0.046,0.055,0.66,0.023,0.043,0.036,0.152,0.089,0.003,0.19,0.218,0.096,"1990",FALSE,0,0,55,FALSE
"293","John Salley","PF",0.595,"DET",1,0.146,0.542,0.202,0.188,0.683,0.002,0.005,0.25,0.216,0.228,0.515,0.57,0.23,0.251,0.713,0.294,0.283,0.287,0.058,0.207,0.407,0.209,0.76,0.209,"1990",FALSE,0,0,59,FALSE
"294","Ralph Sampson","C",0.69,"SAC",0.317,0.085,0.118,0.046,0.059,0.496,0.002,0.005,0.25,0.049,0.071,0.376,0.418,0.016,0.024,0.522,0.021,0.072,0.055,0.024,0.057,0.059,0.073,0.178,0.038,"1990",FALSE,0,0,23,FALSE
"296","Mike Sanders","SF",0.69,"IND",1,0.159,0.433,0.218,0.22,0.627,0.012,0.016,0.357,0.229,0.262,0.473,0.528,0.073,0.077,0.733,0.149,0.151,0.15,0.076,0.175,0.061,0.17,0.593,0.18,"1990",FALSE,0,0,42,FALSE
"297","Danny Schayes","C",0.714,"DEN",0.646,0.268,0.338,0.158,0.152,0.659,0,0.005,0,0.17,0.184,0.5,0.549,0.298,0.272,0.852,0.224,0.223,0.224,0.052,0.167,0.12,0.155,0.539,0.195,"1990",FALSE,0,0,43,FALSE
"298","Detlef Schrempf","PF",0.643,"IND",0.951,0.22,0.728,0.41,0.378,0.688,0.042,0.054,0.354,0.424,0.437,0.526,0.584,0.532,0.504,0.82,0.285,0.468,0.405,0.212,0.24,0.043,0.388,0.73,0.447,"1990",FALSE,0,0,42,FALSE
"299","Byron Scott","SG",0.667,"LAL",0.939,0.939,0.734,0.456,0.462,0.627,0.231,0.248,0.423,0.394,0.443,0.483,0.573,0.212,0.215,0.766,0.098,0.19,0.158,0.235,0.313,0.082,0.263,0.485,0.423,"1990",FALSE,0,0,63,FALSE
"300","Rony Seikaly","C",0.571,"MIA",0.902,0.878,0.682,0.47,0.445,0.669,0,0.001,0,0.506,0.545,0.503,0.558,0.339,0.443,0.594,0.484,0.509,0.501,0.067,0.317,0.33,0.509,0.695,0.434,"1990",FALSE,0,0,18,FALSE
"302","Charles Shackleford","C",0.548,"NJN",0.854,0.451,0.441,0.239,0.246,0.616,0,0.001,0,0.257,0.301,0.463,0.513,0.104,0.118,0.687,0.344,0.297,0.313,0.048,0.163,0.093,0.25,0.493,0.202,"1990",FALSE,0,0,17,FALSE
"304","Purvis Short","SF",0.762,"NJN",1,0.293,0.626,0.418,0.437,0.607,0.025,0.04,0.286,0.439,0.516,0.461,0.511,0.262,0.244,0.835,0.193,0.146,0.162,0.125,0.268,0.053,0.256,0.544,0.379,"1990",FALSE,0,0,17,FALSE
"307","Jack Sikma","C",0.81,"MIL",0.866,0.854,0.637,0.333,0.381,0.555,0.169,0.225,0.342,0.287,0.354,0.439,0.508,0.304,0.267,0.885,0.208,0.38,0.322,0.197,0.309,0.128,0.3,0.658,0.348,"1990",FALSE,0,0,44,FALSE
"308","Scott Skiles","PG",0.595,"ORL",0.854,0.39,0.413,0.184,0.214,0.545,0.129,0.149,0.394,0.144,0.187,0.416,0.518,0.138,0.122,0.874,0.044,0.135,0.104,0.287,0.146,0.011,0.194,0.34,0.189,"1990",FALSE,0,0,18,FALSE
"309","Charles Smith","PF",0.571,"LAC",0.951,0.927,0.773,0.575,0.527,0.693,0.002,0.014,0.083,0.618,0.639,0.524,0.578,0.601,0.588,0.794,0.338,0.345,0.342,0.098,0.35,0.316,0.349,0.792,0.581,"1990",FALSE,0,0,30,FALSE
"310","Charles Smith","PG",0.524,"BOS",0.732,0,0.147,0.057,0.061,0.592,0,0.008,0,0.061,0.071,0.468,0.493,0.07,0.078,0.697,0.027,0.055,0.045,0.088,0.142,0.008,0.078,0.202,0.06,"1990",FALSE,0,0,52,FALSE
"311","Derek Smith","SF",0.667,"PHI",0.915,0.085,0.398,0.252,0.237,0.677,0.04,0.041,0.444,0.255,0.27,0.513,0.581,0.172,0.191,0.699,0.119,0.109,0.112,0.094,0.142,0.053,0.183,0.534,0.236,"1990",FALSE,0,0,53,FALSE
"313","Larry Smith","PF",0.762,"HOU",0.902,0,0.368,0.098,0.098,0.632,0,0.002,0,0.105,0.119,0.479,0.527,0.026,0.057,0.364,0.344,0.27,0.295,0.059,0.228,0.074,0.151,0.547,0.078,"1990",FALSE,0,0,41,FALSE
"314","Michael Smith","PF",0.571,"BOS",0.793,0.085,0.175,0.132,0.132,0.635,0.005,0.032,0.071,0.139,0.146,0.519,0.532,0.07,0.066,0.828,0.076,0.06,0.065,0.068,0.037,0.003,0.116,0.137,0.115,"1990",FALSE,0,0,52,FALSE
"315","Otis Smith","SF",0.619,"ORL",0.793,0.427,0.465,0.337,0.326,0.656,0.025,0.045,0.25,0.352,0.377,0.506,0.554,0.224,0.228,0.761,0.224,0.182,0.196,0.126,0.309,0.152,0.22,0.469,0.309,"1990",FALSE,0,0,18,FALSE
"316","Rik Smits","C",0.548,"IND",1,1,0.68,0.498,0.445,0.711,0,0.001,0,0.536,0.545,0.533,0.592,0.319,0.306,0.811,0.258,0.374,0.335,0.122,0.183,0.449,0.308,0.884,0.449,"1990",FALSE,0,0,42,FALSE
"318","Rory Sparrow","PG",0.738,"MIA",1,0.305,0.497,0.203,0.235,0.549,0.02,0.045,0.2,0.21,0.265,0.43,0.467,0.078,0.079,0.766,0.071,0.1,0.09,0.256,0.199,0.011,0.213,0.377,0.172,"1990",FALSE,0,0,18,FALSE
"319","John Stockton","PG",0.643,"UTA",0.951,0.951,0.825,0.456,0.422,0.685,0.117,0.128,0.416,0.442,0.454,0.528,0.6,0.468,0.444,0.819,0.109,0.148,0.135,0.974,0.841,0.048,0.586,0.628,0.475,"1990",FALSE,0,0.01,55,TRUE
"322","Jon Sundvold","SG",0.667,"MIA",0.768,0.024,0.245,0.143,0.167,0.544,0.109,0.113,0.44,0.108,0.148,0.395,0.52,0.058,0.053,0.846,0.029,0.056,0.046,0.088,0.102,0,0.112,0.186,0.136,"1990",FALSE,0,0,18,FALSE
"323","Roy Tarpley","PF",0.595,"DAL",0.549,0.427,0.466,0.304,0.32,0.601,0,0.007,0,0.327,0.389,0.455,0.501,0.172,0.177,0.756,0.361,0.397,0.385,0.058,0.321,0.186,0.252,0.431,0.268,"1990",FALSE,0,0,47,FALSE
"324","Jay Taylor","SG",0.524,"NJN",0.207,0,0.032,0.02,0.024,0.539,0.007,0.015,0.231,0.019,0.022,0.462,0.481,0.008,0.009,0.667,0.01,0.006,0.007,0.004,0.02,0.008,0.022,0.024,0.018,"1990",FALSE,0,0,17,FALSE
"325","Leonard Taylor","PF",0.548,"GSW",0.122,0,0.01,0,0.003,0,0,0.001,0,0,0.003,0,0,0.015,0.016,0.688,0.008,0.008,0.008,0.001,0,0,0.011,0.011,0.004,"1990",FALSE,0,0,37,FALSE
"326","Terry Teagle","SF",0.69,"GSW",1,0.598,0.673,0.52,0.516,0.64,0.007,0.016,0.214,0.557,0.625,0.483,0.534,0.323,0.302,0.83,0.218,0.251,0.24,0.133,0.37,0.04,0.31,0.623,0.467,"1990",FALSE,0,0,37,FALSE
"327","Reggie Theus","SG",0.762,"ORL",0.927,0.866,0.665,0.5,0.542,0.585,0.065,0.119,0.248,0.511,0.605,0.458,0.5,0.5,0.456,0.853,0.143,0.145,0.144,0.35,0.244,0.032,0.487,0.523,0.508,"1990",FALSE,0,0,18,FALSE
"328","Isiah Thomas","PG",0.667,"DET",0.988,0.988,0.847,0.56,0.608,0.584,0.104,0.153,0.309,0.559,0.669,0.453,0.504,0.386,0.388,0.775,0.141,0.232,0.201,0.657,0.565,0.051,0.694,0.555,0.527,"1990",FALSE,0,0.001,59,TRUE
"329","Billy Thompson","SF",0.619,"MIA",0.963,0.549,0.606,0.363,0.335,0.688,0.005,0.005,0.5,0.388,0.408,0.516,0.574,0.152,0.19,0.622,0.455,0.311,0.36,0.143,0.22,0.237,0.336,0.639,0.306,"1990",FALSE,0,0,18,FALSE
"330","LaSalle Thompson","C",0.667,"IND",1,0.732,0.602,0.216,0.217,0.631,0.002,0.006,0.2,0.231,0.263,0.476,0.528,0.142,0.138,0.799,0.335,0.452,0.412,0.091,0.264,0.189,0.323,0.844,0.196,"1990",FALSE,0,0,42,FALSE
"332","Bob Thornton","PF",0.643,"PHI",0.683,0,0.168,0.046,0.052,0.572,0.002,0.003,0.333,0.049,0.061,0.431,0.481,0.034,0.052,0.51,0.086,0.087,0.087,0.015,0.081,0.032,0.075,0.283,0.043,"1990",FALSE,0,0,53,FALSE
"333","Otis Thorpe","PF",0.643,"HOU",1,1,0.834,0.529,0.459,0.731,0,0.011,0,0.569,0.557,0.554,0.609,0.406,0.459,0.688,0.493,0.473,0.48,0.224,0.268,0.064,0.494,0.728,0.495,"1990",FALSE,0,0,41,FALSE
"334","Sedale Threatt","PG",0.667,"SEA",0.793,0.22,0.419,0.293,0.276,0.675,0.02,0.036,0.25,0.307,0.32,0.52,0.57,0.172,0.162,0.828,0.082,0.071,0.075,0.186,0.264,0.021,0.166,0.442,0.263,"1990",FALSE,0,0,41,FALSE
"335","Wayman Tisdale","PF",0.595,"SAC",0.963,0.963,0.831,0.702,0.636,0.7,0,0.007,0,0.755,0.777,0.527,0.583,0.405,0.402,0.783,0.354,0.407,0.389,0.093,0.22,0.144,0.33,0.677,0.621,"1990",FALSE,0,0,23,FALSE
"336","Tom Tolbert","PF",0.571,"GSW",0.854,0.256,0.381,0.211,0.203,0.657,0.012,0.02,0.278,0.222,0.239,0.502,0.554,0.231,0.248,0.726,0.233,0.239,0.237,0.05,0.093,0.066,0.17,0.515,0.218,"1990",FALSE,0,0,37,FALSE
"338","Kelly Tripucka","SF",0.714,"CHH",0.963,0.89,0.68,0.427,0.474,0.573,0.095,0.117,0.365,0.42,0.522,0.437,0.498,0.41,0.361,0.883,0.157,0.238,0.21,0.192,0.305,0.043,0.379,0.593,0.435,"1990",FALSE,0,0,19,FALSE
"339","Trent Tucker","SG",0.714,"NYK",0.988,0.024,0.488,0.245,0.279,0.556,0.236,0.277,0.388,0.164,0.204,0.438,0.551,0.087,0.088,0.767,0.109,0.116,0.114,0.149,0.301,0.021,0.157,0.429,0.236,"1990",FALSE,0,0,45,FALSE
"341","Henry Turner","PF",0.548,"SAC",0.439,0.012,0.089,0.056,0.056,0.633,0,0.003,0,0.06,0.067,0.487,0.528,0.053,0.067,0.615,0.042,0.028,0.033,0.019,0.069,0.019,0.056,0.108,0.055,"1990",FALSE,0,0,23,FALSE
"342","Jeff Turner","PF",0.643,"ORL",0.732,0.183,0.313,0.128,0.142,0.572,0.005,0.011,0.2,0.135,0.168,0.436,0.48,0.056,0.056,0.778,0.099,0.174,0.148,0.046,0.093,0.032,0.131,0.434,0.109,"1990",FALSE,0,0,18,FALSE
"343","Melvin Turpin","C",0.69,"WSB",0.72,0.146,0.232,0.106,0.096,0.701,0,0.002,0,0.114,0.117,0.531,0.584,0.074,0.073,0.789,0.168,0.132,0.144,0.023,0.061,0.125,0.097,0.364,0.097,"1990",FALSE,0,0,31,FALSE
"345","Kiki Vandeweghe","SF",0.738,"NYK",0.268,0.159,0.159,0.099,0.106,0.589,0.025,0.021,0.526,0.096,0.12,0.434,0.514,0.058,0.049,0.917,0.029,0.038,0.035,0.035,0.061,0.008,0.056,0.075,0.091,"1990",FALSE,0,0,45,FALSE
"347","Sam Vincent","PG",0.619,"ORL",0.768,0.549,0.469,0.25,0.26,0.609,0.002,0.016,0.071,0.267,0.31,0.467,0.509,0.249,0.22,0.879,0.071,0.156,0.127,0.304,0.264,0.053,0.284,0.291,0.249,"1990",FALSE,0,0,18,FALSE
"349","Alexander Volkov","C",0.595,"ATL",0.878,0.049,0.265,0.132,0.131,0.643,0.032,0.038,0.382,0.129,0.141,0.496,0.561,0.093,0.123,0.583,0.099,0.067,0.078,0.071,0.146,0.059,0.112,0.447,0.126,"1990",FALSE,0,0,41,FALSE
"351","Darrell Walker","PG",0.667,"WSB",0.988,0.988,0.816,0.306,0.32,0.605,0.005,0.024,0.095,0.327,0.381,0.465,0.506,0.183,0.207,0.687,0.331,0.537,0.467,0.56,0.565,0.08,0.373,0.593,0.273,"1990",FALSE,0,0,31,FALSE
"352","Kenny Walker","PF",0.595,"NYK",0.829,0.256,0.451,0.197,0.177,0.708,0.005,0.006,0.4,0.21,0.214,0.533,0.593,0.165,0.178,0.723,0.25,0.211,0.224,0.042,0.134,0.138,0.129,0.48,0.189,"1990",FALSE,0,0,45,FALSE
"353","Spud Webb","PG",0.619,"ATL",1,0.561,0.618,0.284,0.283,0.636,0.002,0.021,0.053,0.305,0.337,0.491,0.531,0.214,0.191,0.871,0.073,0.162,0.131,0.41,0.427,0.032,0.304,0.499,0.265,"1990",FALSE,0,0,41,FALSE
"355","Bill Wennington","C",0.619,"DAL",0.732,0.024,0.23,0.102,0.108,0.599,0,0.005,0,0.109,0.13,0.457,0.499,0.079,0.077,0.8,0.122,0.133,0.129,0.035,0.081,0.056,0.108,0.388,0.095,"1990",FALSE,0,0,47,FALSE
"356","Doug West","SG",0.524,"MIN",0.634,0,0.107,0.051,0.062,0.524,0.007,0.012,0.273,0.052,0.07,0.403,0.449,0.034,0.033,0.813,0.046,0.046,0.046,0.015,0.041,0.016,0.067,0.164,0.048,"1990",FALSE,0,0,22,FALSE
"358","Randy White","PF",0.524,"DAL",0.671,0.024,0.2,0.09,0.116,0.492,0.002,0.016,0.071,0.096,0.134,0.387,0.412,0.066,0.092,0.562,0.149,0.094,0.113,0.018,0.098,0.016,0.101,0.334,0.084,"1990",FALSE,0,0,47,FALSE
"359","Mitchell Wiggins","SG",0.714,"HOU",0.805,0.634,0.524,0.402,0.393,0.651,0,0.003,0,0.433,0.479,0.489,0.542,0.254,0.244,0.81,0.254,0.152,0.187,0.089,0.346,0.003,0.188,0.445,0.362,"1990",FALSE,0,0,41,FALSE
"360","Morlon Wiley","PG",0.548,"ORL",0.488,0.024,0.181,0.089,0.096,0.589,0.042,0.052,0.37,0.078,0.091,0.463,0.537,0.037,0.039,0.737,0.025,0.039,0.034,0.098,0.183,0.008,0.136,0.175,0.081,"1990",FALSE,0,0,18,FALSE
"361","Dominique Wilkins","SF",0.714,"ATL",0.976,0.963,0.817,0.783,0.769,0.645,0.147,0.207,0.322,0.781,0.84,0.504,0.558,0.607,0.585,0.807,0.415,0.302,0.341,0.172,0.512,0.125,0.375,0.38,0.755,"1990",FALSE,0,0,41,FALSE
"362","Eddie Lee Wilkins","C",0.643,"NYK",0.963,0,0.275,0.136,0.143,0.607,0,0.002,0,0.147,0.174,0.458,0.506,0.118,0.151,0.605,0.218,0.15,0.173,0.014,0.073,0.048,0.157,0.41,0.131,"1990",FALSE,0,0,45,FALSE
"363","Gerald Wilkins","SG",0.619,"NYK",1,0.976,0.738,0.456,0.475,0.609,0.097,0.141,0.312,0.451,0.512,0.477,0.529,0.275,0.266,0.803,0.254,0.236,0.242,0.284,0.386,0.056,0.418,0.507,0.421,"1990",FALSE,0,0,45,FALSE
"364","Buck Williams","PF",0.69,"POR",1,1,0.793,0.399,0.347,0.731,0,0.001,0,0.43,0.425,0.548,0.609,0.381,0.42,0.706,0.478,0.546,0.523,0.1,0.28,0.104,0.362,0.768,0.393,"1990",FALSE,0,0.005,59,TRUE
"365","Herb Williams","C",0.738,"DAL",0.988,0.232,0.622,0.285,0.306,0.592,0.005,0.01,0.222,0.305,0.37,0.447,0.494,0.143,0.164,0.679,0.145,0.313,0.256,0.102,0.207,0.282,0.228,0.655,0.247,"1990",FALSE,0,0,47,FALSE
"367","John Williams","SF",0.548,"WSB",0.22,0.22,0.179,0.126,0.126,0.632,0.005,0.02,0.111,0.133,0.144,0.5,0.531,0.086,0.086,0.774,0.052,0.108,0.089,0.072,0.085,0.024,0.093,0.089,0.115,"1990",FALSE,0,0,31,FALSE
"371","Kevin Willis","PF",0.643,"ATL",0.988,0.622,0.643,0.404,0.37,0.692,0.005,0.008,0.286,0.433,0.45,0.521,0.578,0.222,0.253,0.683,0.484,0.389,0.422,0.049,0.256,0.125,0.31,0.698,0.355,"1990",FALSE,0,0,41,FALSE
"372","David Wingate","SG",0.619,"SAS",0.951,0.024,0.525,0.213,0.226,0.597,0,0.015,0,0.229,0.27,0.46,0.498,0.115,0.115,0.777,0.119,0.132,0.127,0.179,0.362,0.048,0.274,0.415,0.186,"1990",FALSE,0,0,56,FALSE
"373","Randy Wittman","SF",0.714,"IND",0.744,0,0.154,0.06,0.056,0.677,0.002,0.002,0.5,0.063,0.068,0.508,0.569,0.007,0.006,0.833,0.008,0.026,0.02,0.034,0.028,0.011,0.05,0.057,0.046,"1990",FALSE,0,0,42,FALSE
"374","Joe Wolf","C",0.595,"LAC",0.939,0.232,0.375,0.15,0.18,0.527,0.012,0.028,0.2,0.156,0.207,0.409,0.447,0.073,0.073,0.775,0.12,0.168,0.152,0.053,0.122,0.064,0.166,0.348,0.131,"1990",FALSE,0,0,30,FALSE
"375","Leon Wood","SG",0.643,"NJN",0.341,0.024,0.057,0.015,0.023,0.436,0.01,0.024,0.19,0.012,0.016,0.429,0.408,0.019,0.016,0.875,0.002,0.011,0.008,0.04,0.024,0,0.017,0.043,0.018,"1990",FALSE,0,0,17,FALSE
"376","Mike Woodson","SG",0.738,"HOU",0.744,0.134,0.275,0.155,0.186,0.527,0.03,0.046,0.293,0.154,0.205,0.407,0.456,0.082,0.088,0.721,0.048,0.063,0.058,0.057,0.171,0.029,0.106,0.27,0.139,"1990",FALSE,0,0,41,FALSE
"377","Orlando Woolridge","SF",0.714,"LAL",0.756,0.024,0.402,0.296,0.253,0.741,0,0.006,0,0.318,0.307,0.561,0.618,0.233,0.247,0.733,0.094,0.135,0.121,0.082,0.159,0.122,0.157,0.431,0.278,"1990",FALSE,0,0,63,FALSE
"379","James Worthy","SF",0.667,"LAL",0.976,0.976,0.838,0.688,0.597,0.731,0.037,0.055,0.306,0.724,0.704,0.557,0.616,0.328,0.326,0.782,0.306,0.316,0.312,0.247,0.402,0.13,0.345,0.512,0.595,"1990",FALSE,0,0,63,FALSE
"380","Danny Young","PG",0.643,"POR",1,0.098,0.394,0.133,0.151,0.561,0.04,0.067,0.271,0.127,0.152,0.454,0.494,0.12,0.115,0.813,0.055,0.092,0.08,0.198,0.333,0.011,0.172,0.226,0.135,"1990",FALSE,0,0,59,FALSE
"381","Michael Young","SF",0.69,"LAC",0.549,0.024,0.13,0.089,0.089,0.632,0.02,0.029,0.308,0.087,0.095,0.5,0.55,0.036,0.039,0.711,0.069,0.05,0.056,0.021,0.102,0.008,0.032,0.127,0.077,"1990",FALSE,0,0,30,FALSE
"  2","Mahmoud Abdul-Rauf","PG",0.5,"DEN",0.817,0.232,0.426,0.403,0.464,0.551,0.06,0.113,0.24,0.409,0.513,0.432,0.472,0.111,0.101,0.857,0.065,0.086,0.079,0.177,0.224,0.011,0.237,0.402,0.333,"1991",FALSE,0,0,20,FALSE
"  3","Mark Acres","C",0.667,"ORL",0.829,0,0.372,0.105,0.098,0.679,0.002,0.003,0.333,0.112,0.119,0.512,0.569,0.087,0.104,0.653,0.268,0.217,0.235,0.021,0.102,0.066,0.091,0.588,0.101,"1991",FALSE,0,0,31,FALSE
"  4","Michael Adams","PG",0.667,"DEN",0.805,0.805,0.664,0.542,0.654,0.525,0.415,0.637,0.296,0.409,0.483,0.459,0.503,0.615,0.544,0.879,0.111,0.197,0.167,0.595,0.598,0.016,0.517,0.437,0.619,"1991",FALSE,0,0,20,FALSE
"  5","Mark Aguirre","SF",0.738,"DET",0.951,0.159,0.568,0.406,0.418,0.616,0.06,0.088,0.308,0.412,0.469,0.477,0.528,0.317,0.326,0.757,0.256,0.238,0.244,0.119,0.191,0.053,0.276,0.563,0.39,"1991",FALSE,0,0,50,FALSE
"  6","Danny Ainge","SG",0.738,"POR",0.976,0,0.484,0.326,0.329,0.629,0.254,0.283,0.406,0.245,0.261,0.508,0.603,0.151,0.142,0.826,0.086,0.159,0.134,0.245,0.256,0.035,0.216,0.526,0.314,"1991",FALSE,0,0,63,FALSE
"  7","Mark Alarie","PF",0.643,"WSB",0.512,0.012,0.166,0.096,0.104,0.587,0.012,0.024,0.238,0.098,0.115,0.461,0.501,0.054,0.049,0.854,0.078,0.075,0.076,0.039,0.061,0.021,0.086,0.237,0.086,"1991",FALSE,0,0,30,FALSE
"  8","Steve Alford","PG",0.619,"DAL",0.415,0,0.067,0.057,0.054,0.672,0.017,0.026,0.304,0.054,0.053,0.553,0.593,0.034,0.032,0.839,0.019,0.014,0.016,0.019,0.033,0.003,0.034,0.03,0.053,"1991",FALSE,0,0,28,FALSE
" 10","Nick Anderson","SG",0.548,"ORL",0.854,0.512,0.558,0.387,0.394,0.623,0.042,0.065,0.293,0.399,0.451,0.479,0.53,0.229,0.266,0.668,0.176,0.292,0.252,0.091,0.301,0.117,0.244,0.391,0.35,"1991",FALSE,0,0,31,FALSE
" 11","Ron Anderson","SF",0.762,"PHI",1,0.159,0.662,0.495,0.486,0.647,0.022,0.049,0.209,0.523,0.571,0.497,0.544,0.218,0.204,0.833,0.197,0.262,0.24,0.099,0.264,0.035,0.216,0.439,0.423,"1991",FALSE,0,0,44,FALSE
" 12","Willie Anderson","SG",0.571,"SAS",0.915,0.915,0.734,0.438,0.456,0.609,0.017,0.04,0.2,0.464,0.539,0.467,0.512,0.225,0.219,0.798,0.13,0.281,0.229,0.308,0.321,0.122,0.36,0.609,0.382,"1991",FALSE,0,0,55,FALSE
" 14","B.J. Armstrong","PG",0.548,"CHI",1,0,0.49,0.294,0.291,0.641,0.037,0.034,0.5,0.301,0.34,0.48,0.548,0.128,0.114,0.874,0.048,0.123,0.097,0.259,0.285,0.011,0.231,0.318,0.254,"1991",FALSE,0,0,61,FALSE
" 16","Keith Askins","SF",0.548,"MIA",0.476,0.012,0.075,0.033,0.037,0.56,0.015,0.028,0.24,0.029,0.032,0.5,0.508,0.016,0.026,0.48,0.057,0.038,0.044,0.016,0.065,0.035,0.024,0.124,0.03,"1991",FALSE,0,0,24,FALSE
" 18","Thurl Bailey","PF",0.69,"UTA",1,0.268,0.704,0.386,0.401,0.611,0,0.003,0,0.415,0.49,0.459,0.509,0.29,0.279,0.808,0.193,0.304,0.266,0.107,0.215,0.242,0.28,0.431,0.359,"1991",FALSE,0,0,54,FALSE
" 20","Ken Bannister","PF",0.714,"LAC",0.573,0.037,0.096,0.042,0.037,0.708,0,0.001,0,0.045,0.045,0.538,0.59,0.033,0.067,0.385,0.065,0.062,0.063,0.008,0.02,0.019,0.054,0.197,0.039,"1991",FALSE,0,0,31,FALSE
" 21","Charles Barkley","SF",0.643,"PHI",0.817,0.817,0.707,0.643,0.537,0.76,0.109,0.175,0.284,0.646,0.571,0.614,0.654,0.628,0.677,0.722,0.493,0.419,0.444,0.244,0.447,0.088,0.453,0.466,0.653,"1991",FALSE,2,0.231,44,TRUE
" 22","Dana Barros","PG",0.548,"SEA",0.805,0,0.212,0.149,0.143,0.66,0.08,0.091,0.395,0.127,0.13,0.53,0.608,0.103,0.087,0.918,0.033,0.054,0.046,0.095,0.093,0.003,0.116,0.108,0.148,"1991",FALSE,0,0,41,FALSE
" 23","John Battle","SG",0.667,"ATL",0.963,0.024,0.527,0.384,0.397,0.615,0.035,0.055,0.286,0.399,0.459,0.471,0.521,0.357,0.325,0.854,0.065,0.124,0.104,0.186,0.183,0.016,0.244,0.391,0.381,"1991",FALSE,0,0,43,FALSE
" 25","William Bedford","C",0.643,"DET",0.732,0.049,0.159,0.103,0.111,0.584,0.012,0.015,0.385,0.105,0.129,0.441,0.498,0.073,0.08,0.705,0.105,0.075,0.086,0.027,0.008,0.096,0.069,0.205,0.096,"1991",FALSE,0,0,50,FALSE
" 28","Larry Bird","SF",0.81,"BOS",0.732,0.732,0.644,0.447,0.468,0.605,0.192,0.223,0.389,0.401,0.462,0.47,0.547,0.216,0.188,0.891,0.101,0.453,0.333,0.37,0.439,0.154,0.403,0.318,0.411,"1991",FALSE,0,0.026,56,TRUE
" 29","Rolando Blackman","SG",0.738,"DAL",0.976,0.976,0.839,0.613,0.606,0.643,0.1,0.129,0.351,0.618,0.678,0.494,0.552,0.373,0.335,0.865,0.12,0.192,0.167,0.259,0.28,0.051,0.343,0.412,0.561,"1991",FALSE,0,0,28,FALSE
" 30","Lance Blanks","SG",0.571,"DET",0.463,0,0.061,0.025,0.028,0.568,0.005,0.018,0.125,0.025,0.025,0.533,0.492,0.013,0.014,0.714,0.008,0.016,0.013,0.022,0.037,0.005,0.039,0.094,0.023,"1991",FALSE,0,0,50,FALSE
" 31","Mookie Blaylock","PG",0.548,"NJN",0.878,0.854,0.732,0.418,0.478,0.555,0.035,0.103,0.154,0.435,0.535,0.441,0.47,0.184,0.181,0.79,0.128,0.181,0.163,0.379,0.687,0.106,0.446,0.485,0.359,"1991",FALSE,0,0,26,FALSE
" 32","Muggsy Bogues","PG",0.619,"CHH",0.988,0.561,0.651,0.233,0.241,0.613,0,0.014,0,0.251,0.289,0.471,0.511,0.114,0.111,0.796,0.111,0.157,0.141,0.575,0.557,0.008,0.259,0.431,0.201,"1991",FALSE,0,0,26,FALSE
" 33","Manute Bol","C",0.667,"PHI",1,0.073,0.431,0.063,0.075,0.528,0.002,0.016,0.071,0.067,0.085,0.427,0.443,0.032,0.042,0.585,0.126,0.282,0.229,0.017,0.065,0.657,0.136,0.496,0.055,"1991",FALSE,0,0,44,FALSE
" 35","Sam Bowie","C",0.69,"NJN",0.756,0.622,0.542,0.304,0.333,0.579,0.01,0.025,0.182,0.323,0.395,0.442,0.486,0.224,0.238,0.732,0.337,0.302,0.314,0.126,0.175,0.239,0.304,0.472,0.283,"1991",FALSE,0,0,26,FALSE
" 37","Frank Brickowski","PF",0.738,"MIL",0.915,0.89,0.541,0.36,0.325,0.703,0,0.002,0,0.387,0.397,0.528,0.586,0.262,0.255,0.798,0.247,0.295,0.278,0.113,0.35,0.114,0.345,0.687,0.333,"1991",FALSE,0,0,48,FALSE
" 38","Scott Brooks","PG",0.595,"MIN",0.976,0,0.277,0.154,0.17,0.573,0.112,0.152,0.333,0.119,0.133,0.485,0.546,0.081,0.074,0.847,0.054,0.044,0.047,0.175,0.215,0.013,0.11,0.329,0.15,"1991",FALSE,0,0,29,FALSE
" 39","Chucky Brown","SF",0.524,"CLE",0.902,0.622,0.42,0.254,0.231,0.699,0,0.005,0,0.274,0.281,0.528,0.582,0.134,0.148,0.701,0.149,0.134,0.139,0.069,0.106,0.064,0.203,0.35,0.221,"1991",FALSE,0,0,33,FALSE
" 40","Dee Brown","PG",0.524,"BOS",1,0.061,0.551,0.275,0.282,0.619,0.017,0.038,0.206,0.288,0.326,0.479,0.522,0.181,0.162,0.873,0.078,0.14,0.119,0.296,0.337,0.037,0.295,0.434,0.251,"1991",FALSE,0,0,56,FALSE
" 43","Mark Bryant","PF",0.595,"POR",0.646,0,0.221,0.096,0.093,0.651,0,0.001,0,0.103,0.114,0.49,0.542,0.098,0.104,0.733,0.124,0.124,0.124,0.023,0.061,0.032,0.071,0.323,0.096,"1991",FALSE,0,0,63,FALSE
" 44","Jud Buechler","SF",0.524,"NJN",0.902,0.122,0.243,0.091,0.104,0.555,0.002,0.005,0.25,0.097,0.125,0.419,0.464,0.057,0.068,0.652,0.117,0.079,0.092,0.044,0.134,0.04,0.056,0.213,0.082,"1991",FALSE,0,0,26,FALSE
" 45","Matt Bullard","PF",0.548,"HOU",0.22,0,0.018,0.014,0.014,0.603,0,0.003,0,0.015,0.016,0.5,0.502,0.015,0.017,0.647,0.011,0.008,0.009,0.002,0.012,0,0.006,0.027,0.014,"1991",FALSE,0,0,52,FALSE
" 46","Willie Burton","SF",0.524,"MIA",0.927,0.317,0.546,0.33,0.356,0.588,0.01,0.034,0.133,0.351,0.419,0.454,0.493,0.303,0.301,0.782,0.212,0.15,0.171,0.092,0.293,0.064,0.31,0.741,0.323,"1991",FALSE,0,0,24,FALSE
" 48","Michael Cage","C",0.69,"SEA",1,0.671,0.606,0.219,0.205,0.677,0,0.003,0,0.235,0.249,0.511,0.564,0.093,0.115,0.625,0.338,0.378,0.365,0.076,0.346,0.154,0.179,0.523,0.184,"1991",FALSE,0,0,41,FALSE
" 49","Adrian Caldwell","PF",0.571,"HOU",0.512,0,0.097,0.034,0.038,0.563,0,0.001,0,0.036,0.046,0.427,0.469,0.009,0.017,0.412,0.082,0.057,0.065,0.007,0.077,0.027,0.065,0.094,0.027,"1991",FALSE,0,0,52,FALSE
" 50","Rick Calloway","SG",0.571,"SAC",0.78,0,0.192,0.073,0.088,0.521,0,0.002,0,0.078,0.107,0.395,0.434,0.073,0.081,0.696,0.048,0.053,0.051,0.052,0.089,0.019,0.11,0.264,0.072,"1991",FALSE,0,0,25,FALSE
" 52","Tony Campbell","SG",0.667,"MIN",0.939,0.866,0.819,0.631,0.691,0.579,0.04,0.069,0.262,0.662,0.813,0.441,0.488,0.474,0.459,0.803,0.308,0.184,0.226,0.184,0.492,0.128,0.409,0.55,0.593,"1991",FALSE,0,0,29,FALSE
" 53","Antoine Carr","PF",0.69,"SAC",0.939,0.585,0.715,0.607,0.565,0.681,0,0.003,0,0.653,0.691,0.513,0.568,0.39,0.4,0.758,0.312,0.255,0.275,0.164,0.183,0.269,0.369,0.849,0.548,"1991",FALSE,0,0,25,FALSE
" 56","Terry Catledge","PF",0.643,"ORL",0.622,0.463,0.413,0.282,0.291,0.616,0,0.006,0,0.304,0.354,0.466,0.513,0.213,0.265,0.624,0.321,0.186,0.232,0.05,0.138,0.024,0.231,0.305,0.263,"1991",FALSE,0,0,31,FALSE
" 58","Cedric Ceballos","SF",0.5,"PHO",0.768,0,0.207,0.197,0.193,0.649,0.002,0.007,0.167,0.211,0.233,0.492,0.542,0.146,0.171,0.663,0.147,0.072,0.098,0.03,0.089,0.013,0.149,0.189,0.183,"1991",FALSE,0,0,55,FALSE
" 59","Tom Chambers","PF",0.738,"PHO",0.927,0.915,0.701,0.538,0.585,0.583,0.05,0.082,0.274,0.558,0.676,0.447,0.494,0.501,0.472,0.826,0.199,0.383,0.32,0.167,0.264,0.138,0.381,0.633,0.534,"1991",FALSE,0,0,55,FALSE
" 60","Rex Chapman","PG",0.548,"CHH",0.854,0.829,0.594,0.397,0.424,0.593,0.119,0.167,0.324,0.377,0.437,0.468,0.523,0.31,0.29,0.83,0.086,0.145,0.125,0.215,0.297,0.043,0.282,0.45,0.389,"1991",FALSE,0,0,26,FALSE
" 61","Maurice Cheeks","PG",0.81,"NYK",0.927,0.78,0.608,0.233,0.222,0.665,0.012,0.023,0.25,0.246,0.261,0.51,0.56,0.139,0.133,0.814,0.042,0.15,0.113,0.374,0.52,0.027,0.233,0.372,0.209,"1991",FALSE,0,0,39,FALSE
" 63","Richard Coffey","SF",0.595,"MIN",0.634,0.012,0.091,0.027,0.035,0.497,0,0.001,0,0.029,0.042,0.378,0.414,0.016,0.023,0.545,0.08,0.037,0.052,0.003,0.024,0.011,0.011,0.121,0.024,"1991",FALSE,0,0,29,FALSE
" 64","Derrick Coleman","PF",0.548,"NJN",0.902,0.829,0.736,0.497,0.506,0.623,0.032,0.043,0.342,0.521,0.599,0.472,0.526,0.427,0.455,0.731,0.514,0.487,0.496,0.14,0.289,0.263,0.468,0.585,0.482,"1991",FALSE,0,0,26,FALSE
" 65","Bimbo Coles","PG",0.524,"MIA",1,0.11,0.384,0.157,0.181,0.549,0.015,0.038,0.176,0.162,0.202,0.435,0.467,0.094,0.098,0.747,0.107,0.096,0.1,0.199,0.264,0.032,0.211,0.402,0.142,"1991",FALSE,0,0,24,FALSE
" 66","Steve Colter","PG",0.667,"SAC",0.232,0,0.071,0.022,0.026,0.548,0.012,0.016,0.357,0.019,0.024,0.429,0.506,0.009,0.01,0.7,0.01,0.021,0.017,0.032,0.045,0.003,0.024,0.073,0.02,"1991",FALSE,0,0,25,FALSE
" 68","Anthony Cook","PF",0.548,"DEN",0.707,0.305,0.317,0.114,0.13,0.556,0,0.003,0,0.123,0.158,0.421,0.463,0.094,0.133,0.55,0.256,0.191,0.213,0.022,0.142,0.191,0.108,0.27,0.108,"1991",FALSE,0,0,20,FALSE
" 69","Wayne Cooper","C",0.81,"POR",0.817,0.012,0.211,0.055,0.067,0.524,0,0.001,0,0.059,0.081,0.396,0.437,0.044,0.043,0.786,0.103,0.133,0.123,0.019,0.028,0.162,0.047,0.323,0.052,"1991",FALSE,0,0,63,FALSE
" 70","Tyrone Corbin","SF",0.667,"MIN",1,1,0.905,0.568,0.603,0.597,0.005,0.011,0.2,0.609,0.734,0.45,0.499,0.392,0.382,0.798,0.354,0.401,0.385,0.298,0.659,0.141,0.45,0.693,0.52,"1991",FALSE,0,0,29,FALSE
" 73","Terry Cummings","PF",0.69,"SAS",0.817,0.756,0.621,0.486,0.478,0.645,0.017,0.037,0.212,0.516,0.567,0.493,0.541,0.217,0.247,0.683,0.371,0.325,0.341,0.135,0.248,0.08,0.282,0.606,0.416,"1991",FALSE,0,0,55,FALSE
" 74","Earl Cureton","PF",0.786,"CHH",0.11,0.012,0.045,0.008,0.011,0.444,0,0.001,0,0.008,0.013,0.348,0.37,0.001,0.003,0.333,0.011,0.03,0.024,0.003,0,0.008,0.013,0.043,0.006,"1991",FALSE,0,0,26,FALSE
" 75","Dell Curry","SG",0.619,"CHH",0.927,0.171,0.429,0.326,0.329,0.628,0.08,0.097,0.372,0.317,0.355,0.485,0.549,0.127,0.117,0.842,0.09,0.151,0.13,0.143,0.305,0.066,0.172,0.337,0.283,"1991",FALSE,0,0,26,FALSE
" 76","Quintin Dailey","SG",0.714,"SEA",0.366,0,0.085,0.071,0.071,0.628,0,0.001,0,0.076,0.087,0.474,0.523,0.05,0.064,0.613,0.021,0.021,0.021,0.014,0.028,0.003,0.041,0.067,0.065,"1991",FALSE,0,0,41,FALSE
" 77","Adrian Dantley","SF",0.81,"MIL",0.122,0,0.036,0.018,0.023,0.507,0.002,0.003,0.333,0.019,0.027,0.383,0.433,0.024,0.027,0.692,0.015,0.005,0.008,0.008,0.02,0,0.013,0.022,0.02,"1991",FALSE,0,0,48,FALSE
" 78","Brad Daugherty","C",0.595,"CLE",0.927,0.927,0.834,0.585,0.532,0.699,0,0.003,0,0.63,0.65,0.525,0.582,0.575,0.596,0.751,0.338,0.648,0.542,0.217,0.301,0.122,0.455,0.515,0.581,"1991",FALSE,0,0,33,FALSE
" 79","Brad Davis","PG",0.833,"DAL",0.976,0.073,0.404,0.154,0.172,0.568,0.055,0.096,0.259,0.143,0.162,0.476,0.507,0.12,0.121,0.771,0.025,0.104,0.077,0.198,0.183,0.045,0.166,0.571,0.152,"1991",FALSE,0,0,28,FALSE
" 80","Terry Davis","PF",0.548,"MIA",0.671,0.207,0.282,0.111,0.109,0.649,0.002,0.002,0.5,0.119,0.132,0.487,0.543,0.091,0.128,0.556,0.205,0.158,0.174,0.034,0.073,0.074,0.078,0.348,0.106,"1991",FALSE,0,0,24,FALSE
" 82","Johnny Dawkins","PG",0.643,"PHI",0.049,0.049,0.035,0.025,0.019,0.845,0.002,0.005,0.25,0.026,0.021,0.676,0.718,0.013,0.011,0.909,0,0.016,0.01,0.024,0.012,0,0.017,0.011,0.022,"1991",FALSE,0,0,44,FALSE
" 85","Vlade Divac","C",0.524,"LAL",1,0.988,0.654,0.348,0.293,0.753,0.012,0.016,0.357,0.369,0.351,0.57,0.632,0.259,0.287,0.703,0.392,0.458,0.435,0.079,0.431,0.338,0.315,0.666,0.325,"1991",FALSE,0,0,58,FALSE
" 87","Sherman Douglas","PG",0.571,"MIA",0.89,0.89,0.725,0.515,0.486,0.672,0.01,0.035,0.129,0.549,0.578,0.516,0.562,0.376,0.426,0.686,0.149,0.13,0.137,0.536,0.492,0.013,0.582,0.48,0.477,"1991",FALSE,0,0,24,FALSE
" 88","Greg Dreiling","C",0.667,"IND",0.89,0.512,0.292,0.095,0.089,0.673,0,0.002,0,0.102,0.108,0.51,0.561,0.083,0.108,0.6,0.126,0.188,0.167,0.044,0.098,0.077,0.123,0.48,0.091,"1991",FALSE,0,0,41,FALSE
" 89","Larry Drew","PG",0.762,"LAL",0.585,0.024,0.14,0.052,0.058,0.576,0.035,0.037,0.424,0.042,0.052,0.435,0.542,0.022,0.023,0.773,0.01,0.029,0.022,0.101,0.061,0.003,0.106,0.108,0.049,"1991",FALSE,0,0,58,FALSE
" 90","Clyde Drexler","SG",0.667,"POR",1,1,0.807,0.624,0.616,0.643,0.152,0.216,0.319,0.608,0.647,0.509,0.561,0.55,0.539,0.794,0.405,0.332,0.357,0.424,0.585,0.16,0.5,0.609,0.624,"1991",FALSE,1,0.078,63,TRUE
" 91","Kevin Duckworth","C",0.619,"POR",0.988,0.988,0.711,0.504,0.499,0.641,0,0.002,0,0.542,0.61,0.482,0.534,0.317,0.32,0.772,0.338,0.352,0.347,0.076,0.134,0.09,0.401,0.677,0.453,"1991",FALSE,0,0,63,FALSE
" 93","Joe Dumars","SG",0.643,"DET",0.976,0.976,0.862,0.602,0.595,0.641,0.035,0.051,0.311,0.633,0.703,0.488,0.541,0.491,0.429,0.89,0.119,0.124,0.122,0.381,0.362,0.019,0.407,0.364,0.575,"1991",FALSE,0,0.008,50,TRUE
" 94","T.R. Dunn","SG",0.833,"DEN",0.207,0.037,0.061,0.02,0.022,0.596,0.002,0.005,0.25,0.021,0.024,0.465,0.508,0.012,0.01,0.9,0.038,0.022,0.027,0.021,0.049,0.003,0.015,0.081,0.018,"1991",FALSE,0,0,20,FALSE
" 95","Ledell Eackles","SG",0.571,"WSB",0.817,0.207,0.457,0.334,0.351,0.604,0.035,0.067,0.237,0.344,0.397,0.471,0.513,0.217,0.228,0.739,0.09,0.08,0.084,0.117,0.191,0.027,0.248,0.326,0.306,"1991",FALSE,0,0,30,FALSE
" 97","Blue Edwards","SF",0.595,"UTA",0.756,0.683,0.456,0.236,0.214,0.701,0.015,0.027,0.25,0.248,0.248,0.541,0.591,0.108,0.12,0.701,0.098,0.149,0.131,0.093,0.232,0.077,0.226,0.547,0.203,"1991",FALSE,0,0,54,FALSE
" 98","James Edwards","C",0.833,"DET",0.878,0.854,0.539,0.37,0.364,0.645,0.002,0.002,0.5,0.398,0.446,0.484,0.538,0.284,0.303,0.729,0.174,0.185,0.181,0.056,0.049,0.08,0.272,0.671,0.347,"1991",FALSE,0,0,50,FALSE
" 99","Kevin Edwards","SG",0.595,"MIA",0.963,0.195,0.566,0.368,0.427,0.547,0.06,0.095,0.286,0.37,0.475,0.422,0.47,0.226,0.219,0.803,0.153,0.124,0.134,0.206,0.524,0.122,0.351,0.407,0.337,"1991",FALSE,0,0,24,FALSE
"100","Craig Ehlo","SG",0.69,"CLE",1,0.829,0.783,0.333,0.356,0.593,0.122,0.168,0.329,0.307,0.352,0.473,0.53,0.126,0.144,0.679,0.272,0.244,0.254,0.323,0.492,0.09,0.345,0.563,0.294,"1991",FALSE,0,0,33,FALSE
"102","Sean Elliott","SF",0.524,"SAS",1,1,0.862,0.462,0.449,0.653,0.05,0.072,0.313,0.477,0.514,0.502,0.556,0.43,0.414,0.808,0.272,0.312,0.298,0.204,0.28,0.088,0.317,0.512,0.459,"1991",FALSE,0,0,55,FALSE
"104","Pervis Ellison","C",0.548,"WSB",0.927,0.366,0.55,0.315,0.293,0.684,0,0.007,0,0.339,0.355,0.517,0.57,0.184,0.22,0.65,0.428,0.358,0.382,0.088,0.199,0.418,0.315,0.722,0.279,"1991",FALSE,0,0,30,FALSE
"105","A.J. English","SG",0.548,"WSB",0.854,0.146,0.408,0.243,0.263,0.585,0.007,0.035,0.097,0.258,0.305,0.458,0.49,0.147,0.162,0.707,0.126,0.08,0.096,0.152,0.102,0.04,0.246,0.342,0.218,"1991",FALSE,0,0,30,FALSE
"106","Alex English","SF",0.881,"DAL",0.963,0.317,0.495,0.311,0.338,0.585,0,0.001,0,0.335,0.413,0.439,0.488,0.157,0.144,0.85,0.207,0.145,0.166,0.09,0.163,0.066,0.218,0.38,0.269,"1991",FALSE,0,0,28,FALSE
"107","Patrick Ewing","C",0.667,"NYK",0.988,0.988,0.879,0.817,0.757,0.685,0,0.007,0,0.879,0.924,0.516,0.571,0.614,0.641,0.745,0.371,0.706,0.592,0.21,0.325,0.686,0.627,0.774,0.761,"1991",FALSE,0,0.021,39,TRUE
"109","Dave Feitl","C",0.667,"HOU",0.634,0.024,0.105,0.05,0.064,0.495,0,0.003,0,0.054,0.077,0.38,0.412,0.044,0.045,0.75,0.055,0.071,0.065,0.007,0.012,0.032,0.054,0.14,0.048,"1991",FALSE,0,0,52,FALSE
"110","Duane Ferrell","SF",0.595,"ATL",0.951,0.024,0.33,0.168,0.164,0.652,0.005,0.003,0.667,0.179,0.199,0.487,0.547,0.165,0.16,0.801,0.185,0.081,0.117,0.047,0.134,0.072,0.168,0.407,0.168,"1991",FALSE,0,0,43,FALSE
"111","Danny Ferry","PF",0.571,"CLE",0.988,0.024,0.47,0.266,0.296,0.571,0.057,0.087,0.299,0.262,0.319,0.445,0.496,0.164,0.156,0.816,0.189,0.186,0.187,0.122,0.175,0.066,0.259,0.62,0.246,"1991",FALSE,0,0,33,FALSE
"112","Vern Fleming","PG",0.667,"IND",0.841,0.549,0.546,0.344,0.309,0.708,0.01,0.02,0.222,0.366,0.368,0.539,0.593,0.213,0.227,0.729,0.159,0.13,0.14,0.317,0.309,0.035,0.295,0.313,0.31,"1991",FALSE,0,0,41,FALSE
"113","Sleepy Floyd","PG",0.714,"HOU",1,0.049,0.524,0.373,0.432,0.548,0.119,0.199,0.273,0.352,0.43,0.443,0.486,0.245,0.253,0.752,0.099,0.106,0.104,0.272,0.386,0.045,0.302,0.329,0.355,"1991",FALSE,0,0,52,FALSE
"114","Greg Foster","PF",0.524,"WSB",0.659,0.037,0.172,0.094,0.097,0.613,0,0.006,0,0.101,0.116,0.471,0.511,0.056,0.063,0.689,0.099,0.098,0.099,0.032,0.049,0.059,0.097,0.302,0.083,"1991",FALSE,0,0,30,FALSE
"116","Corey Gaines","SG",0.595,"DEN",0.122,0.024,0.064,0.027,0.032,0.533,0.012,0.024,0.238,0.024,0.028,0.469,0.484,0.029,0.027,0.846,0.008,0.01,0.009,0.078,0.041,0.005,0.05,0.067,0.029,"1991",FALSE,0,0,20,FALSE
"117","Kevin Gamble","SF",0.595,"BOS",1,0.927,0.766,0.53,0.429,0.783,0,0.008,0,0.57,0.522,0.592,0.652,0.245,0.234,0.815,0.163,0.181,0.175,0.22,0.407,0.09,0.319,0.639,0.452,"1991",FALSE,0,0,56,FALSE
"118","Winston Garland","PG",0.619,"LAC",0.841,0.317,0.482,0.214,0.239,0.568,0.01,0.029,0.154,0.226,0.278,0.44,0.478,0.156,0.162,0.752,0.088,0.151,0.129,0.272,0.394,0.027,0.25,0.509,0.199,"1991",FALSE,0,0,31,FALSE
"119","Tom Garrick","SG",0.571,"LAC",0.817,0,0.269,0.097,0.109,0.565,0,0.025,0,0.104,0.121,0.467,0.471,0.079,0.081,0.759,0.076,0.086,0.083,0.192,0.252,0.005,0.142,0.272,0.092,"1991",FALSE,0,0,31,FALSE
"120","Kenny Gattison","PF",0.619,"CHH",0.878,0.073,0.439,0.235,0.21,0.709,0,0.002,0,0.253,0.257,0.534,0.591,0.217,0.255,0.661,0.26,0.241,0.248,0.038,0.195,0.178,0.22,0.569,0.23,"1991",FALSE,0,0,26,FALSE
"121","Tate George","PG",0.524,"NJN",0.683,0.134,0.168,0.077,0.089,0.553,0,0.002,0,0.083,0.108,0.419,0.461,0.042,0.041,0.8,0.036,0.028,0.031,0.089,0.102,0.013,0.091,0.156,0.068,"1991",FALSE,0,0,26,FALSE
"122","Derrick Gervin","PF",0.643,"NJN",0.683,0.049,0.21,0.159,0.181,0.555,0.017,0.032,0.25,0.163,0.206,0.429,0.472,0.119,0.117,0.789,0.076,0.07,0.072,0.026,0.077,0.051,0.097,0.237,0.15,"1991",FALSE,0,0,26,FALSE
"123","Kendall Gill","SG",0.524,"CHH",1,0.439,0.55,0.364,0.385,0.6,0.005,0.016,0.143,0.389,0.464,0.455,0.501,0.201,0.187,0.835,0.201,0.157,0.172,0.26,0.423,0.104,0.351,0.501,0.32,"1991",FALSE,0,0,26,FALSE
"125","Gerald Glass","SF",0.548,"MIN",0.622,0.037,0.172,0.144,0.156,0.584,0.005,0.019,0.118,0.153,0.182,0.455,0.49,0.069,0.078,0.684,0.103,0.048,0.067,0.036,0.114,0.024,0.088,0.205,0.124,"1991",FALSE,0,0,29,FALSE
"127","Dan Godfread","C",0.548,"MIN",0.122,0,0.006,0.005,0.006,0.556,0,0.001,0,0.005,0.006,0.455,0.463,0.004,0.004,0.75,0,0.002,0.001,0,0.004,0.011,0,0.013,0.005,"1991",FALSE,0,0,29,FALSE
"128","Jim Grandholm","PF",0.714,"DAL",0.317,0,0.048,0.029,0.027,0.689,0.022,0.019,0.529,0.022,0.023,0.512,0.661,0.013,0.022,0.476,0.038,0.03,0.033,0.007,0.008,0.021,0.024,0.089,0.028,"1991",FALSE,0,0,28,FALSE
"129","Gary Grant","PG",0.595,"LAC",0.829,0.793,0.596,0.256,0.27,0.601,0.022,0.044,0.231,0.266,0.309,0.467,0.51,0.067,0.076,0.689,0.132,0.139,0.137,0.504,0.419,0.032,0.453,0.518,0.208,"1991",FALSE,0,0,31,FALSE
"130","Greg Grant","PG",0.571,"NYK",0.268,0,0.03,0.01,0.012,0.493,0.002,0.003,0.333,0.009,0.014,0.375,0.432,0.007,0.006,0.833,0.002,0.009,0.007,0.017,0.037,0,0.022,0.032,0.009,"1991",FALSE,0,0,39,FALSE
"131","Harvey Grant","PF",0.595,"WSB",0.939,0.927,0.804,0.589,0.563,0.664,0.005,0.017,0.133,0.632,0.682,0.502,0.553,0.245,0.256,0.743,0.342,0.375,0.364,0.175,0.37,0.162,0.269,0.625,0.496,"1991",FALSE,0,0,30,FALSE
"132","Horace Grant","PF",0.595,"CHI",0.951,0.927,0.748,0.388,0.337,0.729,0.002,0.007,0.167,0.416,0.41,0.55,0.609,0.261,0.285,0.711,0.509,0.39,0.431,0.153,0.386,0.184,0.198,0.547,0.353,"1991",FALSE,0,0,61,FALSE
"134","Jeff Grayer","SG",0.595,"MIL",1,0.085,0.402,0.203,0.223,0.577,0,0.003,0,0.219,0.272,0.436,0.481,0.134,0.151,0.687,0.212,0.134,0.161,0.106,0.195,0.024,0.185,0.264,0.184,"1991",FALSE,0,0,48,FALSE
"135","A.C. Green","PF",0.643,"LAL",1,0.256,0.613,0.25,0.249,0.635,0.027,0.062,0.2,0.257,0.275,0.507,0.54,0.295,0.311,0.738,0.384,0.313,0.337,0.061,0.24,0.061,0.213,0.315,0.265,"1991",FALSE,0,0,58,FALSE
"136","Rickey Green","PG",0.857,"PHI",0.963,0.915,0.636,0.323,0.332,0.617,0.02,0.041,0.222,0.339,0.387,0.475,0.52,0.155,0.145,0.83,0.063,0.103,0.09,0.355,0.232,0.016,0.233,0.35,0.28,"1991",FALSE,0,0,44,FALSE
"137","Sidney Green","PF",0.714,"SAS",0.805,0.085,0.311,0.171,0.177,0.615,0,0.003,0,0.184,0.215,0.465,0.512,0.118,0.108,0.848,0.187,0.214,0.205,0.045,0.13,0.035,0.192,0.464,0.156,"1991",FALSE,0,0,55,FALSE
"138","Dave Greenwood","PF",0.786,"SAS",0.768,0.134,0.288,0.082,0.078,0.671,0,0.002,0,0.088,0.094,0.509,0.559,0.091,0.097,0.734,0.117,0.159,0.144,0.045,0.118,0.066,0.153,0.464,0.084,"1991",FALSE,0,0,55,FALSE
"139","Darrell Griffith","SG",0.762,"UTA",0.915,0.024,0.284,0.168,0.205,0.521,0.119,0.156,0.348,0.131,0.173,0.41,0.494,0.045,0.046,0.756,0.033,0.072,0.059,0.032,0.171,0.019,0.103,0.27,0.152,"1991",FALSE,0,0,54,FALSE
"140","Scott Haffner","PG",0.571,"CHH",0.085,0,0.014,0.008,0.01,0.508,0,0.002,0,0.008,0.011,0.421,0.423,0.001,0.002,0.5,0.004,0.002,0.003,0.008,0.012,0.003,0.009,0.011,0.006,"1991",FALSE,0,0,26,FALSE
"142","Tom Hammonds","PF",0.548,"WSB",0.854,0.085,0.29,0.15,0.155,0.615,0,0.005,0,0.161,0.187,0.467,0.512,0.075,0.081,0.722,0.111,0.147,0.135,0.037,0.061,0.019,0.116,0.291,0.13,"1991",FALSE,0,0,30,FALSE
"143","Bob Hansen","SG",0.714,"SAC",0.439,0.293,0.23,0.093,0.118,0.5,0.047,0.078,0.275,0.08,0.105,0.412,0.458,0.024,0.037,0.5,0.063,0.063,0.063,0.077,0.081,0.013,0.073,0.194,0.081,"1991",FALSE,0,0,25,FALSE
"144","Tim Hardaway","PG",0.571,"GSW",1,1,0.91,0.715,0.714,0.635,0.241,0.284,0.385,0.668,0.733,0.494,0.564,0.405,0.392,0.803,0.166,0.243,0.217,0.681,0.87,0.032,0.582,0.615,0.664,"1991",FALSE,0,0.001,44,TRUE
"145","Derek Harper","PG",0.69,"DAL",0.939,0.939,0.815,0.553,0.564,0.623,0.221,0.278,0.362,0.503,0.553,0.493,0.559,0.378,0.402,0.731,0.113,0.173,0.152,0.471,0.598,0.037,0.381,0.598,0.536,"1991",FALSE,0,0,28,FALSE
"146","Ron Harper","SG",0.643,"LAC",0.476,0.415,0.391,0.276,0.335,0.521,0.119,0.167,0.324,0.247,0.328,0.408,0.471,0.192,0.223,0.668,0.111,0.129,0.123,0.18,0.268,0.093,0.278,0.299,0.269,"1991",FALSE,0,0,31,FALSE
"147","Tony Harris","SG",0.548,"PHI",0.073,0,0.012,0.004,0.007,0.333,0,0.002,0,0.004,0.008,0.286,0.278,0.003,0.004,0.5,0,0.001,0.001,0,0.004,0,0.006,0.013,0.004,"1991",FALSE,0,0,44,FALSE
"148","Scott Hastings","PF",0.714,"DET",0.329,0,0.032,0.015,0.013,0.761,0.007,0.005,0.75,0.014,0.014,0.542,0.694,0.017,0.013,1,0.027,0.014,0.018,0.006,0,0,0.015,0.062,0.017,"1991",FALSE,0,0,50,FALSE
"149","Hersey Hawkins","SG",0.571,"PHI",0.976,0.976,0.88,0.571,0.576,0.629,0.269,0.305,0.4,0.502,0.553,0.491,0.572,0.634,0.566,0.871,0.092,0.26,0.203,0.257,0.724,0.104,0.459,0.491,0.624,"1991",FALSE,0,0,44,FALSE
"150","Gerald Henderson","PG",0.833,"DET",0.28,0.122,0.111,0.048,0.054,0.569,0.017,0.024,0.333,0.045,0.054,0.448,0.508,0.021,0.022,0.762,0.015,0.029,0.024,0.053,0.049,0.005,0.06,0.116,0.043,"1991",FALSE,0,0,50,FALSE
"151","Steve Henson","PG",0.524,"MIL",0.829,0,0.195,0.076,0.087,0.557,0.045,0.061,0.333,0.063,0.076,0.452,0.518,0.05,0.043,0.905,0.027,0.037,0.033,0.113,0.13,0,0.093,0.224,0.076,"1991",FALSE,0,0,48,FALSE
"153","Rod Higgins","SF",0.738,"GSW",1,0.11,0.573,0.25,0.257,0.617,0.182,0.248,0.332,0.194,0.191,0.549,0.588,0.245,0.233,0.819,0.208,0.243,0.231,0.097,0.211,0.098,0.14,0.534,0.274,"1991",FALSE,0,0,44,FALSE
"154","Sean Higgins","SF",0.524,"SAS",0.61,0,0.131,0.094,0.098,0.611,0.007,0.021,0.158,0.098,0.109,0.487,0.517,0.037,0.034,0.848,0.034,0.045,0.041,0.03,0.033,0.003,0.106,0.143,0.079,"1991",FALSE,0,0,55,FALSE
"157","Craig Hodges","SG",0.714,"CHI",0.89,0,0.239,0.141,0.158,0.565,0.109,0.13,0.383,0.106,0.129,0.445,0.542,0.034,0.028,0.963,0.019,0.032,0.027,0.083,0.138,0.005,0.075,0.199,0.128,"1991",FALSE,0,0,61,FALSE
"159","Dennis Hopson","SF",0.595,"CHI",0.744,0,0.206,0.101,0.112,0.568,0.002,0.006,0.2,0.107,0.135,0.431,0.476,0.073,0.085,0.663,0.094,0.06,0.071,0.056,0.102,0.037,0.127,0.213,0.093,"1991",FALSE,0,0,61,FALSE
"160","Jeff Hornacek","SG",0.643,"PHO",0.976,0.939,0.774,0.526,0.484,0.691,0.152,0.165,0.418,0.503,0.51,0.534,0.608,0.266,0.23,0.897,0.141,0.245,0.21,0.351,0.451,0.043,0.28,0.499,0.477,"1991",FALSE,0,0,55,FALSE
"161","Jay Humphries","PG",0.667,"MIL",0.976,0.976,0.772,0.466,0.442,0.669,0.149,0.182,0.373,0.439,0.451,0.528,0.592,0.253,0.246,0.799,0.109,0.162,0.144,0.462,0.524,0.019,0.325,0.639,0.429,"1991",FALSE,0,0,48,FALSE
"162","Byron Irvin","SG",0.571,"WSB",0.402,0.049,0.089,0.058,0.059,0.62,0.002,0.006,0.2,0.061,0.07,0.476,0.521,0.066,0.063,0.82,0.046,0.021,0.029,0.021,0.061,0.005,0.034,0.086,0.06,"1991",FALSE,0,0,30,FALSE
"163","Mark Jackson","PG",0.595,"NYK",0.878,0.256,0.451,0.242,0.234,0.656,0.032,0.058,0.255,0.247,0.258,0.519,0.561,0.155,0.165,0.731,0.119,0.134,0.129,0.388,0.244,0.024,0.291,0.218,0.222,"1991",FALSE,0,0,39,FALSE
"164","Dave Jamerson","SG",0.548,"HOU",0.451,0,0.057,0.042,0.052,0.508,0.012,0.021,0.263,0.04,0.053,0.404,0.448,0.029,0.028,0.815,0.017,0.021,0.02,0.023,0.024,0.003,0.043,0.065,0.04,"1991",FALSE,0,0,52,FALSE
"165","Henry James","PF",0.595,"CLE",0.451,0.049,0.143,0.108,0.117,0.588,0.06,0.068,0.4,0.092,0.109,0.454,0.542,0.069,0.074,0.722,0.05,0.053,0.052,0.027,0.061,0.013,0.08,0.159,0.106,"1991",FALSE,0,0,33,FALSE
"166","Les Jepsen","C",0.548,"GSW",0.256,0,0.03,0.011,0.017,0.408,0,0.001,0,0.011,0.02,0.314,0.34,0.008,0.009,0.667,0.033,0.02,0.024,0.001,0.004,0.008,0.006,0.043,0.01,"1991",FALSE,0,0,44,FALSE
"168","Buck Johnson","SF",0.643,"HOU",0.89,0.854,0.645,0.402,0.402,0.636,0.005,0.017,0.133,0.431,0.484,0.483,0.531,0.208,0.222,0.727,0.207,0.22,0.216,0.122,0.329,0.125,0.263,0.647,0.35,"1991",FALSE,0,0,52,FALSE
"170","Kevin Johnson","PG",0.571,"PHO",0.939,0.927,0.785,0.572,0.527,0.688,0.022,0.05,0.205,0.606,0.621,0.529,0.578,0.687,0.634,0.843,0.103,0.215,0.177,0.671,0.663,0.029,0.58,0.469,0.604,"1991",FALSE,0,0.033,55,TRUE
"171","Magic Johnson","PG",0.738,"LAL",0.963,0.963,0.83,0.451,0.449,0.636,0.199,0.282,0.32,0.402,0.409,0.532,0.576,0.687,0.59,0.906,0.201,0.443,0.36,0.85,0.415,0.045,0.677,0.404,0.541,"1991",FALSE,10,0.518,58,TRUE
"173","Vinnie Johnson","SG",0.81,"DET",1,0.341,0.676,0.393,0.431,0.579,0.027,0.038,0.324,0.411,0.509,0.438,0.489,0.179,0.215,0.646,0.21,0.169,0.183,0.233,0.305,0.04,0.254,0.447,0.338,"1991",FALSE,0,0,50,FALSE
"175","Michael Jordan","SG",0.643,"CHI",1,1,0.859,0.957,0.845,0.719,0.072,0.105,0.312,1,0.984,0.551,0.608,0.755,0.69,0.851,0.226,0.371,0.322,0.389,0.907,0.221,0.435,0.617,0.911,"1991",TRUE,77,0.928,61,TRUE
"176","Shawn Kemp","PF",0.5,"SEA",0.988,0.805,0.691,0.447,0.418,0.677,0.005,0.014,0.167,0.479,0.506,0.513,0.566,0.381,0.449,0.661,0.511,0.409,0.444,0.124,0.313,0.327,0.435,0.86,0.429,"1991",FALSE,0,0,41,FALSE
"177","Steve Kerr","PG",0.595,"CLE",0.695,0.049,0.256,0.096,0.103,0.592,0.07,0.07,0.452,0.074,0.091,0.441,0.563,0.06,0.055,0.849,0.01,0.032,0.024,0.113,0.118,0.011,0.086,0.14,0.096,"1991",FALSE,0,0,33,FALSE
"178","Jerome Kersey","SF",0.667,"POR",0.89,0.878,0.668,0.41,0.408,0.637,0.01,0.015,0.308,0.437,0.493,0.481,0.533,0.307,0.336,0.709,0.323,0.31,0.314,0.195,0.411,0.202,0.321,0.677,0.383,"1991",FALSE,0,0,63,FALSE
"179","Alec Kessler","C",0.571,"MIA",0.951,0.22,0.356,0.192,0.215,0.567,0,0.005,0,0.207,0.262,0.429,0.472,0.116,0.135,0.672,0.22,0.219,0.22,0.027,0.069,0.069,0.233,0.509,0.172,"1991",FALSE,0,0,24,FALSE
"180","Randolph Keys","SF",0.571,"CHH",0.537,0,0.134,0.057,0.067,0.543,0.007,0.016,0.214,0.058,0.074,0.427,0.463,0.025,0.034,0.576,0.076,0.06,0.065,0.015,0.089,0.04,0.075,0.251,0.049,"1991",FALSE,0,0,26,FALSE
"181","Bo Kimble","SG",0.571,"LAC",0.756,0.268,0.284,0.154,0.192,0.507,0.047,0.073,0.292,0.146,0.199,0.397,0.448,0.122,0.122,0.773,0.08,0.076,0.078,0.065,0.122,0.021,0.166,0.426,0.151,"1991",FALSE,0,0,31,FALSE
"182","Bernard King","SF",0.81,"WSB",0.78,0.78,0.68,0.69,0.695,0.629,0.02,0.042,0.216,0.734,0.831,0.478,0.528,0.507,0.499,0.79,0.218,0.204,0.208,0.251,0.228,0.043,0.55,0.504,0.642,"1991",FALSE,0,0.007,30,TRUE
"183","Stacey King","PF",0.571,"CHI",0.927,0.073,0.339,0.151,0.154,0.623,0,0.002,0,0.162,0.187,0.47,0.519,0.142,0.156,0.704,0.138,0.135,0.136,0.056,0.098,0.112,0.196,0.361,0.148,"1991",FALSE,0,0,61,FALSE
"185","Joe Kleine","C",0.69,"BOS",0.878,0.012,0.241,0.099,0.1,0.624,0,0.002,0,0.106,0.122,0.472,0.52,0.071,0.071,0.783,0.136,0.172,0.159,0.018,0.061,0.037,0.114,0.291,0.091,"1991",FALSE,0,0,56,FALSE
"186","Negele Knight","PG",0.548,"PHO",0.78,0.073,0.224,0.127,0.142,0.567,0.015,0.028,0.24,0.13,0.16,0.442,0.483,0.094,0.121,0.602,0.038,0.051,0.046,0.164,0.081,0.019,0.164,0.224,0.12,"1991",FALSE,0,0,55,FALSE
"188","Jon Koncak","C",0.643,"ATL",0.939,0.744,0.547,0.135,0.148,0.581,0.002,0.009,0.125,0.145,0.177,0.444,0.487,0.042,0.056,0.593,0.193,0.272,0.245,0.107,0.301,0.202,0.108,0.714,0.111,"1991",FALSE,0,0,43,FALSE
"189","Frank Kornet","PF",0.571,"MIL",0.39,0,0.044,0.022,0.029,0.495,0.012,0.02,0.278,0.019,0.025,0.409,0.457,0.009,0.013,0.538,0.019,0.014,0.016,0.008,0.02,0.003,0.024,0.075,0.02,"1991",FALSE,0,0,48,FALSE
"190","Bill Laimbeer","C",0.786,"DET",1,0.988,0.755,0.36,0.358,0.637,0.092,0.141,0.296,0.349,0.368,0.513,0.558,0.163,0.151,0.837,0.331,0.56,0.482,0.135,0.154,0.149,0.211,0.652,0.319,"1991",FALSE,0,0,50,FALSE
"191","Jerome Lane","PF",0.571,"DEN",0.756,0.305,0.391,0.195,0.212,0.584,0.002,0.005,0.25,0.209,0.258,0.44,0.488,0.077,0.145,0.411,0.535,0.296,0.378,0.106,0.207,0.037,0.226,0.518,0.163,"1991",FALSE,0,0,20,FALSE
"192","Andrew Lang","C",0.571,"PHO",0.768,0.22,0.326,0.105,0.087,0.769,0,0.001,0,0.113,0.106,0.58,0.641,0.123,0.134,0.715,0.216,0.189,0.198,0.023,0.069,0.338,0.097,0.453,0.11,"1991",FALSE,0,0,55,FALSE
"194","Kurk Lee","PG",0.548,"NJN",0.585,0,0.075,0.018,0.033,0.357,0.007,0.017,0.2,0.017,0.032,0.286,0.321,0.033,0.029,0.893,0.013,0.023,0.02,0.029,0.045,0.005,0.043,0.105,0.023,"1991",FALSE,0,0,26,FALSE
"195","Tim Legler","SG",0.571,"DEN",0.122,0,0.042,0.024,0.033,0.463,0.007,0.014,0.25,0.023,0.034,0.367,0.409,0.007,0.006,0.833,0.015,0.01,0.012,0.01,0.008,0,0.009,0.054,0.02,"1991",FALSE,0,0,20,FALSE
"197","Jim Les","PG",0.643,"SAC",0.671,0.098,0.396,0.115,0.123,0.592,0.177,0.174,0.461,0.05,0.064,0.421,0.64,0.114,0.106,0.835,0.034,0.092,0.073,0.257,0.232,0.011,0.162,0.38,0.139,"1991",FALSE,0,0,25,FALSE
"198","Clifford Lett","PG",0.595,"SAS",0.085,0,0.028,0.014,0.013,0.644,0,0.001,0,0.015,0.016,0.5,0.537,0.008,0.009,0.667,0.002,0.006,0.005,0.006,0.008,0.003,0.017,0.024,0.012,"1991",FALSE,0,0,55,FALSE
"199","Fat Lever","SG",0.714,"DAL",0.049,0,0.024,0.009,0.011,0.521,0,0.003,0,0.009,0.011,0.45,0.434,0.015,0.014,0.786,0.006,0.012,0.01,0.01,0.024,0.008,0.022,0.013,0.01,"1991",FALSE,0,0,28,FALSE
"200","Cliff Levingston","PF",0.714,"CHI",0.951,0,0.287,0.123,0.13,0.6,0.002,0.005,0.25,0.131,0.157,0.453,0.502,0.078,0.094,0.648,0.189,0.125,0.147,0.048,0.118,0.114,0.108,0.385,0.111,"1991",FALSE,0,0,61,FALSE
"201","Reggie Lewis","SG",0.595,"BOS",0.963,0.963,0.815,0.578,0.561,0.655,0.002,0.015,0.077,0.621,0.68,0.495,0.546,0.372,0.35,0.826,0.228,0.289,0.268,0.173,0.398,0.226,0.317,0.631,0.522,"1991",FALSE,0,0,56,FALSE
"202","Marcus Liberty","SF",0.524,"DEN",0.927,0.22,0.331,0.209,0.236,0.561,0.042,0.064,0.298,0.207,0.257,0.436,0.487,0.077,0.095,0.63,0.224,0.103,0.144,0.055,0.195,0.051,0.153,0.412,0.179,"1991",FALSE,0,0,20,FALSE
"203","Todd Lichti","SG",0.571,"DEN",0.354,0.305,0.243,0.161,0.174,0.585,0.035,0.053,0.298,0.158,0.187,0.459,0.509,0.078,0.071,0.855,0.094,0.063,0.073,0.062,0.187,0.021,0.071,0.175,0.143,"1991",FALSE,0,0,20,FALSE
"204","Alton Lister","C",0.762,"GSW",0.939,0.793,0.439,0.182,0.181,0.637,0,0.001,0,0.196,0.221,0.48,0.531,0.152,0.208,0.569,0.231,0.359,0.316,0.08,0.081,0.239,0.228,0.76,0.173,"1991",FALSE,0,0,44,FALSE
"206","Brad Lohaus","PF",0.619,"MIL",0.988,0.037,0.345,0.173,0.191,0.575,0.082,0.134,0.277,0.152,0.167,0.493,0.523,0.049,0.056,0.685,0.113,0.157,0.142,0.064,0.203,0.197,0.129,0.458,0.151,"1991",FALSE,0,0,48,FALSE
"207","Grant Long","PF",0.571,"MIA",0.976,0.805,0.712,0.267,0.258,0.656,0.002,0.007,0.167,0.286,0.313,0.495,0.548,0.239,0.237,0.787,0.43,0.341,0.371,0.151,0.484,0.114,0.336,0.795,0.259,"1991",FALSE,0,0,24,FALSE
"208","John Long","SG",0.81,"DET",0.305,0,0.072,0.034,0.039,0.549,0.005,0.007,0.333,0.034,0.045,0.418,0.471,0.032,0.026,0.96,0.017,0.023,0.021,0.015,0.037,0.005,0.03,0.046,0.034,"1991",FALSE,0,0,50,FALSE
"209","Rick Mahorn","C",0.762,"PHI",0.976,0.902,0.69,0.252,0.257,0.623,0,0.01,0,0.272,0.31,0.475,0.519,0.25,0.247,0.788,0.289,0.467,0.406,0.101,0.321,0.149,0.274,0.744,0.251,"1991",FALSE,0,0,44,FALSE
"210","Dan Majerle","SF",0.595,"PHO",0.939,0.085,0.646,0.384,0.378,0.645,0.075,0.097,0.349,0.382,0.415,0.499,0.558,0.3,0.307,0.762,0.321,0.248,0.273,0.186,0.431,0.106,0.246,0.437,0.371,"1991",FALSE,0,0,55,FALSE
"211","Jeff Malone","SG",0.69,"UTA",0.841,0.841,0.698,0.508,0.476,0.677,0.002,0.007,0.167,0.545,0.58,0.51,0.564,0.306,0.259,0.917,0.069,0.169,0.135,0.123,0.203,0.016,0.233,0.345,0.453,"1991",FALSE,0,0,54,FALSE
"212","Karl Malone","PF",0.643,"UTA",1,1,0.935,0.819,0.74,0.703,0.01,0.016,0.286,0.877,0.899,0.529,0.587,0.905,0.914,0.77,0.451,0.726,0.632,0.232,0.362,0.21,0.526,0.722,0.841,"1991",FALSE,0,0.148,54,TRUE
"213","Moses Malone","C",0.833,"ATL",1,0.183,0.541,0.271,0.275,0.624,0,0.008,0,0.291,0.333,0.474,0.52,0.409,0.383,0.831,0.518,0.393,0.436,0.058,0.122,0.197,0.295,0.361,0.307,"1991",FALSE,0,0,43,FALSE
"214","Danny Manning","PF",0.571,"LAC",0.89,0.573,0.622,0.455,0.416,0.692,0,0.003,0,0.489,0.509,0.521,0.577,0.29,0.315,0.716,0.323,0.255,0.278,0.168,0.476,0.165,0.405,0.757,0.409,"1991",FALSE,0,0,31,FALSE
"215","Sarunas Marciulionis","SG",0.619,"GSW",0.61,0.122,0.279,0.177,0.168,0.668,0.002,0.007,0.167,0.189,0.202,0.507,0.559,0.235,0.253,0.724,0.098,0.067,0.077,0.073,0.252,0.011,0.162,0.367,0.192,"1991",FALSE,0,0,44,FALSE
"216","Jeff Martin","PG",0.571,"LAC",0.902,0.317,0.378,0.207,0.233,0.563,0.067,0.099,0.307,0.195,0.236,0.446,0.499,0.09,0.103,0.68,0.101,0.077,0.086,0.056,0.15,0.082,0.106,0.28,0.185,"1991",FALSE,0,0,31,FALSE
"219","Vernon Maxwell","SG",0.595,"HOU",1,0.963,0.812,0.487,0.574,0.539,0.428,0.576,0.337,0.345,0.416,0.45,0.526,0.287,0.305,0.733,0.078,0.196,0.156,0.26,0.516,0.04,0.369,0.482,0.493,"1991",FALSE,0,0,52,FALSE
"220","Travis Mays","PG",0.524,"SAC",0.78,0.671,0.607,0.284,0.333,0.541,0.179,0.222,0.365,0.231,0.297,0.421,0.507,0.337,0.341,0.77,0.103,0.123,0.116,0.217,0.329,0.029,0.343,0.456,0.323,"1991",FALSE,0,0,25,FALSE
"221","George McCloud","SF",0.548,"IND",0.902,0,0.303,0.127,0.162,0.497,0.107,0.14,0.347,0.092,0.128,0.388,0.482,0.05,0.05,0.776,0.067,0.082,0.077,0.129,0.163,0.029,0.196,0.38,0.121,"1991",FALSE,0,0,41,FALSE
"222","Tim McCormick","C",0.667,"ATL",0.683,0.085,0.195,0.09,0.086,0.663,0,0.003,0,0.097,0.104,0.505,0.552,0.087,0.093,0.733,0.107,0.108,0.108,0.027,0.045,0.037,0.097,0.245,0.089,"1991",FALSE,0,0,43,FALSE
"223","Rodney McCray","PF",0.69,"DAL",0.902,0.829,0.725,0.325,0.312,0.66,0.032,0.044,0.333,0.336,0.361,0.505,0.56,0.21,0.204,0.803,0.293,0.404,0.366,0.223,0.285,0.136,0.278,0.547,0.298,"1991",FALSE,0,0,28,FALSE
"225","Kevin McHale","PF",0.786,"BOS",0.829,0.122,0.585,0.487,0.42,0.737,0.037,0.042,0.405,0.509,0.494,0.559,0.623,0.302,0.283,0.829,0.277,0.333,0.314,0.108,0.102,0.388,0.302,0.523,0.442,"1991",FALSE,0,0.001,56,TRUE
"226","Derrick McKey","SF",0.571,"SEA",0.89,0.671,0.708,0.424,0.39,0.689,0.01,0.021,0.211,0.452,0.467,0.524,0.577,0.311,0.286,0.845,0.329,0.249,0.276,0.145,0.37,0.149,0.341,0.593,0.394,"1991",FALSE,0,0,41,FALSE
"227","Nate McMillan","SG",0.619,"SEA",0.951,0,0.406,0.128,0.14,0.577,0.042,0.054,0.354,0.12,0.145,0.447,0.512,0.075,0.096,0.613,0.136,0.179,0.164,0.319,0.423,0.053,0.263,0.569,0.119,"1991",FALSE,0,0,41,FALSE
"229","Scott Meents","PF",0.643,"SEA",0.159,0,0.015,0.007,0.013,0.333,0.002,0.001,1,0.006,0.015,0.222,0.298,0.003,0.004,0.5,0.006,0.007,0.007,0.007,0.028,0.011,0.013,0.013,0.006,"1991",FALSE,0,0,41,FALSE
"230","Reggie Miller","SG",0.595,"IND",1,1,0.841,0.576,0.536,0.683,0.279,0.363,0.348,0.504,0.475,0.575,0.622,0.729,0.617,0.918,0.155,0.199,0.184,0.284,0.443,0.035,0.351,0.445,0.655,"1991",FALSE,0,0,41,FALSE
"232","Sam Mitchell","PF",0.643,"MIN",1,0.732,0.883,0.43,0.465,0.588,0,0.01,0,0.463,0.565,0.445,0.49,0.406,0.407,0.775,0.359,0.33,0.34,0.114,0.268,0.152,0.224,0.911,0.423,"1991",FALSE,0,0,29,FALSE
"233","Paul Mokeski","C",0.81,"GSW",0.439,0.012,0.073,0.02,0.027,0.475,0.007,0.01,0.333,0.019,0.028,0.36,0.423,0.016,0.015,0.8,0.038,0.047,0.044,0.008,0.033,0.008,0.015,0.156,0.02,"1991",FALSE,0,0,44,FALSE
"234","Sidney Moncrief","SG",0.786,"ATL",0.878,0.037,0.31,0.113,0.11,0.651,0.052,0.072,0.328,0.1,0.099,0.545,0.59,0.108,0.108,0.781,0.059,0.096,0.084,0.089,0.203,0.024,0.142,0.302,0.119,"1991",FALSE,0,0,43,FALSE
"235","Chris Morris","SF",0.595,"NJN",0.963,0.829,0.723,0.396,0.443,0.567,0.112,0.202,0.251,0.379,0.442,0.465,0.499,0.237,0.251,0.734,0.402,0.309,0.341,0.189,0.561,0.255,0.36,0.668,0.368,"1991",FALSE,0,0,26,FALSE
"236","John Morton","SF",0.548,"CLE",0.805,0.024,0.342,0.116,0.126,0.584,0.01,0.014,0.333,0.121,0.148,0.443,0.494,0.149,0.143,0.813,0.078,0.062,0.067,0.209,0.248,0.048,0.231,0.302,0.126,"1991",FALSE,0,0,33,FALSE
"237","Chris Mullin","SF",0.643,"GSW",1,1,0.938,0.751,0.667,0.715,0.1,0.15,0.301,0.767,0.742,0.56,0.611,0.679,0.597,0.884,0.27,0.3,0.29,0.283,0.703,0.168,0.528,0.474,0.744,"1991",FALSE,0,0,44,FALSE
"239","Tod Murphy","PF",0.643,"MIN",0.634,0.232,0.301,0.087,0.104,0.528,0.002,0.019,0.059,0.093,0.118,0.424,0.443,0.093,0.108,0.667,0.176,0.162,0.167,0.052,0.102,0.053,0.069,0.272,0.089,"1991",FALSE,0,0,29,FALSE
"240","Jerrod Mustaf","PF",0.5,"NYK",0.756,0.061,0.234,0.103,0.105,0.62,0,0.001,0,0.11,0.128,0.467,0.517,0.074,0.09,0.644,0.098,0.117,0.11,0.031,0.061,0.037,0.131,0.294,0.095,"1991",FALSE,0,0,39,FALSE
"241","Pete Myers","SG",0.643,"SAS",0.098,0.012,0.029,0.01,0.011,0.58,0,0.001,0,0.01,0.012,0.455,0.483,0.012,0.011,0.818,0.004,0.016,0.012,0.012,0.012,0.008,0.03,0.038,0.01,"1991",FALSE,0,0,55,FALSE
"242","Larry Nance","PF",0.738,"CLE",0.976,0.951,0.828,0.614,0.557,0.699,0.005,0.009,0.25,0.659,0.679,0.526,0.583,0.351,0.34,0.803,0.384,0.482,0.448,0.204,0.268,0.532,0.282,0.59,0.543,"1991",FALSE,0,0,33,FALSE
"243","Craig Neal","PG",0.619,"DEN",0.122,0,0.035,0.014,0.016,0.533,0.007,0.01,0.333,0.011,0.015,0.423,0.492,0.017,0.023,0.591,0.004,0.014,0.01,0.032,0.016,0,0.041,0.07,0.016,"1991",FALSE,0,0,20,FALSE
"244","Ed Nealy","PF",0.714,"PHO",0.671,0,0.162,0.044,0.045,0.619,0.012,0.018,0.313,0.042,0.046,0.494,0.544,0.037,0.039,0.737,0.084,0.106,0.099,0.031,0.098,0.011,0.041,0.124,0.043,"1991",FALSE,0,0,55,FALSE
"245","Johnny Newman","SF",0.643,"CHH",0.988,0.988,0.701,0.462,0.468,0.627,0.075,0.095,0.357,0.466,0.526,0.48,0.539,0.509,0.49,0.809,0.18,0.159,0.166,0.162,0.407,0.045,0.407,0.749,0.484,"1991",FALSE,0,0,26,FALSE
"246","Ken Norman","SF",0.619,"LAC",0.854,0.549,0.654,0.503,0.477,0.668,0.015,0.036,0.188,0.535,0.567,0.511,0.56,0.229,0.283,0.629,0.338,0.318,0.325,0.137,0.256,0.168,0.3,0.518,0.43,"1991",FALSE,0,0,31,FALSE
"248","Charles Oakley","PF",0.643,"NYK",0.927,0.902,0.775,0.297,0.274,0.688,0,0.002,0,0.319,0.334,0.518,0.573,0.316,0.314,0.784,0.583,0.611,0.601,0.175,0.252,0.045,0.463,0.776,0.301,"1991",FALSE,0,0,39,FALSE
"249","Alan Ogg","C",0.548,"MIA",0.378,0.012,0.074,0.023,0.025,0.581,0,0.002,0,0.025,0.03,0.453,0.484,0.008,0.01,0.6,0.029,0.034,0.032,0.002,0.024,0.072,0.017,0.143,0.019,"1991",FALSE,0,0,24,FALSE
"250","Hakeem Olajuwon","C",0.667,"HOU",0.683,0.61,0.584,0.471,0.441,0.677,0,0.005,0,0.507,0.539,0.51,0.564,0.282,0.285,0.769,0.419,0.547,0.503,0.113,0.492,0.588,0.375,0.596,0.419,"1991",FALSE,0,0.004,52,TRUE
"252","Brian Oliver","SG",0.524,"PHI",0.89,0.049,0.226,0.107,0.125,0.544,0.012,0.02,0.278,0.11,0.143,0.417,0.463,0.069,0.073,0.732,0.034,0.062,0.052,0.076,0.138,0.011,0.108,0.205,0.099,"1991",FALSE,0,0,44,FALSE
"253","Gerald Paddio","SF",0.595,"CLE",0.854,0.268,0.334,0.205,0.233,0.559,0.015,0.027,0.25,0.214,0.272,0.427,0.472,0.098,0.096,0.796,0.073,0.079,0.077,0.077,0.081,0.016,0.153,0.191,0.178,"1991",FALSE,0,0,33,FALSE
"254","Walter Palmer","C",0.524,"UTA",0.341,0,0.024,0.015,0.021,0.444,0,0.001,0,0.016,0.025,0.341,0.37,0.013,0.015,0.667,0.011,0.015,0.014,0.005,0.012,0.011,0.013,0.054,0.014,"1991",FALSE,0,0,54,FALSE
"255","Robert Parish","C",0.881,"BOS",0.988,0.988,0.691,0.469,0.373,0.797,0,0.001,0,0.505,0.457,0.599,0.664,0.313,0.318,0.767,0.518,0.581,0.559,0.057,0.268,0.274,0.33,0.531,0.426,"1991",FALSE,0,0.01,56,TRUE
"256","John Paxson","PG",0.714,"CHI",1,1,0.558,0.307,0.266,0.731,0.104,0.108,0.438,0.286,0.272,0.571,0.65,0.045,0.042,0.829,0.029,0.075,0.059,0.255,0.252,0.008,0.149,0.367,0.251,"1991",FALSE,0,0,61,FALSE
"257","Kenny Payne","SF",0.571,"PHI",0.573,0.073,0.126,0.066,0.087,0.48,0.01,0.02,0.222,0.067,0.096,0.374,0.411,0.034,0.03,0.897,0.033,0.049,0.043,0.014,0.041,0.016,0.045,0.116,0.059,"1991",FALSE,0,0,44,FALSE
"258","Gary Payton","PG",0.524,"SEA",1,1,0.635,0.25,0.265,0.6,0.002,0.015,0.077,0.268,0.317,0.459,0.501,0.091,0.1,0.711,0.207,0.134,0.159,0.454,0.671,0.04,0.388,0.671,0.208,"1991",FALSE,0,0,41,FALSE
"259","Will Perdue","C",0.595,"CHI",0.902,0.037,0.275,0.112,0.108,0.659,0,0.003,0,0.121,0.131,0.5,0.549,0.099,0.115,0.67,0.233,0.213,0.22,0.04,0.093,0.152,0.162,0.396,0.108,"1991",FALSE,0,0,61,FALSE
"260","Sam Perkins","PF",0.69,"LAL",0.89,0.805,0.709,0.356,0.342,0.66,0.045,0.072,0.281,0.364,0.384,0.515,0.563,0.303,0.287,0.821,0.319,0.368,0.352,0.093,0.26,0.207,0.222,0.666,0.347,"1991",FALSE,0,0,58,FALSE
"261","Tim Perry","C",0.595,"PHO",0.561,0.024,0.166,0.073,0.066,0.695,0,0.006,0,0.078,0.078,0.54,0.579,0.057,0.072,0.614,0.101,0.072,0.082,0.023,0.093,0.114,0.069,0.162,0.068,"1991",FALSE,0,0,55,FALSE
"262","Chuck Person","SF",0.619,"IND",0.976,0.963,0.726,0.6,0.566,0.672,0.172,0.229,0.34,0.573,0.58,0.536,0.591,0.218,0.236,0.721,0.231,0.294,0.273,0.204,0.228,0.045,0.397,0.596,0.52,"1991",FALSE,0,0,41,FALSE
"263","Jim Petersen","C",0.667,"GSW",0.756,0.256,0.236,0.11,0.109,0.644,0.002,0.005,0.25,0.118,0.131,0.487,0.539,0.066,0.078,0.658,0.132,0.13,0.131,0.023,0.053,0.109,0.103,0.412,0.099,"1991",FALSE,0,0,44,FALSE
"266","Ed Pinckney","PF",0.643,"BOS",0.854,0.195,0.33,0.127,0.112,0.719,0,0.001,0,0.136,0.136,0.541,0.599,0.138,0.119,0.897,0.296,0.185,0.223,0.039,0.248,0.114,0.097,0.396,0.129,"1991",FALSE,0,0,56,FALSE
"267","Scottie Pippen","SF",0.595,"CHI",1,1,0.853,0.58,0.531,0.693,0.052,0.077,0.309,0.602,0.612,0.534,0.588,0.317,0.35,0.706,0.312,0.429,0.389,0.439,0.785,0.247,0.5,0.728,0.516,"1991",FALSE,0,0,61,FALSE
"270","Terry Porter","PG",0.643,"POR",0.988,0.988,0.754,0.47,0.434,0.687,0.323,0.353,0.415,0.37,0.356,0.564,0.649,0.369,0.349,0.823,0.099,0.228,0.184,0.558,0.642,0.032,0.407,0.407,0.488,"1991",FALSE,0,0.026,63,TRUE
"271","Paul Pressey","SG",0.762,"SAS",0.854,0.22,0.476,0.194,0.196,0.629,0.04,0.064,0.281,0.193,0.208,0.501,0.546,0.146,0.137,0.827,0.096,0.125,0.115,0.233,0.256,0.085,0.28,0.469,0.186,"1991",FALSE,0,0,55,FALSE
"272","Mark Price","PG",0.619,"CLE",0.195,0.195,0.162,0.094,0.09,0.663,0.045,0.06,0.34,0.082,0.08,0.556,0.604,0.078,0.064,0.952,0.015,0.037,0.029,0.143,0.171,0.005,0.121,0.062,0.096,"1991",FALSE,0,0,33,FALSE
"273","Kevin Pritchard","PG",0.548,"GSW",0.756,0.012,0.219,0.085,0.105,0.512,0.012,0.035,0.161,0.086,0.112,0.419,0.439,0.082,0.079,0.805,0.031,0.049,0.042,0.07,0.122,0.021,0.127,0.28,0.086,"1991",FALSE,0,0,44,FALSE
"274","Brian Quinnett","SG",0.571,"NYK",0.829,0.061,0.286,0.134,0.139,0.612,0.037,0.049,0.349,0.129,0.147,0.477,0.537,0.034,0.037,0.722,0.124,0.079,0.095,0.046,0.089,0.035,0.112,0.27,0.113,"1991",FALSE,0,0,39,FALSE
"275","Kurt Rambis","PF",0.762,"PHO",0.756,0.207,0.255,0.08,0.077,0.663,0,0.002,0,0.086,0.093,0.503,0.552,0.079,0.087,0.706,0.147,0.188,0.174,0.055,0.102,0.029,0.097,0.288,0.08,"1991",FALSE,0,0,55,FALSE
"276","Blair Rasmussen","C",0.667,"DEN",0.854,0.841,0.658,0.392,0.407,0.611,0.005,0.006,0.4,0.419,0.496,0.458,0.51,0.083,0.096,0.677,0.325,0.504,0.443,0.06,0.211,0.351,0.175,0.827,0.309,"1991",FALSE,0,0,20,FALSE
"277","J.R. Reid","C",0.524,"CHH",0.976,0.976,0.698,0.348,0.356,0.621,0,0.002,0,0.375,0.435,0.467,0.518,0.241,0.266,0.703,0.294,0.346,0.328,0.076,0.354,0.125,0.33,0.771,0.319,"1991",FALSE,0,0,26,FALSE
"279","Jerry Reynolds","SG",0.667,"ORL",0.976,0.11,0.522,0.333,0.365,0.579,0.025,0.038,0.294,0.348,0.428,0.44,0.489,0.444,0.431,0.802,0.168,0.21,0.195,0.174,0.386,0.149,0.371,0.332,0.365,"1991",FALSE,0,0,31,FALSE
"280","Glen Rice","SF",0.548,"MIA",0.939,0.939,0.749,0.532,0.549,0.615,0.177,0.208,0.386,0.498,0.569,0.475,0.546,0.226,0.215,0.818,0.163,0.294,0.249,0.162,0.411,0.069,0.358,0.582,0.474,"1991",FALSE,0,0,24,FALSE
"281","Pooh Richardson","PG",0.571,"MIN",1,1,0.893,0.614,0.621,0.627,0.104,0.144,0.328,0.617,0.689,0.485,0.54,0.118,0.17,0.539,0.157,0.203,0.187,0.631,0.533,0.035,0.375,0.307,0.495,"1991",FALSE,0,0,29,FALSE
"282","Mitch Richmond","SG",0.595,"GSW",0.939,0.939,0.857,0.68,0.655,0.659,0.1,0.13,0.348,0.69,0.738,0.506,0.564,0.521,0.478,0.847,0.281,0.303,0.295,0.204,0.512,0.09,0.496,0.558,0.65,"1991",FALSE,0,0,44,FALSE
"283","Doc Rivers","PG",0.69,"ATL",0.963,0.963,0.732,0.429,0.469,0.58,0.219,0.296,0.336,0.37,0.428,0.47,0.531,0.292,0.27,0.844,0.09,0.205,0.165,0.292,0.602,0.125,0.269,0.582,0.423,"1991",FALSE,0,0,43,FALSE
"284","Fred Roberts","PF",0.714,"MIL",1,1,0.598,0.345,0.308,0.711,0.01,0.028,0.16,0.367,0.364,0.547,0.596,0.225,0.215,0.813,0.205,0.173,0.184,0.116,0.256,0.077,0.291,0.512,0.314,"1991",FALSE,0,0,48,FALSE
"285","Alvin Robertson","SG",0.667,"MIL",0.988,0.988,0.735,0.424,0.416,0.647,0.057,0.071,0.365,0.432,0.474,0.493,0.552,0.263,0.271,0.757,0.365,0.266,0.3,0.381,1,0.043,0.457,0.736,0.388,"1991",FALSE,0,0,48,FALSE
"286","Clifford Robinson","PF",0.571,"POR",1,0.134,0.549,0.361,0.371,0.617,0.015,0.021,0.316,0.382,0.444,0.466,0.519,0.271,0.323,0.653,0.235,0.224,0.228,0.13,0.317,0.202,0.287,0.709,0.338,"1991",FALSE,0,0,63,FALSE
"287","David Robinson","C",0.595,"SAS",1,0.988,0.876,0.729,0.629,0.736,0.002,0.008,0.143,0.784,0.766,0.554,0.613,0.783,0.799,0.762,0.641,0.723,0.695,0.179,0.516,0.851,0.582,0.712,0.742,"1991",FALSE,6,0.496,55,TRUE
"289","Rumeal Robinson","PG",0.571,"ATL",0.573,0.195,0.191,0.104,0.111,0.595,0.005,0.012,0.182,0.11,0.13,0.459,0.5,0.062,0.082,0.588,0.038,0.051,0.046,0.113,0.13,0.021,0.164,0.175,0.094,"1991",FALSE,0,0,43,FALSE
"290","Dennis Rodman","SF",0.69,"DET",1,0.939,0.778,0.267,0.258,0.657,0.015,0.034,0.2,0.281,0.299,0.509,0.553,0.147,0.181,0.631,0.69,0.66,0.671,0.073,0.264,0.146,0.203,0.757,0.236,"1991",FALSE,0,0,50,FALSE
"292","Delaney Rudd","PG",0.667,"UTA",1,0,0.247,0.12,0.131,0.58,0.042,0.069,0.279,0.111,0.126,0.478,0.517,0.078,0.073,0.831,0.027,0.052,0.043,0.186,0.146,0.005,0.22,0.248,0.114,"1991",FALSE,0,0,54,FALSE
"293","John Salley","PF",0.619,"DET",0.902,0.012,0.467,0.173,0.173,0.633,0,0.001,0,0.186,0.212,0.476,0.528,0.246,0.263,0.727,0.262,0.189,0.214,0.06,0.211,0.298,0.196,0.647,0.192,"1991",FALSE,0,0,50,FALSE
"294","Ralph Sampson","C",0.714,"SAC",0.305,0.049,0.098,0.033,0.043,0.488,0.002,0.006,0.2,0.034,0.05,0.375,0.412,0.007,0.02,0.263,0.078,0.07,0.073,0.015,0.045,0.045,0.058,0.146,0.026,"1991",FALSE,0,0,25,FALSE
"296","Mike Sanders","SF",0.714,"IND",0.976,0.085,0.384,0.199,0.227,0.556,0.01,0.023,0.2,0.21,0.267,0.426,0.468,0.062,0.059,0.825,0.14,0.111,0.121,0.091,0.15,0.069,0.14,0.534,0.163,"1991",FALSE,0,0,41,FALSE
"297","Danny Schayes","C",0.738,"MIL",1,0.463,0.631,0.288,0.275,0.665,0,0.006,0,0.31,0.334,0.503,0.554,0.362,0.337,0.835,0.333,0.358,0.35,0.084,0.224,0.162,0.228,0.712,0.307,"1991",FALSE,0,0,48,FALSE
"299","Dwayne Schintzius","C",0.524,"SAS",0.512,0.085,0.113,0.066,0.071,0.585,0,0.002,0,0.071,0.086,0.444,0.488,0.029,0.041,0.55,0.054,0.092,0.079,0.015,0.008,0.077,0.073,0.173,0.056,"1991",FALSE,0,0,55,FALSE
"300","Detlef Schrempf","PF",0.667,"IND",1,0.037,0.745,0.418,0.382,0.693,0.037,0.045,0.375,0.434,0.446,0.527,0.588,0.583,0.555,0.818,0.34,0.479,0.431,0.259,0.236,0.059,0.377,0.706,0.466,"1991",FALSE,0,0,41,FALSE
"301","Byron Scott","SG",0.69,"LAL",1,1,0.744,0.485,0.484,0.636,0.177,0.247,0.324,0.447,0.469,0.517,0.567,0.156,0.152,0.797,0.103,0.191,0.161,0.152,0.386,0.056,0.183,0.394,0.421,"1991",FALSE,0,0,58,FALSE
"302","Dennis Scott","SG",0.524,"ORL",1,0.89,0.661,0.486,0.544,0.567,0.311,0.377,0.374,0.393,0.479,0.445,0.531,0.202,0.21,0.75,0.119,0.172,0.154,0.115,0.252,0.066,0.274,0.547,0.453,"1991",FALSE,0,0,31,FALSE
"303","Rony Seikaly","C",0.595,"MIA",0.78,0.72,0.614,0.382,0.378,0.641,0.005,0.007,0.333,0.409,0.46,0.482,0.536,0.341,0.429,0.619,0.396,0.499,0.463,0.082,0.207,0.229,0.442,0.574,0.371,"1991",FALSE,0,0,24,FALSE
"305","Brian Shaw","PG",0.571,"BOS",0.963,0.963,0.785,0.427,0.434,0.625,0.007,0.03,0.111,0.457,0.516,0.48,0.523,0.27,0.256,0.819,0.199,0.264,0.242,0.517,0.427,0.09,0.481,0.555,0.385,"1991",FALSE,0,0,56,FALSE
"306","Jack Sikma","C",0.833,"MIL",0.939,0.537,0.549,0.285,0.318,0.569,0.114,0.152,0.341,0.259,0.314,0.448,0.511,0.22,0.203,0.843,0.207,0.331,0.288,0.123,0.264,0.17,0.28,0.588,0.283,"1991",FALSE,0,0,48,FALSE
"307","Lionel Simmons","SF",0.524,"SAC",0.963,0.963,0.843,0.531,0.599,0.563,0.007,0.012,0.273,0.568,0.728,0.423,0.47,0.423,0.448,0.736,0.369,0.5,0.456,0.271,0.459,0.226,0.496,0.671,0.502,"1991",FALSE,0,0,25,FALSE
"308","Scott Skiles","PG",0.619,"ORL",0.963,0.805,0.768,0.447,0.478,0.593,0.231,0.257,0.408,0.384,0.457,0.455,0.543,0.45,0.388,0.902,0.109,0.212,0.176,0.567,0.362,0.011,0.543,0.518,0.479,"1991",FALSE,0,0,31,FALSE
"309","Charles Smith","SF",0.595,"LAC",0.902,0.902,0.765,0.53,0.538,0.625,0,0.008,0,0.57,0.655,0.472,0.521,0.508,0.498,0.793,0.413,0.389,0.397,0.115,0.329,0.386,0.356,0.72,0.523,"1991",FALSE,0,0,31,FALSE
"312","Derek Smith","SF",0.69,"BOS",0.024,0,0.005,0.001,0.002,0.333,0,0.001,0,0.001,0.002,0.333,0.278,0.004,0.004,0.75,0,0,0,0.004,0.004,0.003,0.002,0.008,0.002,"1991",FALSE,0,0,56,FALSE
"313","Kenny Smith","PG",0.595,"HOU",0.951,0.951,0.764,0.505,0.462,0.693,0.122,0.152,0.363,0.492,0.49,0.545,0.606,0.38,0.35,0.844,0.069,0.126,0.107,0.476,0.431,0.029,0.511,0.353,0.487,"1991",FALSE,0,0.005,52,TRUE
"315","Michael Smith","PF",0.595,"BOS",0.573,0.037,0.11,0.092,0.092,0.633,0.015,0.027,0.25,0.093,0.099,0.506,0.544,0.029,0.028,0.815,0.04,0.035,0.037,0.037,0.024,0.005,0.08,0.073,0.077,"1991",FALSE,0,0,56,FALSE
"316","Otis Smith","SF",0.643,"ORL",0.915,0.476,0.534,0.394,0.415,0.601,0.022,0.052,0.196,0.414,0.483,0.465,0.507,0.292,0.31,0.734,0.337,0.212,0.254,0.145,0.346,0.093,0.302,0.512,0.369,"1991",FALSE,0,0,31,FALSE
"317","Tony Smith","SG",0.524,"LAL",0.78,0.012,0.197,0.094,0.101,0.588,0,0.008,0,0.101,0.12,0.455,0.49,0.053,0.059,0.702,0.046,0.047,0.046,0.116,0.114,0.032,0.149,0.216,0.083,"1991",FALSE,0,0,58,FALSE
"320","Rory Sparrow","PG",0.762,"SAC",0.976,0.902,0.672,0.359,0.348,0.655,0.077,0.088,0.397,0.354,0.382,0.501,0.568,0.077,0.085,0.699,0.086,0.14,0.122,0.311,0.337,0.043,0.272,0.509,0.293,"1991",FALSE,0,0,25,FALSE
"321","Felton Spencer","C",0.548,"MIN",0.988,0.561,0.594,0.189,0.175,0.683,0,0.001,0,0.203,0.214,0.513,0.569,0.241,0.259,0.722,0.52,0.366,0.419,0.021,0.195,0.322,0.166,0.908,0.202,"1991",FALSE,0,0,29,FALSE
"322","John Starks","SG",0.595,"NYK",0.744,0.122,0.332,0.174,0.189,0.585,0.067,0.105,0.29,0.159,0.179,0.483,0.524,0.104,0.108,0.752,0.057,0.1,0.086,0.175,0.24,0.045,0.159,0.369,0.165,"1991",FALSE,0,0,39,FALSE
"324","John Stockton","PG",0.667,"UTA",1,1,0.878,0.48,0.45,0.676,0.144,0.19,0.345,0.456,0.457,0.541,0.597,0.48,0.447,0.836,0.088,0.19,0.155,1,0.951,0.043,0.642,0.628,0.499,"1991",FALSE,0,0.016,54,TRUE
"325","Rod Strickland","PG",0.571,"SAS",0.707,0.683,0.588,0.304,0.3,0.643,0.027,0.037,0.333,0.315,0.349,0.49,0.546,0.213,0.217,0.763,0.109,0.161,0.143,0.398,0.476,0.029,0.336,0.337,0.282,"1991",FALSE,0,0,55,FALSE
"326","Jon Sundvold","SG",0.69,"MIA",0.293,0,0.064,0.042,0.049,0.536,0.037,0.04,0.429,0.029,0.041,0.389,0.524,0.015,0.011,1,0.006,0.006,0.006,0.021,0.028,0,0.034,0.03,0.04,"1991",FALSE,0,0,24,FALSE
"327","Roy Tarpley","C",0.619,"DAL",0.061,0.061,0.048,0.042,0.036,0.725,0,0.001,0,0.045,0.044,0.551,0.604,0.021,0.019,0.889,0.031,0.039,0.036,0.01,0.024,0.024,0.028,0.054,0.036,"1991",FALSE,0,0,28,FALSE
"328","Terry Teagle","SG",0.714,"LAL",1,0,0.424,0.324,0.348,0.591,0,0.01,0,0.349,0.422,0.448,0.492,0.192,0.182,0.819,0.157,0.098,0.118,0.07,0.126,0.021,0.179,0.445,0.288,"1991",FALSE,0,0,58,FALSE
"329","Reggie Theus","SG",0.786,"NJN",0.988,0.988,0.836,0.564,0.574,0.624,0.129,0.163,0.361,0.553,0.622,0.481,0.542,0.386,0.353,0.851,0.132,0.159,0.15,0.325,0.346,0.093,0.543,0.623,0.533,"1991",FALSE,0,0,26,FALSE
"331","Isiah Thomas","PG",0.69,"DET",0.585,0.561,0.469,0.279,0.306,0.58,0.047,0.073,0.292,0.281,0.338,0.45,0.499,0.237,0.236,0.782,0.067,0.124,0.105,0.383,0.305,0.027,0.399,0.318,0.274,"1991",FALSE,0,0.011,50,TRUE
"333","Billy Thompson","SF",0.643,"MIA",0.89,0.561,0.419,0.198,0.189,0.665,0,0.005,0,0.213,0.23,0.504,0.554,0.118,0.128,0.718,0.229,0.191,0.204,0.095,0.13,0.128,0.252,0.434,0.176,"1991",FALSE,0,0,24,FALSE
"334","LaSalle Thompson","C",0.69,"IND",1,0.939,0.551,0.267,0.26,0.651,0.002,0.006,0.2,0.286,0.316,0.491,0.543,0.095,0.107,0.692,0.294,0.406,0.368,0.126,0.256,0.168,0.362,0.714,0.221,"1991",FALSE,0,0,41,FALSE
"335","Mychal Thompson","C",0.857,"LAL",0.878,0.049,0.305,0.109,0.105,0.661,0,0.002,0,0.118,0.127,0.5,0.551,0.082,0.091,0.705,0.141,0.153,0.149,0.018,0.093,0.061,0.101,0.302,0.102,"1991",FALSE,0,0,58,FALSE
"337","Otis Thorpe","PF",0.667,"HOU",1,1,0.86,0.531,0.455,0.741,0.007,0.008,0.429,0.568,0.553,0.557,0.619,0.442,0.494,0.696,0.549,0.555,0.553,0.169,0.297,0.053,0.468,0.749,0.507,"1991",FALSE,0,0,52,FALSE
"338","Sedale Threatt","PG",0.69,"SEA",0.976,0.695,0.585,0.419,0.384,0.692,0.025,0.04,0.286,0.44,0.451,0.529,0.583,0.181,0.178,0.792,0.048,0.073,0.065,0.235,0.459,0.021,0.297,0.515,0.358,"1991",FALSE,0,0,41,FALSE
"339","Wayman Tisdale","PF",0.619,"SAC",0.402,0.378,0.316,0.253,0.249,0.644,0,0.001,0,0.273,0.305,0.484,0.537,0.18,0.175,0.8,0.143,0.177,0.165,0.057,0.093,0.074,0.177,0.267,0.233,"1991",FALSE,0,0,25,FALSE
"340","Tom Tolbert","PF",0.595,"GSW",0.756,0.39,0.388,0.177,0.199,0.564,0.017,0.024,0.333,0.183,0.232,0.427,0.479,0.168,0.177,0.738,0.166,0.187,0.18,0.065,0.142,0.101,0.172,0.526,0.177,"1991",FALSE,0,0,44,FALSE
"341","Andy Toolson","SF",0.595,"UTA",0.573,0.183,0.133,0.048,0.057,0.537,0.03,0.036,0.375,0.04,0.052,0.413,0.502,0.033,0.034,0.758,0.061,0.035,0.044,0.027,0.057,0.005,0.052,0.156,0.048,"1991",FALSE,0,0,54,FALSE
"342","Kelly Tripucka","SF",0.738,"CHH",0.939,0.012,0.365,0.181,0.19,0.605,0.037,0.051,0.333,0.179,0.207,0.469,0.524,0.201,0.172,0.91,0.088,0.129,0.115,0.137,0.134,0.035,0.198,0.35,0.191,"1991",FALSE,0,0,26,FALSE
"343","Trent Tucker","SG",0.738,"NYK",0.793,0.159,0.338,0.185,0.2,0.587,0.159,0.173,0.418,0.132,0.158,0.452,0.571,0.022,0.028,0.63,0.063,0.071,0.069,0.095,0.179,0.024,0.099,0.323,0.163,"1991",FALSE,0,0,39,FALSE
"344","Andre Turner","PG",0.619,"PHI",0.854,0.012,0.398,0.162,0.176,0.585,0.03,0.037,0.364,0.162,0.197,0.446,0.504,0.085,0.09,0.736,0.069,0.115,0.099,0.267,0.256,0,0.205,0.334,0.145,"1991",FALSE,0,0,44,FALSE
"345","Jeff Turner","PF",0.667,"ORL",0.866,0.524,0.476,0.25,0.245,0.649,0.015,0.017,0.4,0.263,0.292,0.489,0.547,0.112,0.115,0.759,0.207,0.253,0.237,0.083,0.118,0.027,0.272,0.631,0.215,"1991",FALSE,0,0,31,FALSE
"346","Kelvin Upshaw","SG",0.667,"DAL",0.585,0.012,0.145,0.101,0.106,0.6,0.017,0.033,0.241,0.101,0.114,0.48,0.517,0.073,0.066,0.859,0.038,0.035,0.036,0.074,0.114,0.013,0.084,0.208,0.095,"1991",FALSE,0,0,28,FALSE
"347","Darnell Valentine","PG",0.738,"CLE",0.793,0.732,0.521,0.222,0.228,0.619,0.015,0.028,0.24,0.233,0.266,0.476,0.522,0.189,0.177,0.831,0.071,0.134,0.112,0.302,0.398,0.032,0.272,0.458,0.215,"1991",FALSE,0,0,33,FALSE
"348","Kiki Vandeweghe","SF",0.762,"NYK",0.915,0.878,0.685,0.443,0.427,0.659,0.127,0.159,0.362,0.424,0.443,0.518,0.58,0.343,0.296,0.899,0.149,0.101,0.118,0.095,0.171,0.027,0.233,0.329,0.433,"1991",FALSE,0,0,39,FALSE
"349","Loy Vaught","PF",0.524,"LAC",0.89,0,0.333,0.169,0.165,0.649,0,0.002,0,0.182,0.201,0.49,0.541,0.065,0.076,0.662,0.237,0.223,0.228,0.034,0.081,0.061,0.106,0.364,0.141,"1991",FALSE,0,0,31,FALSE
"350","Sam Vincent","PG",0.643,"ORL",0.598,0.207,0.276,0.147,0.162,0.575,0.007,0.021,0.158,0.155,0.188,0.446,0.483,0.131,0.123,0.825,0.033,0.089,0.07,0.169,0.122,0.013,0.196,0.199,0.143,"1991",FALSE,0,0,31,FALSE
"352","Milt Wagner","SG",0.643,"MIA",0.159,0.012,0.033,0.023,0.026,0.561,0.015,0.019,0.353,0.019,0.023,0.45,0.527,0.012,0.011,0.818,0,0.007,0.005,0.013,0.008,0.008,0.026,0.038,0.022,"1991",FALSE,0,0,24,FALSE
"353","Darrell Walker","PG",0.69,"WSB",0.866,0.793,0.652,0.222,0.246,0.573,0,0.01,0,0.239,0.297,0.437,0.478,0.123,0.158,0.604,0.268,0.356,0.325,0.394,0.317,0.088,0.332,0.536,0.195,"1991",FALSE,0,0,30,FALSE
"354","Kenny Walker","SF",0.619,"NYK",0.659,0.098,0.218,0.08,0.088,0.58,0,0.001,0,0.086,0.107,0.437,0.483,0.085,0.084,0.78,0.12,0.093,0.103,0.011,0.073,0.08,0.065,0.248,0.081,"1991",FALSE,0,0,39,FALSE
"355","Spud Webb","PG",0.643,"ATL",0.915,0.78,0.622,0.347,0.37,0.596,0.134,0.19,0.321,0.317,0.358,0.48,0.534,0.306,0.274,0.868,0.078,0.132,0.114,0.358,0.48,0.016,0.315,0.485,0.354,"1991",FALSE,0,0,43,FALSE
"356","Bill Wennington","C",0.643,"SAC",0.939,0.28,0.412,0.175,0.191,0.581,0.002,0.006,0.2,0.187,0.231,0.439,0.486,0.098,0.097,0.787,0.193,0.237,0.222,0.059,0.187,0.157,0.11,0.62,0.154,"1991",FALSE,0,0,25,FALSE
"357","Doug West","SG",0.548,"MIN",0.915,0.012,0.233,0.114,0.113,0.64,0,0.001,0,0.123,0.138,0.482,0.533,0.077,0.086,0.69,0.107,0.079,0.089,0.041,0.142,0.061,0.088,0.31,0.104,"1991",FALSE,0,0,29,FALSE
"359","Randy White","PF",0.548,"DAL",0.963,0.354,0.538,0.256,0.306,0.531,0.015,0.042,0.162,0.27,0.354,0.412,0.448,0.21,0.231,0.707,0.331,0.329,0.329,0.054,0.329,0.117,0.282,0.83,0.245,"1991",FALSE,0,0,28,FALSE
"360","Morlon Wiley","PG",0.571,"ORL",0.415,0,0.099,0.044,0.05,0.556,0.015,0.014,0.5,0.041,0.054,0.406,0.493,0.022,0.026,0.68,0.008,0.013,0.011,0.063,0.098,0,0.073,0.1,0.04,"1991",FALSE,0,0,31,FALSE
"361","Dominique Wilkins","SF",0.738,"ATL",0.988,0.988,0.871,0.745,0.755,0.627,0.211,0.281,0.341,0.713,0.785,0.492,0.55,0.63,0.591,0.829,0.499,0.468,0.478,0.228,0.5,0.173,0.433,0.42,0.742,"1991",FALSE,0,0.03,43,TRUE
"362","Eddie Lee Wilkins","C",0.667,"NYK",0.829,0.012,0.189,0.11,0.117,0.596,0,0.001,0,0.119,0.143,0.449,0.497,0.067,0.093,0.567,0.132,0.11,0.118,0.013,0.069,0.019,0.108,0.245,0.099,"1991",FALSE,0,0,39,FALSE
"363","Gerald Wilkins","SG",0.643,"NYK",0.829,0.683,0.613,0.368,0.37,0.631,0.022,0.049,0.209,0.386,0.429,0.488,0.531,0.224,0.212,0.82,0.149,0.128,0.135,0.236,0.333,0.061,0.347,0.488,0.331,"1991",FALSE,0,0,39,FALSE
"365","Herb Williams","C",0.762,"DAL",0.732,0.439,0.519,0.321,0.301,0.676,0,0.005,0,0.345,0.367,0.51,0.563,0.11,0.134,0.638,0.164,0.269,0.233,0.082,0.122,0.234,0.244,0.531,0.264,"1991",FALSE,0,0,28,FALSE
"366","Hot Rod Williams","C",0.667,"CLE",0.524,0.171,0.366,0.192,0.198,0.617,0,0.001,0,0.207,0.242,0.464,0.514,0.142,0.169,0.652,0.212,0.178,0.19,0.086,0.146,0.184,0.136,0.34,0.178,"1991",FALSE,0,0,33,FALSE
"367","Jayson Williams","PF",0.524,"PHI",0.634,0.012,0.144,0.07,0.074,0.596,0.002,0.002,0.5,0.074,0.09,0.447,0.5,0.049,0.058,0.661,0.078,0.07,0.073,0.014,0.037,0.016,0.086,0.248,0.064,"1991",FALSE,0,0,44,FALSE
"368","John Williams","SF",0.571,"WSB",0.402,0.134,0.266,0.159,0.181,0.556,0.025,0.046,0.244,0.16,0.199,0.438,0.478,0.097,0.1,0.753,0.08,0.134,0.116,0.114,0.159,0.016,0.147,0.17,0.145,"1991",FALSE,0,0,30,FALSE
"369","Kenny Williams","PF",0.5,"IND",0.915,0,0.149,0.09,0.082,0.693,0,0.003,0,0.097,0.099,0.528,0.578,0.045,0.051,0.68,0.107,0.074,0.086,0.027,0.045,0.082,0.088,0.218,0.078,"1991",FALSE,0,0,41,FALSE
"370","Micheal Williams","PG",0.571,"IND",0.89,0.451,0.483,0.252,0.241,0.665,0.002,0.008,0.143,0.271,0.291,0.504,0.556,0.384,0.34,0.879,0.094,0.126,0.115,0.299,0.61,0.045,0.323,0.544,0.287,"1991",FALSE,0,0,41,FALSE
"372","Scott Williams","PF",0.524,"CHI",0.622,0,0.095,0.051,0.048,0.68,0.002,0.002,0.5,0.054,0.058,0.51,0.571,0.026,0.029,0.714,0.08,0.056,0.064,0.014,0.049,0.035,0.05,0.137,0.045,"1991",FALSE,0,0,61,FALSE
"373","Kevin Willis","PF",0.667,"ATL",0.976,0.976,0.672,0.429,0.405,0.672,0.01,0.011,0.4,0.458,0.491,0.505,0.562,0.21,0.245,0.668,0.495,0.442,0.46,0.085,0.244,0.106,0.33,0.633,0.371,"1991",FALSE,0,0,43,FALSE
"374","Trevor Wilson","PF",0.524,"ATL",0.305,0,0.046,0.02,0.032,0.4,0,0.002,0,0.022,0.038,0.309,0.333,0.017,0.027,0.5,0.031,0.024,0.026,0.009,0.02,0.003,0.037,0.035,0.019,"1991",FALSE,0,0,43,FALSE
"375","Kennard Winchester","SF",0.571,"HOU",0.78,0.012,0.172,0.095,0.113,0.533,0.02,0.023,0.4,0.094,0.127,0.4,0.462,0.046,0.046,0.778,0.065,0.033,0.044,0.021,0.065,0.035,0.065,0.189,0.084,"1991",FALSE,0,0,52,FALSE
"376","David Wingate","SG",0.643,"SAS",0.305,0,0.159,0.051,0.064,0.512,0.002,0.01,0.111,0.054,0.073,0.403,0.431,0.038,0.042,0.707,0.046,0.051,0.049,0.04,0.077,0.013,0.091,0.178,0.048,"1991",FALSE,0,0,55,FALSE
"377","Randy Wittman","SF",0.738,"IND",0.5,0,0.1,0.034,0.036,0.591,0,0.006,0,0.036,0.042,0.473,0.492,0.005,0.006,0.667,0.011,0.027,0.022,0.021,0.041,0.011,0.022,0.024,0.026,"1991",FALSE,0,0,41,FALSE
"378","Joe Wolf","C",0.619,"DEN",0.902,0.463,0.451,0.226,0.239,0.601,0.005,0.017,0.133,0.241,0.284,0.46,0.503,0.091,0.085,0.831,0.26,0.262,0.261,0.092,0.244,0.082,0.205,0.658,0.19,"1991",FALSE,0,0,20,FALSE
"379","David Wood","SF",0.619,"HOU",1,0.159,0.402,0.143,0.161,0.565,0.07,0.102,0.311,0.125,0.146,0.463,0.516,0.143,0.137,0.812,0.205,0.138,0.161,0.081,0.236,0.043,0.192,0.636,0.153,"1991",FALSE,0,0,52,FALSE
"380","Leon Wood","SG",0.667,"SAC",0.146,0,0.063,0.024,0.029,0.529,0.03,0.043,0.316,0.014,0.014,0.52,0.547,0.025,0.022,0.905,0.01,0.014,0.012,0.042,0.02,0,0.026,0.027,0.029,"1991",FALSE,0,0,25,FALSE
"382","Orlando Woolridge","SF",0.738,"DEN",0.646,0.61,0.516,0.474,0.452,0.664,0,0.005,0,0.51,0.552,0.501,0.553,0.463,0.452,0.797,0.27,0.218,0.236,0.102,0.28,0.061,0.328,0.391,0.47,"1991",FALSE,0,0,20,FALSE
"383","Haywoode Workman","PG",0.595,"WSB",0.89,0.683,0.576,0.226,0.237,0.605,0.03,0.056,0.24,0.231,0.262,0.477,0.518,0.134,0.137,0.759,0.098,0.19,0.158,0.303,0.354,0.019,0.291,0.437,0.205,"1991",FALSE,0,0,30,FALSE
"384","James Worthy","SF",0.69,"LAL",0.951,0.902,0.851,0.692,0.67,0.656,0.065,0.102,0.289,0.718,0.77,0.505,0.557,0.28,0.274,0.797,0.205,0.247,0.233,0.236,0.423,0.093,0.274,0.315,0.59,"1991",FALSE,0,0,58,FALSE
"386","A.J. Wynder","PG",0.619,"BOS",0.073,0,0.011,0.003,0.006,0.333,0,0.001,0,0.003,0.006,0.273,0.278,0.008,0.008,0.75,0.002,0.002,0.002,0.007,0.004,0,0.009,0.003,0.004,"1991",FALSE,0,0,56,FALSE
"387","Danny Young","PG",0.667,"POR",0.915,0.012,0.254,0.1,0.125,0.507,0.09,0.117,0.346,0.07,0.094,0.401,0.496,0.054,0.046,0.911,0.042,0.053,0.049,0.121,0.203,0.019,0.108,0.132,0.1,"1991",FALSE,0,0,63,FALSE
"  2","Mahmoud Abdul-Rauf","PG",0.524,"DEN",0.988,0.134,0.435,0.344,0.389,0.561,0.077,0.106,0.33,0.338,0.424,0.433,0.489,0.124,0.111,0.87,0.042,0.091,0.075,0.165,0.179,0.011,0.252,0.35,0.296,"1992",FALSE,0,0,24,FALSE
"  3","Mark Acres","C",0.69,"ORL",0.829,0.073,0.262,0.075,0.069,0.689,0.002,0.003,0.333,0.08,0.083,0.52,0.578,0.067,0.069,0.761,0.185,0.154,0.165,0.019,0.102,0.04,0.071,0.377,0.073,"1992",FALSE,0,0,21,FALSE
"  4","Michael Adams","PG",0.69,"WSB",0.951,0.951,0.791,0.469,0.567,0.524,0.311,0.436,0.324,0.375,0.478,0.425,0.493,0.414,0.37,0.869,0.111,0.25,0.203,0.51,0.589,0.024,0.457,0.437,0.497,"1992",FALSE,0,0,25,FALSE
"  5","Rafael Addison","SF",0.643,"NJN",0.927,0.098,0.333,0.181,0.199,0.577,0.035,0.055,0.286,0.18,0.216,0.452,0.499,0.074,0.078,0.737,0.124,0.099,0.108,0.058,0.114,0.074,0.099,0.294,0.157,"1992",FALSE,0,0,40,FALSE
"  6","Mark Aguirre","SF",0.762,"DET",0.915,0.146,0.448,0.328,0.362,0.575,0.037,0.08,0.211,0.337,0.404,0.453,0.489,0.209,0.237,0.687,0.128,0.168,0.154,0.108,0.207,0.029,0.226,0.461,0.3,"1992",FALSE,0,0,48,FALSE
"  7","Danny Ainge","SG",0.762,"POR",0.988,0.073,0.451,0.289,0.311,0.589,0.194,0.26,0.339,0.23,0.252,0.496,0.556,0.143,0.135,0.824,0.076,0.107,0.097,0.174,0.297,0.035,0.151,0.399,0.277,"1992",FALSE,0,0,57,FALSE
"  8","Victor Alexander","C",0.524,"GSW",0.976,0.341,0.382,0.235,0.211,0.705,0,0.001,0,0.253,0.258,0.531,0.588,0.136,0.153,0.691,0.203,0.228,0.22,0.027,0.183,0.165,0.196,0.474,0.208,"1992",FALSE,0,0,55,FALSE
"  9","Greg Anderson","PF",0.643,"DEN",1,1,0.791,0.376,0.393,0.608,0,0.005,0,0.405,0.479,0.458,0.507,0.221,0.276,0.623,0.644,0.6,0.615,0.067,0.358,0.173,0.433,0.709,0.334,"1992",FALSE,0,0,24,FALSE
" 10","Kenny Anderson","PG",0.5,"NJN",0.78,0.159,0.307,0.181,0.221,0.52,0.007,0.015,0.231,0.191,0.263,0.394,0.437,0.097,0.101,0.745,0.073,0.088,0.083,0.174,0.272,0.024,0.209,0.183,0.159,"1992",FALSE,0,0,40,FALSE
" 11","Nick Anderson","SG",0.571,"ORL",0.732,0.72,0.624,0.466,0.48,0.617,0.075,0.096,0.353,0.47,0.54,0.472,0.53,0.267,0.312,0.667,0.187,0.284,0.251,0.14,0.394,0.088,0.272,0.356,0.422,"1992",FALSE,0,0,21,FALSE
" 12","Ron Anderson","SF",0.786,"PHI",1,0.134,0.688,0.454,0.464,0.62,0.104,0.143,0.331,0.444,0.497,0.485,0.54,0.189,0.168,0.877,0.184,0.181,0.182,0.116,0.35,0.029,0.235,0.345,0.397,"1992",FALSE,0,0,35,FALSE
" 13","Willie Anderson","SG",0.595,"SAS",0.695,0.671,0.535,0.302,0.315,0.607,0.032,0.063,0.232,0.311,0.355,0.475,0.517,0.142,0.142,0.775,0.119,0.236,0.196,0.259,0.22,0.136,0.302,0.407,0.263,"1992",FALSE,0,0,47,FALSE
" 15","Greg Anthony","PG",0.571,"NYK",1,0.012,0.427,0.156,0.2,0.493,0.02,0.062,0.145,0.159,0.214,0.403,0.421,0.155,0.163,0.741,0.063,0.102,0.089,0.27,0.24,0.024,0.211,0.458,0.158,"1992",FALSE,0,0,51,FALSE
" 16","B.J. Armstrong","PG",0.571,"CHI",1,0.037,0.531,0.324,0.321,0.641,0.087,0.098,0.402,0.312,0.344,0.492,0.562,0.138,0.133,0.806,0.036,0.125,0.095,0.229,0.187,0.013,0.203,0.237,0.286,"1992",FALSE,0,0,67,FALSE
" 17","Vincent Askew","SG",0.595,"GSW",0.976,0.122,0.423,0.187,0.174,0.679,0.002,0.011,0.1,0.2,0.208,0.52,0.568,0.147,0.165,0.694,0.17,0.143,0.152,0.162,0.191,0.061,0.181,0.345,0.176,"1992",FALSE,0,0,55,FALSE
" 18","Keith Askins","SF",0.571,"MIA",0.72,0.049,0.239,0.081,0.094,0.547,0.062,0.082,0.342,0.061,0.074,0.447,0.523,0.034,0.038,0.703,0.124,0.076,0.093,0.033,0.163,0.04,0.101,0.294,0.077,"1992",FALSE,0,0,38,FALSE
" 19","Stacey Augmon","SG",0.548,"ATL",1,1,0.709,0.426,0.414,0.652,0.002,0.007,0.167,0.457,0.504,0.492,0.544,0.282,0.329,0.666,0.365,0.227,0.275,0.173,0.504,0.072,0.39,0.434,0.386,"1992",FALSE,0,0,38,FALSE
" 22","John Bagley","PG",0.738,"BOS",0.89,0.72,0.493,0.216,0.233,0.588,0.025,0.047,0.238,0.222,0.262,0.459,0.501,0.09,0.098,0.716,0.073,0.122,0.105,0.412,0.232,0.011,0.319,0.332,0.185,"1992",FALSE,0,0,51,FALSE
" 25","Charles Barkley","SF",0.667,"PHI",0.915,0.915,0.815,0.602,0.518,0.736,0.08,0.155,0.234,0.614,0.558,0.597,0.63,0.601,0.672,0.695,0.518,0.555,0.542,0.265,0.553,0.117,0.506,0.528,0.611,"1992",FALSE,0,0.019,35,TRUE
" 26","Dana Barros","PG",0.571,"SEA",0.915,0.012,0.377,0.23,0.227,0.644,0.206,0.21,0.446,0.161,0.173,0.505,0.63,0.079,0.081,0.759,0.033,0.064,0.053,0.107,0.207,0.011,0.121,0.226,0.219,"1992",FALSE,0,0,47,FALSE
" 27","John Battle","SG",0.69,"CLE",0.927,0.024,0.463,0.306,0.303,0.64,0.005,0.019,0.118,0.327,0.362,0.489,0.534,0.192,0.176,0.848,0.036,0.092,0.073,0.137,0.146,0.013,0.196,0.313,0.275,"1992",FALSE,0,0,57,FALSE
" 29","William Bedford","C",0.667,"DET",0.39,0.098,0.103,0.048,0.056,0.551,0,0.001,0,0.052,0.068,0.417,0.459,0.019,0.023,0.636,0.046,0.039,0.041,0.01,0.024,0.048,0.032,0.151,0.04,"1992",FALSE,0,0,48,FALSE
" 30","Benoit Benjamin","C",0.643,"SEA",0.768,0.744,0.549,0.342,0.341,0.637,0,0.002,0,0.368,0.416,0.48,0.531,0.226,0.256,0.687,0.249,0.38,0.335,0.065,0.159,0.314,0.377,0.499,0.31,"1992",FALSE,0,0,47,FALSE
" 32","David Benoit","SF",0.548,"UTA",0.939,0.024,0.329,0.169,0.173,0.623,0.007,0.016,0.214,0.179,0.204,0.476,0.523,0.107,0.103,0.81,0.201,0.19,0.193,0.029,0.077,0.117,0.153,0.334,0.153,"1992",FALSE,0,0,55,FALSE
" 33","Larry Bird","SF",0.833,"BOS",0.549,0.549,0.47,0.341,0.349,0.621,0.129,0.144,0.406,0.313,0.355,0.478,0.556,0.198,0.167,0.926,0.088,0.385,0.284,0.263,0.171,0.088,0.269,0.221,0.321,"1992",FALSE,0,0.003,51,TRUE
" 34","Rolando Blackman","SG",0.762,"DAL",0.915,0.902,0.715,0.517,0.534,0.615,0.162,0.191,0.385,0.489,0.56,0.474,0.543,0.316,0.274,0.898,0.149,0.16,0.156,0.175,0.203,0.059,0.33,0.361,0.485,"1992",FALSE,0,0,22,FALSE
" 35","Lance Blanks","SG",0.595,"DET",0.524,0,0.053,0.024,0.025,0.607,0.015,0.018,0.375,0.02,0.022,0.487,0.566,0.011,0.011,0.727,0.017,0.013,0.014,0.016,0.057,0.003,0.03,0.07,0.023,"1992",FALSE,0,0,48,FALSE
" 36","Mookie Blaylock","PG",0.571,"NJN",0.878,0.817,0.721,0.415,0.457,0.576,0.03,0.061,0.222,0.434,0.53,0.444,0.487,0.167,0.182,0.712,0.193,0.167,0.176,0.423,0.691,0.106,0.328,0.491,0.352,"1992",FALSE,0,0,40,FALSE
" 37","Muggsy Bogues","PG",0.643,"CHH",1,0.841,0.79,0.307,0.309,0.629,0.005,0.03,0.074,0.328,0.363,0.489,0.527,0.124,0.123,0.783,0.111,0.176,0.154,0.638,0.691,0.016,0.336,0.42,0.258,"1992",FALSE,0,0,31,FALSE
" 38","Manute Bol","C",0.69,"PHI",0.866,0.024,0.359,0.047,0.059,0.511,0,0.01,0,0.051,0.067,0.412,0.426,0.016,0.027,0.462,0.103,0.167,0.145,0.019,0.045,0.545,0.088,0.375,0.039,"1992",FALSE,0,0,35,FALSE
" 39","Anthony Bonner","PF",0.548,"SAC",0.963,0.22,0.647,0.284,0.303,0.596,0.002,0.005,0.25,0.305,0.369,0.448,0.498,0.2,0.248,0.627,0.367,0.291,0.317,0.107,0.382,0.069,0.287,0.523,0.261,"1992",FALSE,0,0,29,FALSE
" 40","Anthony Bowie","SG",0.667,"ORL",0.634,0.317,0.487,0.302,0.291,0.657,0.042,0.05,0.386,0.307,0.332,0.501,0.562,0.155,0.14,0.86,0.134,0.174,0.16,0.14,0.224,0.101,0.231,0.272,0.268,"1992",FALSE,0,0,21,FALSE
" 41","Sam Bowie","C",0.714,"NJN",0.866,0.744,0.617,0.407,0.436,0.593,0.02,0.028,0.32,0.43,0.52,0.448,0.499,0.28,0.288,0.757,0.388,0.372,0.378,0.16,0.167,0.319,0.323,0.571,0.375,"1992",FALSE,0,0,40,FALSE
" 42","Terrell Brandon","PG",0.5,"CLE",1,0.11,0.454,0.244,0.277,0.559,0.002,0.026,0.043,0.261,0.326,0.434,0.467,0.132,0.128,0.806,0.094,0.112,0.106,0.271,0.329,0.059,0.293,0.288,0.214,"1992",FALSE,0,0,57,FALSE
" 43","Randy Breuer","C",0.738,"MIN",0.817,0.305,0.333,0.156,0.158,0.624,0,0.001,0,0.168,0.193,0.469,0.52,0.054,0.079,0.532,0.187,0.182,0.184,0.076,0.11,0.263,0.088,0.315,0.128,"1992",FALSE,0,0,15,FALSE
" 44","Frank Brickowski","SF",0.762,"MIL",0.793,0.732,0.44,0.296,0.269,0.699,0.007,0.007,0.5,0.315,0.326,0.524,0.586,0.165,0.168,0.767,0.185,0.245,0.225,0.105,0.244,0.061,0.241,0.601,0.261,"1992",FALSE,0,0,31,FALSE
" 45","Kevin Brooks","SF",0.524,"DEN",0.451,0,0.076,0.042,0.045,0.591,0.005,0.012,0.182,0.043,0.049,0.477,0.504,0.022,0.022,0.81,0.025,0.026,0.025,0.009,0.033,0.005,0.039,0.051,0.037,"1992",FALSE,0,0,24,FALSE
" 46","Scott Brooks","PG",0.619,"MIN",1,0,0.306,0.162,0.172,0.596,0.08,0.102,0.356,0.14,0.16,0.475,0.543,0.067,0.065,0.81,0.052,0.071,0.065,0.176,0.268,0.019,0.11,0.221,0.147,"1992",FALSE,0,0,15,FALSE
" 48","Dee Brown","PG",0.548,"BOS",0.378,0.244,0.25,0.144,0.161,0.568,0.012,0.025,0.227,0.15,0.185,0.439,0.481,0.079,0.08,0.769,0.029,0.064,0.052,0.141,0.134,0.019,0.127,0.199,0.128,"1992",FALSE,0,0,51,FALSE
" 49","Mike Brown","C",0.667,"UTA",1,0.012,0.505,0.214,0.225,0.604,0,0.001,0,0.23,0.275,0.454,0.503,0.251,0.293,0.667,0.358,0.287,0.311,0.07,0.171,0.09,0.226,0.528,0.223,"1992",FALSE,0,0,55,FALSE
" 51","Randy Brown","PG",0.548,"SAC",0.683,0,0.151,0.074,0.078,0.608,0,0.007,0,0.08,0.092,0.472,0.507,0.05,0.06,0.655,0.05,0.043,0.045,0.051,0.142,0.032,0.091,0.183,0.068,"1992",FALSE,0,0,29,FALSE
" 53","Mark Bryant","PF",0.619,"POR",0.683,0,0.226,0.092,0.091,0.64,0,0.003,0,0.099,0.11,0.487,0.533,0.053,0.062,0.667,0.166,0.113,0.131,0.035,0.106,0.021,0.065,0.283,0.081,"1992",FALSE,0,0,57,FALSE
" 55","Matt Bullard","PF",0.571,"HOU",0.976,0.085,0.362,0.198,0.206,0.612,0.159,0.187,0.386,0.147,0.158,0.502,0.589,0.05,0.051,0.76,0.14,0.149,0.146,0.064,0.106,0.056,0.121,0.348,0.181,"1992",FALSE,0,0,42,FALSE
" 56","Willie Burton","SF",0.548,"MIA",0.829,0.61,0.449,0.271,0.286,0.6,0.015,0.017,0.4,0.285,0.342,0.451,0.506,0.259,0.252,0.8,0.145,0.167,0.159,0.106,0.187,0.098,0.256,0.501,0.269,"1992",FALSE,0,0,38,FALSE
" 57","Steve Burtt","SG",0.69,"PHO",0.378,0.024,0.101,0.072,0.074,0.617,0.002,0.007,0.167,0.076,0.087,0.474,0.518,0.05,0.056,0.704,0.019,0.024,0.022,0.051,0.065,0.011,0.071,0.156,0.066,"1992",FALSE,0,0,53,FALSE
" 58","Michael Cage","PF",0.714,"SEA",1,0.841,0.697,0.297,0.249,0.755,0,0.006,0,0.319,0.303,0.572,0.629,0.14,0.176,0.62,0.509,0.459,0.476,0.079,0.402,0.146,0.168,0.639,0.254,"1992",FALSE,0,0,47,FALSE
" 59","Demetrius Calip","PG",0.524,"LAL",0.085,0,0.016,0.004,0.008,0.296,0.002,0.006,0.2,0.003,0.007,0.231,0.278,0.003,0.003,0.667,0.002,0.004,0.003,0.01,0.004,0,0.011,0.022,0.004,"1992",FALSE,0,0,43,FALSE
" 60","Elden Campbell","C",0.548,"LAL",0.988,0.573,0.531,0.213,0.226,0.597,0,0.002,0,0.229,0.276,0.45,0.498,0.183,0.229,0.619,0.296,0.266,0.276,0.051,0.215,0.423,0.157,0.547,0.204,"1992",FALSE,0,0,43,FALSE
" 61","Tony Campbell","SF",0.69,"MIN",0.951,0.5,0.691,0.51,0.523,0.619,0.032,0.042,0.351,0.535,0.62,0.467,0.521,0.317,0.308,0.803,0.27,0.144,0.187,0.197,0.341,0.082,0.356,0.555,0.462,"1992",FALSE,0,0,15,FALSE
" 62","Antoine Carr","PF",0.714,"SAS",0.988,0.329,0.528,0.347,0.337,0.653,0.002,0.006,0.2,0.373,0.41,0.492,0.546,0.214,0.218,0.764,0.245,0.216,0.226,0.054,0.13,0.255,0.246,0.712,0.311,"1992",FALSE,0,0,47,FALSE
" 64","Terry Catledge","PF",0.667,"ORL",0.951,0.817,0.688,0.442,0.424,0.661,0,0.005,0,0.476,0.518,0.498,0.551,0.317,0.356,0.694,0.491,0.29,0.359,0.094,0.236,0.043,0.297,0.528,0.407,"1992",FALSE,0,0,21,FALSE
" 65","Duane Causwell","C",0.548,"SAC",0.976,0.939,0.648,0.242,0.209,0.732,0,0.001,0,0.26,0.256,0.551,0.61,0.18,0.228,0.613,0.375,0.381,0.379,0.051,0.191,0.572,0.267,0.757,0.225,"1992",FALSE,0,0,29,FALSE
" 66","Cedric Ceballos","SF",0.524,"PHO",0.78,0.049,0.205,0.17,0.168,0.643,0.002,0.007,0.167,0.182,0.202,0.487,0.538,0.144,0.152,0.736,0.115,0.091,0.099,0.043,0.065,0.029,0.153,0.14,0.163,"1992",FALSE,0,0,53,FALSE
" 67","Tom Chambers","PF",0.762,"PHO",0.841,0.805,0.551,0.412,0.455,0.575,0.045,0.055,0.367,0.425,0.53,0.434,0.489,0.341,0.32,0.83,0.164,0.313,0.262,0.122,0.232,0.098,0.222,0.528,0.398,"1992",FALSE,0,0,53,FALSE
" 69","Maurice Cheeks","PG",0.833,"ATL",0.683,0,0.307,0.111,0.115,0.616,0.007,0.007,0.5,0.117,0.137,0.461,0.52,0.034,0.044,0.605,0.055,0.066,0.062,0.159,0.337,0,0.078,0.197,0.091,"1992",FALSE,0,0,38,FALSE
" 70","Pete Chilcutt","PF",0.548,"SAC",0.841,0.024,0.231,0.109,0.115,0.603,0.005,0.002,1,0.116,0.14,0.448,0.507,0.03,0.029,0.821,0.149,0.108,0.122,0.033,0.13,0.045,0.088,0.189,0.089,"1992",FALSE,0,0,29,FALSE
" 71","Derrick Coleman","PF",0.571,"NJN",0.793,0.707,0.625,0.467,0.441,0.672,0.057,0.086,0.303,0.479,0.497,0.522,0.573,0.397,0.404,0.763,0.388,0.412,0.404,0.176,0.22,0.261,0.534,0.453,0.455,"1992",FALSE,0,0,40,FALSE
" 72","Bimbo Coles","PG",0.548,"MIA",0.988,0.341,0.559,0.285,0.299,0.607,0.025,0.059,0.192,0.297,0.337,0.477,0.513,0.286,0.27,0.824,0.132,0.119,0.124,0.314,0.297,0.035,0.36,0.407,0.288,"1992",FALSE,0,0,38,FALSE
" 74","Lester Conner","PG",0.762,"MIL",0.988,0.11,0.402,0.1,0.11,0.575,0,0.008,0,0.107,0.131,0.444,0.479,0.107,0.118,0.704,0.12,0.12,0.12,0.253,0.394,0.027,0.17,0.232,0.101,"1992",FALSE,0,0,31,FALSE
" 78","Lanard Copeland","SG",0.619,"LAC",0.122,0,0.014,0.007,0.011,0.405,0,0.002,0,0.007,0.012,0.333,0.338,0.003,0.002,1,0.002,0.006,0.005,0.004,0.008,0,0.009,0.013,0.006,"1992",FALSE,0,0,45,FALSE
" 80","Chris Corchiani","PG",0.548,"ORL",0.622,0.012,0.21,0.074,0.089,0.532,0.025,0.042,0.27,0.07,0.088,0.429,0.472,0.12,0.107,0.875,0.034,0.06,0.051,0.121,0.183,0.005,0.159,0.253,0.09,"1992",FALSE,0,0,21,FALSE
" 81","Corey Crowder","SF",0.524,"UTA",0.622,0,0.093,0.042,0.052,0.512,0.032,0.034,0.433,0.031,0.046,0.366,0.491,0.02,0.019,0.833,0.031,0.025,0.027,0.015,0.028,0.005,0.028,0.094,0.04,"1992",FALSE,0,0,55,FALSE
" 82","Terry Cummings","PF",0.714,"SAS",0.854,0.817,0.608,0.497,0.485,0.651,0.012,0.015,0.385,0.53,0.587,0.489,0.546,0.234,0.256,0.711,0.472,0.381,0.412,0.088,0.236,0.09,0.248,0.566,0.427,"1992",FALSE,0,0,47,FALSE
" 83","Dell Curry","SG",0.643,"CHH",0.939,0,0.572,0.487,0.478,0.648,0.184,0.207,0.404,0.447,0.482,0.503,0.579,0.168,0.156,0.836,0.109,0.201,0.169,0.152,0.378,0.053,0.289,0.42,0.427,"1992",FALSE,0,0,31,FALSE
" 84","Quintin Dailey","SG",0.738,"SEA",0.134,0.012,0.028,0.009,0.017,0.324,0,0.001,0,0.009,0.02,0.25,0.27,0.017,0.016,0.813,0.004,0.01,0.008,0.003,0.02,0.003,0.022,0.016,0.011,"1992",FALSE,0,0,47,FALSE
" 85","Brad Daugherty","C",0.619,"CLE",0.89,0.89,0.748,0.557,0.465,0.76,0,0.002,0,0.599,0.569,0.571,0.633,0.548,0.548,0.777,0.365,0.565,0.497,0.225,0.264,0.207,0.399,0.512,0.553,"1992",FALSE,0,0.025,57,TRUE
" 86","Brad Davis","PG",0.857,"DAL",0.402,0,0.121,0.037,0.04,0.589,0.012,0.02,0.278,0.034,0.038,0.485,0.523,0.015,0.015,0.733,0.008,0.029,0.022,0.057,0.045,0.008,0.058,0.154,0.032,"1992",FALSE,0,0,22,FALSE
" 87","Dale Davis","PF",0.524,"IND",0.78,0.28,0.368,0.149,0.128,0.736,0,0.001,0,0.16,0.157,0.554,0.613,0.115,0.156,0.572,0.302,0.25,0.268,0.026,0.11,0.197,0.106,0.515,0.139,"1992",FALSE,0,0,40,FALSE
" 88","Terry Davis","PF",0.571,"DAL",0.829,0.817,0.608,0.248,0.244,0.643,0,0.006,0,0.266,0.297,0.487,0.536,0.239,0.293,0.635,0.436,0.441,0.439,0.049,0.106,0.077,0.252,0.544,0.245,"1992",FALSE,0,0,22,FALSE
" 89","Walter Davis","SF",0.881,"DEN",0.561,0,0.21,0.179,0.185,0.612,0.012,0.018,0.313,0.187,0.218,0.465,0.517,0.108,0.097,0.872,0.038,0.05,0.046,0.058,0.118,0.003,0.097,0.186,0.161,"1992",FALSE,0,0,24,FALSE
" 90","Johnny Dawkins","PG",0.667,"PHI",1,1,0.797,0.381,0.415,0.583,0.09,0.114,0.356,0.373,0.452,0.447,0.508,0.217,0.191,0.882,0.08,0.184,0.148,0.487,0.362,0.013,0.394,0.426,0.349,"1992",FALSE,0,0,35,FALSE
" 92","Vlade Divac","C",0.548,"LAL",0.439,0.22,0.277,0.152,0.146,0.66,0.012,0.021,0.263,0.158,0.168,0.51,0.559,0.114,0.115,0.768,0.166,0.159,0.161,0.052,0.224,0.093,0.19,0.307,0.143,"1992",FALSE,0,0,43,FALSE
" 95","Greg Dreiling","C",0.69,"IND",0.732,0.28,0.144,0.042,0.04,0.659,0.002,0.001,1,0.044,0.049,0.488,0.556,0.04,0.041,0.75,0.042,0.073,0.063,0.021,0.041,0.043,0.067,0.332,0.041,"1992",FALSE,0,0,40,FALSE
" 96","Clyde Drexler","SG",0.69,"POR",0.927,0.927,0.779,0.671,0.679,0.627,0.284,0.381,0.337,0.604,0.642,0.51,0.566,0.53,0.52,0.794,0.317,0.332,0.327,0.44,0.561,0.186,0.517,0.617,0.672,"1992",FALSE,12,0.584,57,TRUE
" 97","Kevin Duckworth","C",0.643,"POR",1,1,0.629,0.35,0.362,0.615,0,0.003,0,0.377,0.442,0.462,0.512,0.206,0.233,0.69,0.289,0.344,0.325,0.085,0.154,0.098,0.308,0.712,0.311,"1992",FALSE,0,0,57,FALSE
" 99","Joe Dumars","SG",0.667,"DET",1,1,0.903,0.568,0.603,0.597,0.122,0.135,0.408,0.56,0.672,0.452,0.518,0.545,0.489,0.867,0.157,0.105,0.123,0.322,0.289,0.032,0.416,0.391,0.577,"1992",FALSE,0,0,48,FALSE
"100","Ledell Eackles","SG",0.595,"WSB",0.793,0.305,0.414,0.343,0.349,0.624,0.017,0.04,0.2,0.362,0.408,0.481,0.524,0.184,0.192,0.743,0.075,0.138,0.116,0.107,0.191,0.019,0.162,0.391,0.302,"1992",FALSE,0,0,25,FALSE
"103","Blue Edwards","SF",0.619,"UTA",0.988,0.988,0.646,0.419,0.382,0.696,0.097,0.116,0.379,0.41,0.41,0.542,0.606,0.149,0.15,0.774,0.164,0.211,0.195,0.118,0.329,0.122,0.263,0.636,0.359,"1992",FALSE,0,0,55,FALSE
"104","James Edwards","C",0.857,"LAC",0.878,0.134,0.407,0.242,0.248,0.62,0,0.001,0,0.26,0.303,0.466,0.517,0.262,0.279,0.731,0.105,0.146,0.132,0.046,0.098,0.088,0.155,0.636,0.246,"1992",FALSE,0,0,45,FALSE
"105","Kevin Edwards","PG",0.619,"MIA",0.988,0.012,0.521,0.314,0.329,0.605,0.017,0.036,0.219,0.331,0.386,0.465,0.51,0.214,0.197,0.848,0.107,0.154,0.138,0.146,0.402,0.053,0.259,0.372,0.289,"1992",FALSE,0,0,38,FALSE
"106","Craig Ehlo","SG",0.714,"CLE",0.768,0.756,0.571,0.3,0.315,0.604,0.172,0.188,0.413,0.251,0.292,0.466,0.56,0.115,0.127,0.707,0.18,0.212,0.201,0.204,0.317,0.059,0.224,0.404,0.274,"1992",FALSE,0,0,57,FALSE
"107","Mario Elie","SG",0.667,"GSW",0.963,0.39,0.475,0.214,0.195,0.695,0.057,0.079,0.329,0.206,0.2,0.559,0.609,0.205,0.187,0.852,0.132,0.157,0.148,0.149,0.276,0.04,0.179,0.429,0.219,"1992",FALSE,0,0,55,FALSE
"108","Sean Elliott","SF",0.548,"SAS",1,1,0.883,0.497,0.479,0.659,0.062,0.093,0.305,0.509,0.54,0.51,0.562,0.377,0.341,0.861,0.273,0.294,0.287,0.184,0.341,0.077,0.328,0.402,0.472,"1992",FALSE,0,0,47,FALSE
"109","Dale Ellis","SF",0.738,"MIL",0.988,0.134,0.62,0.469,0.476,0.625,0.343,0.371,0.419,0.361,0.398,0.492,0.596,0.217,0.218,0.774,0.176,0.16,0.165,0.089,0.232,0.048,0.256,0.407,0.449,"1992",FALSE,0,0,31,FALSE
"111","Pervis Ellison","C",0.571,"WSB",0.805,0.78,0.711,0.529,0.467,0.719,0.002,0.003,0.333,0.568,0.57,0.54,0.6,0.3,0.321,0.728,0.415,0.519,0.484,0.163,0.252,0.471,0.422,0.598,0.467,"1992",FALSE,0,0,25,FALSE
"112","A.J. English","SG",0.571,"WSB",0.988,0.073,0.471,0.354,0.389,0.577,0.015,0.038,0.176,0.375,0.458,0.443,0.484,0.196,0.181,0.841,0.141,0.093,0.11,0.123,0.13,0.024,0.192,0.431,0.313,"1992",FALSE,0,0,25,FALSE
"113","Patrick Ewing","C",0.69,"NYK",1,1,0.892,0.77,0.702,0.696,0.002,0.007,0.167,0.827,0.857,0.523,0.58,0.499,0.526,0.738,0.436,0.688,0.602,0.134,0.358,0.652,0.45,0.747,0.696,"1992",FALSE,0,0.104,51,TRUE
"115","Duane Ferrell","SF",0.619,"ATL",0.805,0.146,0.452,0.32,0.291,0.699,0.027,0.037,0.333,0.333,0.338,0.534,0.591,0.22,0.224,0.761,0.201,0.104,0.137,0.079,0.199,0.045,0.213,0.361,0.296,"1992",FALSE,0,0,38,FALSE
"116","Danny Ferry","PF",0.595,"CLE",0.829,0.012,0.265,0.13,0.151,0.545,0.042,0.054,0.354,0.122,0.158,0.418,0.482,0.081,0.075,0.836,0.101,0.159,0.139,0.064,0.089,0.04,0.099,0.364,0.122,"1992",FALSE,0,0,57,FALSE
"117","Vern Fleming","PG",0.69,"IND",1,0.073,0.492,0.284,0.281,0.643,0.015,0.03,0.222,0.3,0.329,0.494,0.541,0.175,0.184,0.737,0.132,0.139,0.137,0.229,0.228,0.019,0.302,0.361,0.256,"1992",FALSE,0,0,40,FALSE
"118","Sleepy Floyd","PG",0.738,"HOU",1,0.037,0.47,0.277,0.324,0.541,0.092,0.139,0.301,0.259,0.328,0.429,0.481,0.179,0.175,0.794,0.065,0.115,0.098,0.205,0.232,0.056,0.276,0.345,0.263,"1992",FALSE,0,0,42,FALSE
"119","Greg Foster","PF",0.548,"WSB",0.598,0.037,0.155,0.086,0.089,0.615,0,0.001,0,0.093,0.108,0.464,0.512,0.046,0.05,0.714,0.082,0.101,0.095,0.03,0.024,0.032,0.078,0.224,0.075,"1992",FALSE,0,0,25,FALSE
"120","Rick Fox","SF",0.524,"BOS",0.988,0.061,0.434,0.233,0.242,0.612,0.057,0.079,0.329,0.227,0.257,0.479,0.534,0.184,0.189,0.755,0.14,0.146,0.144,0.108,0.317,0.08,0.265,0.62,0.227,"1992",FALSE,0,0,51,FALSE
"122","Anthony Frederick","SF",0.643,"CHH",0.805,0.317,0.241,0.156,0.17,0.58,0.01,0.019,0.235,0.163,0.199,0.445,0.49,0.083,0.095,0.685,0.143,0.069,0.094,0.061,0.163,0.069,0.125,0.245,0.137,"1992",FALSE,0,0,31,FALSE
"123","Kevin Gamble","SF",0.619,"BOS",1,0.939,0.706,0.464,0.418,0.705,0.022,0.035,0.29,0.49,0.495,0.537,0.593,0.184,0.162,0.885,0.153,0.205,0.187,0.188,0.305,0.098,0.209,0.539,0.391,"1992",FALSE,0,0,51,FALSE
"124","Winston Garland","PG",0.643,"DEN",0.951,0.817,0.625,0.322,0.345,0.592,0.022,0.032,0.321,0.337,0.407,0.449,0.5,0.226,0.205,0.859,0.128,0.122,0.124,0.353,0.398,0.059,0.377,0.555,0.299,"1992",FALSE,0,0,24,FALSE
"126","Chris Gatling","PF",0.571,"GSW",0.659,0.012,0.173,0.113,0.095,0.757,0,0.005,0,0.122,0.114,0.579,0.631,0.095,0.112,0.661,0.143,0.106,0.119,0.014,0.126,0.096,0.095,0.272,0.108,"1992",FALSE,0,0,55,FALSE
"127","Kenny Gattison","PF",0.643,"CHH",1,0.866,0.629,0.409,0.368,0.705,0,0.002,0,0.44,0.45,0.531,0.588,0.259,0.293,0.688,0.338,0.4,0.379,0.113,0.24,0.184,0.302,0.736,0.368,"1992",FALSE,0,0,31,FALSE
"128","Tate George","SG",0.548,"NJN",0.854,0.024,0.294,0.16,0.178,0.569,0.002,0.007,0.167,0.171,0.214,0.432,0.477,0.115,0.109,0.821,0.069,0.069,0.069,0.139,0.167,0.008,0.177,0.264,0.148,"1992",FALSE,0,0,40,FALSE
"129","Kendall Gill","SG",0.548,"CHH",0.963,0.963,0.823,0.644,0.657,0.623,0.015,0.028,0.24,0.687,0.791,0.471,0.521,0.376,0.392,0.745,0.315,0.235,0.263,0.283,0.626,0.122,0.388,0.639,0.573,"1992",FALSE,0,0,31,FALSE
"130","Armen Gilliam","PF",0.643,"PHI",0.988,0.988,0.784,0.495,0.461,0.681,0,0.002,0,0.533,0.563,0.513,0.568,0.454,0.437,0.807,0.447,0.423,0.431,0.101,0.207,0.226,0.358,0.474,0.483,"1992",FALSE,0,0,35,FALSE
"131","Gerald Glass","SF",0.571,"MIN",0.915,0.5,0.516,0.37,0.401,0.587,0.04,0.061,0.296,0.382,0.461,0.449,0.499,0.102,0.129,0.616,0.205,0.152,0.17,0.15,0.268,0.08,0.222,0.461,0.303,"1992",FALSE,0,0,15,FALSE
"132","Mike Gminski","C",0.762,"CHH",0.427,0.122,0.141,0.087,0.092,0.603,0.002,0.003,0.333,0.093,0.111,0.454,0.506,0.028,0.029,0.75,0.071,0.08,0.077,0.027,0.045,0.043,0.043,0.1,0.071,"1992",FALSE,0,0,31,FALSE
"134","Paul Graham","SG",0.571,"ATL",0.951,0.11,0.486,0.295,0.314,0.596,0.137,0.159,0.39,0.26,0.305,0.462,0.542,0.167,0.175,0.741,0.138,0.158,0.151,0.15,0.39,0.056,0.196,0.52,0.279,"1992",FALSE,0,0,38,FALSE
"136","Gary Grant","PG",0.619,"LAC",0.951,0.646,0.58,0.266,0.274,0.616,0.037,0.058,0.294,0.271,0.307,0.478,0.528,0.058,0.056,0.815,0.065,0.149,0.12,0.462,0.561,0.037,0.403,0.488,0.215,"1992",FALSE,0,0,45,FALSE
"138","Harvey Grant","SF",0.619,"WSB",0.78,0.732,0.676,0.473,0.47,0.637,0.002,0.009,0.125,0.508,0.572,0.481,0.532,0.233,0.226,0.8,0.3,0.273,0.282,0.146,0.301,0.072,0.235,0.48,0.408,"1992",FALSE,0,0,25,FALSE
"139","Horace Grant","PF",0.619,"CHI",0.988,0.988,0.809,0.442,0.364,0.771,0,0.002,0,0.476,0.444,0.58,0.642,0.311,0.326,0.741,0.658,0.46,0.527,0.186,0.407,0.348,0.211,0.528,0.406,"1992",FALSE,0,0,67,FALSE
"140","Jeff Grayer","SG",0.619,"MIL",1,0.134,0.47,0.299,0.317,0.597,0.047,0.074,0.288,0.302,0.351,0.465,0.513,0.135,0.157,0.667,0.247,0.127,0.168,0.129,0.26,0.035,0.226,0.383,0.261,"1992",FALSE,0,0,31,FALSE
"141","A.C. Green","PF",0.667,"LAL",1,0.646,0.821,0.369,0.37,0.635,0.03,0.063,0.214,0.385,0.421,0.495,0.537,0.45,0.47,0.744,0.585,0.453,0.498,0.101,0.37,0.096,0.239,0.38,0.394,"1992",FALSE,0,0,43,FALSE
"142","Rickey Green","PG",0.881,"BOS",0.317,0,0.104,0.044,0.047,0.596,0.002,0.005,0.25,0.047,0.056,0.455,0.501,0.017,0.019,0.722,0.006,0.021,0.016,0.058,0.069,0.003,0.039,0.075,0.037,"1992",FALSE,0,0,51,FALSE
"143","Sean Green","SG",0.5,"IND",0.427,0,0.072,0.06,0.073,0.523,0.005,0.011,0.2,0.062,0.083,0.405,0.443,0.02,0.029,0.536,0.042,0.02,0.027,0.019,0.053,0.016,0.058,0.084,0.05,"1992",FALSE,0,0,40,FALSE
"146","Tom Hammonds","PF",0.571,"WSB",0.451,0.232,0.279,0.189,0.184,0.651,0,0.001,0,0.203,0.225,0.489,0.542,0.066,0.084,0.61,0.094,0.135,0.121,0.031,0.089,0.035,0.125,0.318,0.155,"1992",FALSE,0,0,25,FALSE
"148","Tim Hardaway","PG",0.595,"GSW",0.988,0.988,0.943,0.71,0.733,0.615,0.316,0.424,0.338,0.632,0.686,0.499,0.557,0.394,0.4,0.766,0.155,0.227,0.203,0.693,0.667,0.035,0.575,0.561,0.668,"1992",FALSE,0,0.067,55,TRUE
"149","Derek Harper","PG",0.714,"DAL",0.793,0.78,0.637,0.433,0.465,0.591,0.144,0.21,0.312,0.406,0.465,0.473,0.524,0.262,0.269,0.759,0.094,0.12,0.111,0.32,0.411,0.045,0.332,0.404,0.407,"1992",FALSE,0,0,22,FALSE
"150","Ron Harper","SG",0.667,"LAC",1,1,0.89,0.55,0.595,0.587,0.159,0.238,0.303,0.525,0.61,0.467,0.517,0.388,0.409,0.736,0.229,0.325,0.292,0.358,0.618,0.191,0.543,0.536,0.528,"1992",FALSE,0,0,45,FALSE
"151","Scott Hastings","C",0.738,"DEN",0.488,0.049,0.119,0.016,0.023,0.453,0,0.01,0,0.018,0.023,0.415,0.378,0.032,0.029,0.857,0.057,0.068,0.064,0.022,0.041,0.04,0.047,0.151,0.02,"1992",FALSE,0,0,24,FALSE
"152","Hersey Hawkins","SG",0.595,"PHI",0.988,0.988,0.853,0.504,0.519,0.616,0.226,0.258,0.397,0.447,0.506,0.479,0.559,0.533,0.474,0.874,0.101,0.216,0.177,0.213,0.638,0.114,0.407,0.469,0.542,"1992",FALSE,0,0,35,FALSE
"154","Steve Henson","PG",0.548,"MIL",0.61,0.012,0.109,0.05,0.066,0.481,0.057,0.054,0.479,0.03,0.054,0.302,0.49,0.03,0.03,0.793,0.033,0.024,0.027,0.07,0.061,0.003,0.086,0.135,0.053,"1992",FALSE,0,0,31,FALSE
"155","Carl Herrera","PF",0.595,"HOU",0.524,0.085,0.16,0.08,0.074,0.688,0,0.001,0,0.086,0.09,0.519,0.573,0.033,0.045,0.568,0.063,0.066,0.065,0.023,0.065,0.066,0.08,0.162,0.067,"1992",FALSE,0,0,42,FALSE
"156","Rod Higgins","SF",0.762,"GSW",0.305,0.073,0.151,0.084,0.097,0.549,0.082,0.107,0.347,0.056,0.065,0.466,0.546,0.063,0.061,0.814,0.057,0.055,0.056,0.019,0.061,0.035,0.032,0.202,0.09,"1992",FALSE,0,0,55,FALSE
"158","Tyrone Hill","C",0.548,"GSW",1,0.915,0.534,0.246,0.224,0.696,0,0.001,0,0.264,0.274,0.523,0.58,0.216,0.242,0.694,0.348,0.408,0.388,0.04,0.297,0.114,0.228,0.849,0.237,"1992",FALSE,0,0,55,FALSE
"160","Craig Hodges","SG",0.738,"CHI",0.683,0.024,0.157,0.09,0.111,0.512,0.09,0.108,0.375,0.059,0.082,0.39,0.51,0.021,0.017,0.941,0.013,0.017,0.016,0.046,0.057,0.003,0.047,0.089,0.084,"1992",FALSE,0,0,67,FALSE
"163","Jeff Hornacek","SG",0.667,"PHO",0.988,0.988,0.871,0.614,0.571,0.683,0.206,0.213,0.439,0.574,0.593,0.525,0.607,0.369,0.324,0.886,0.203,0.299,0.266,0.353,0.642,0.082,0.366,0.588,0.576,"1992",FALSE,0,0,53,FALSE
"164","Brian Howard","SF",0.571,"DAL",0.329,0,0.09,0.052,0.048,0.692,0.002,0.002,0.5,0.055,0.058,0.52,0.582,0.029,0.032,0.71,0.033,0.034,0.033,0.012,0.045,0.021,0.032,0.148,0.046,"1992",FALSE,0,0,22,FALSE
"165","Jay Humphries","PG",0.69,"MIL",0.866,0.866,0.64,0.365,0.37,0.625,0.104,0.163,0.292,0.349,0.372,0.508,0.551,0.258,0.256,0.783,0.084,0.139,0.12,0.4,0.484,0.035,0.319,0.566,0.35,"1992",FALSE,0,0,31,FALSE
"167","Mike Iuzzolino","PG",0.571,"DAL",0.634,0.256,0.362,0.155,0.163,0.601,0.147,0.153,0.434,0.105,0.124,0.461,0.593,0.142,0.132,0.836,0.052,0.071,0.064,0.167,0.134,0.003,0.198,0.213,0.172,"1992",FALSE,0,0,22,FALSE
"169","Mark Jackson","PG",0.619,"NYK",0.988,0.988,0.697,0.355,0.344,0.655,0.027,0.049,0.256,0.37,0.397,0.506,0.554,0.226,0.228,0.77,0.182,0.209,0.199,0.596,0.455,0.035,0.455,0.412,0.323,"1992",FALSE,0,0,51,FALSE
"170","Dave Jamerson","SG",0.571,"HOU",0.585,0,0.107,0.076,0.088,0.552,0.02,0.032,0.286,0.074,0.092,0.436,0.483,0.033,0.028,0.926,0.042,0.021,0.028,0.028,0.069,0,0.052,0.105,0.067,"1992",FALSE,0,0,42,FALSE
"171","Henry James","SF",0.619,"CLE",0.793,0.061,0.245,0.159,0.185,0.543,0.072,0.102,0.322,0.14,0.177,0.431,0.492,0.081,0.078,0.803,0.067,0.076,0.073,0.021,0.065,0.029,0.093,0.253,0.148,"1992",FALSE,0,0,57,FALSE
"172","Les Jepsen","C",0.571,"SAC",0.378,0,0.025,0.009,0.011,0.5,0,0.001,0,0.009,0.013,0.391,0.417,0.009,0.011,0.636,0.023,0.018,0.02,0.001,0.004,0.013,0.006,0.046,0.009,"1992",FALSE,0,0,29,FALSE
"174","Buck Johnson","SF",0.667,"HOU",0.976,0.841,0.623,0.28,0.291,0.611,0.002,0.01,0.111,0.301,0.352,0.463,0.51,0.138,0.147,0.727,0.182,0.215,0.204,0.136,0.293,0.13,0.224,0.631,0.242,"1992",FALSE,0,0,42,FALSE
"175","Eddie Johnson","SF",0.762,"SEA",0.988,0.232,0.67,0.516,0.536,0.612,0.067,0.121,0.252,0.528,0.596,0.48,0.522,0.385,0.348,0.861,0.226,0.173,0.191,0.138,0.224,0.029,0.28,0.536,0.489,"1992",FALSE,0,0,47,FALSE
"176","Kevin Johnson","PG",0.595,"PHO",0.951,0.951,0.821,0.521,0.518,0.639,0.025,0.052,0.217,0.55,0.609,0.49,0.538,0.593,0.571,0.807,0.117,0.229,0.191,0.718,0.472,0.061,0.586,0.485,0.542,"1992",FALSE,0,0.002,53,TRUE
"177","Larry Johnson","PF",0.524,"CHH",1,0.939,0.862,0.596,0.579,0.653,0.012,0.025,0.227,0.636,0.697,0.494,0.547,0.448,0.421,0.829,0.618,0.572,0.588,0.251,0.329,0.136,0.345,0.606,0.556,"1992",FALSE,0,0,31,FALSE
"178","Vinnie Johnson","SG",0.833,"SAS",0.732,0.28,0.382,0.195,0.23,0.54,0.047,0.068,0.317,0.19,0.248,0.417,0.471,0.073,0.087,0.647,0.128,0.114,0.119,0.125,0.167,0.037,0.159,0.251,0.169,"1992",FALSE,0,0,47,FALSE
"180","Michael Jordan","SG",0.667,"CHI",0.976,0.976,0.878,0.912,0.837,0.692,0.067,0.113,0.27,0.953,0.969,0.533,0.584,0.649,0.607,0.832,0.174,0.417,0.334,0.42,0.74,0.199,0.431,0.542,0.849,"1992",TRUE,80,0.938,67,TRUE
"181","Shawn Kemp","PF",0.524,"SEA",0.78,0.28,0.512,0.35,0.33,0.672,0,0.003,0,0.377,0.403,0.506,0.56,0.357,0.371,0.748,0.505,0.398,0.435,0.074,0.285,0.33,0.336,0.704,0.351,"1992",FALSE,0,0,47,FALSE
"182","Steve Kerr","PG",0.619,"CLE",0.585,0.244,0.24,0.117,0.109,0.681,0.08,0.084,0.432,0.093,0.092,0.546,0.642,0.06,0.056,0.833,0.027,0.064,0.051,0.095,0.11,0.027,0.067,0.078,0.113,"1992",FALSE,0,0,57,FALSE
"183","Jerome Kersey","SF",0.69,"POR",0.939,0.927,0.723,0.385,0.392,0.623,0.002,0.009,0.125,0.413,0.476,0.47,0.52,0.23,0.27,0.664,0.461,0.389,0.414,0.209,0.463,0.189,0.325,0.685,0.343,"1992",FALSE,0,0,57,FALSE
"185","Bo Kimble","SG",0.595,"LAC",0.415,0,0.078,0.043,0.051,0.528,0.01,0.015,0.308,0.042,0.055,0.408,0.46,0.026,0.032,0.645,0.025,0.019,0.021,0.015,0.041,0.016,0.032,0.1,0.04,"1992",FALSE,0,0,45,FALSE
"186","Albert King","SF",0.762,"WSB",0.073,0,0.017,0.011,0.014,0.489,0.005,0.008,0.286,0.009,0.013,0.391,0.444,0.009,0.008,0.875,0.002,0.01,0.007,0.004,0.012,0,0.004,0.019,0.011,"1992",FALSE,0,0,25,FALSE
"187","Rich King","C",0.524,"SEA",0.488,0.024,0.06,0.026,0.033,0.507,0,0.001,0,0.028,0.039,0.386,0.422,0.045,0.046,0.756,0.038,0.029,0.032,0.01,0.016,0.013,0.039,0.113,0.031,"1992",FALSE,0,0,47,FALSE
"188","Stacey King","PF",0.595,"CHI",0.963,0.146,0.359,0.208,0.196,0.675,0.005,0.006,0.4,0.222,0.237,0.507,0.564,0.157,0.163,0.753,0.166,0.117,0.134,0.066,0.085,0.066,0.164,0.348,0.195,"1992",FALSE,0,0,67,FALSE
"189","Greg Kite","C",0.714,"ORL",0.878,0.537,0.419,0.091,0.099,0.583,0,0.001,0,0.098,0.121,0.439,0.486,0.053,0.07,0.588,0.298,0.244,0.263,0.038,0.122,0.152,0.131,0.571,0.081,"1992",FALSE,0,0,21,FALSE
"190","Joe Kleine","C",0.714,"BOS",0.854,0.037,0.28,0.139,0.135,0.655,0.01,0.009,0.5,0.146,0.161,0.491,0.553,0.045,0.049,0.708,0.18,0.201,0.193,0.027,0.093,0.037,0.058,0.267,0.115,"1992",FALSE,0,0,51,FALSE
"191","Negele Knight","PG",0.571,"PHO",0.512,0.012,0.179,0.1,0.1,0.633,0.01,0.015,0.308,0.103,0.115,0.485,0.538,0.044,0.049,0.688,0.031,0.03,0.03,0.096,0.098,0.008,0.125,0.156,0.086,"1992",FALSE,0,0,53,FALSE
"192","Bart Kofoed","SG",0.643,"SEA",0.537,0,0.068,0.024,0.024,0.629,0.002,0.008,0.143,0.025,0.026,0.522,0.534,0.02,0.027,0.577,0.011,0.02,0.017,0.044,0.008,0.005,0.043,0.07,0.023,"1992",FALSE,0,0,47,FALSE
"193","Jon Koncak","C",0.667,"ATL",0.939,0.171,0.421,0.107,0.131,0.521,0,0.014,0,0.116,0.153,0.408,0.434,0.025,0.03,0.655,0.119,0.198,0.171,0.113,0.203,0.178,0.116,0.558,0.085,"1992",FALSE,0,0,38,FALSE
"194","Larry Krystkowiak","PF",0.643,"MIL",0.963,0.195,0.523,0.283,0.304,0.592,0,0.006,0,0.305,0.369,0.447,0.493,0.169,0.174,0.757,0.25,0.296,0.28,0.098,0.22,0.032,0.248,0.588,0.252,"1992",FALSE,0,0,31,FALSE
"195","Bill Laimbeer","C",0.81,"DET",0.988,0.561,0.632,0.331,0.335,0.627,0.08,0.096,0.376,0.323,0.362,0.483,0.547,0.089,0.077,0.893,0.199,0.345,0.295,0.137,0.207,0.144,0.22,0.606,0.276,"1992",FALSE,0,0,48,FALSE
"197","Andrew Lang","C",0.595,"PHO",0.988,0.866,0.556,0.24,0.219,0.696,0,0.001,0,0.258,0.267,0.523,0.58,0.167,0.169,0.768,0.325,0.373,0.357,0.037,0.195,0.535,0.188,0.825,0.22,"1992",FALSE,0,0,53,FALSE
"198","Eric Leckner","C",0.595,"CHH",0.72,0.024,0.203,0.076,0.071,0.684,0,0.001,0,0.082,0.086,0.516,0.57,0.05,0.052,0.745,0.094,0.156,0.135,0.027,0.037,0.048,0.084,0.307,0.069,"1992",FALSE,0,0,31,FALSE
"199","Doug Lee","SG",0.643,"NJN",0.561,0,0.087,0.048,0.053,0.575,0.025,0.042,0.27,0.042,0.045,0.506,0.527,0.013,0.02,0.526,0.033,0.018,0.023,0.019,0.045,0.003,0.026,0.105,0.042,"1992",FALSE,0,0,40,FALSE
"201","Jim Les","PG",0.667,"SAC",0.756,0.061,0.202,0.072,0.088,0.513,0.112,0.148,0.344,0.03,0.034,0.475,0.559,0.05,0.048,0.809,0.021,0.052,0.041,0.123,0.126,0.008,0.091,0.156,0.082,"1992",FALSE,0,0,29,FALSE
"202","Fat Lever","SG",0.738,"DAL",0.378,0.061,0.25,0.131,0.161,0.516,0.042,0.059,0.327,0.123,0.168,0.397,0.457,0.079,0.082,0.75,0.107,0.104,0.105,0.092,0.187,0.032,0.078,0.197,0.123,"1992",FALSE,0,0,22,FALSE
"203","Cliff Levingston","PF",0.738,"CHI",0.963,0,0.289,0.121,0.116,0.664,0.002,0.007,0.167,0.129,0.138,0.506,0.556,0.079,0.099,0.625,0.208,0.117,0.148,0.057,0.11,0.12,0.091,0.361,0.11,"1992",FALSE,0,0,67,FALSE
"204","Reggie Lewis","SG",0.619,"BOS",1,1,0.869,0.68,0.643,0.671,0.012,0.024,0.238,0.726,0.776,0.507,0.561,0.386,0.353,0.851,0.224,0.275,0.258,0.159,0.508,0.279,0.293,0.695,0.601,"1992",FALSE,0,0,51,FALSE
"205","Marcus Liberty","SF",0.548,"DEN",0.915,0.159,0.432,0.266,0.286,0.591,0.042,0.056,0.34,0.268,0.322,0.452,0.508,0.173,0.185,0.728,0.275,0.163,0.201,0.05,0.268,0.077,0.194,0.445,0.246,"1992",FALSE,0,0,24,FALSE
"206","Todd Lichti","SG",0.595,"DEN",0.829,0.122,0.333,0.167,0.173,0.613,0.002,0.01,0.111,0.179,0.207,0.469,0.512,0.131,0.121,0.839,0.069,0.081,0.077,0.064,0.175,0.032,0.155,0.353,0.157,"1992",FALSE,0,0,24,FALSE
"208","Brad Lohaus","PF",0.643,"MIL",0.854,0.098,0.306,0.157,0.166,0.6,0.142,0.163,0.396,0.109,0.122,0.486,0.588,0.036,0.042,0.659,0.124,0.183,0.163,0.064,0.163,0.189,0.099,0.388,0.144,"1992",FALSE,0,0,31,FALSE
"209","Grant Long","PF",0.595,"MIA",1,1,0.867,0.426,0.41,0.659,0.015,0.025,0.273,0.452,0.49,0.5,0.553,0.431,0.416,0.807,0.495,0.429,0.452,0.193,0.565,0.106,0.399,0.668,0.428,"1992",FALSE,0,0,38,FALSE
"211","Kevin Lynch","SG",0.548,"CHH",0.671,0.037,0.232,0.09,0.103,0.556,0.007,0.009,0.375,0.094,0.121,0.419,0.471,0.046,0.047,0.761,0.057,0.055,0.056,0.071,0.15,0.024,0.095,0.288,0.079,"1992",FALSE,0,0,31,FALSE
"212","Mark Macon","SG",0.524,"DEN",0.927,0.817,0.652,0.322,0.409,0.5,0.01,0.034,0.133,0.342,0.484,0.383,0.419,0.179,0.19,0.73,0.153,0.139,0.144,0.144,0.626,0.037,0.334,0.652,0.284,"1992",FALSE,0,0,24,FALSE
"213","Dan Majerle","SF",0.619,"PHO",1,0.183,0.808,0.533,0.531,0.637,0.216,0.257,0.382,0.483,0.522,0.502,0.573,0.303,0.312,0.756,0.283,0.333,0.316,0.235,0.533,0.114,0.22,0.426,0.501,"1992",FALSE,0,0,53,FALSE
"214","Jeff Malone","SG",0.714,"UTA",0.988,0.988,0.827,0.668,0.623,0.681,0.002,0.014,0.083,0.718,0.756,0.515,0.568,0.339,0.293,0.898,0.094,0.183,0.152,0.155,0.228,0.013,0.302,0.34,0.579,"1992",FALSE,0,0,55,FALSE
"215","Karl Malone","PF",0.667,"UTA",0.988,0.988,0.864,0.772,0.698,0.701,0.007,0.019,0.176,0.827,0.845,0.53,0.586,0.89,0.89,0.778,0.43,0.679,0.594,0.207,0.439,0.136,0.534,0.609,0.802,"1992",FALSE,1,0.273,55,TRUE
"216","Moses Malone","C",0.857,"MIL",1,0.939,0.711,0.426,0.428,0.632,0.007,0.009,0.375,0.455,0.519,0.474,0.528,0.524,0.519,0.786,0.612,0.421,0.486,0.08,0.301,0.17,0.323,0.367,0.452,"1992",FALSE,0,0,31,FALSE
"217","Danny Manning","PF",0.595,"LAC",1,1,0.822,0.629,0.552,0.723,0,0.006,0,0.676,0.673,0.544,0.602,0.369,0.396,0.725,0.438,0.333,0.369,0.245,0.549,0.324,0.453,0.79,0.558,"1992",FALSE,0,0.001,45,TRUE
"218","Sarunas Marciulionis","SG",0.643,"GSW",0.878,0.061,0.599,0.475,0.42,0.717,0.007,0.011,0.3,0.508,0.509,0.541,0.6,0.497,0.491,0.788,0.13,0.139,0.136,0.209,0.472,0.027,0.416,0.639,0.481,"1992",FALSE,0,0,55,FALSE
"221","Vernon Maxwell","SG",0.619,"HOU",0.976,0.976,0.764,0.485,0.56,0.551,0.403,0.534,0.342,0.354,0.419,0.458,0.532,0.272,0.275,0.772,0.071,0.205,0.159,0.28,0.423,0.074,0.384,0.539,0.484,"1992",FALSE,0,0,42,FALSE
"223","Travis Mays","PG",0.548,"ATL",0.024,0,0.009,0.006,0.006,0.572,0.007,0.007,0.5,0.003,0.005,0.375,0.596,0.003,0.002,1,0.002,0.001,0.001,0.001,0,0,0.006,0.011,0.006,"1992",FALSE,0,0,38,FALSE
"224","Bob McCann","SF",0.643,"DET",0.317,0,0.037,0.013,0.015,0.525,0,0.001,0,0.014,0.018,0.406,0.438,0.005,0.013,0.308,0.023,0.018,0.02,0.005,0.024,0.011,0.015,0.062,0.011,"1992",FALSE,0,0,48,FALSE
"225","George McCloud","SF",0.571,"IND",0.622,0.061,0.252,0.124,0.144,0.545,0.08,0.106,0.34,0.1,0.124,0.438,0.511,0.066,0.066,0.781,0.086,0.086,0.086,0.1,0.106,0.029,0.134,0.256,0.119,"1992",FALSE,0,0,40,FALSE
"227","Rodney McCray","SF",0.714,"DAL",0.915,0.585,0.596,0.262,0.286,0.581,0.062,0.096,0.294,0.256,0.303,0.458,0.507,0.146,0.157,0.719,0.285,0.317,0.306,0.188,0.195,0.08,0.248,0.485,0.239,"1992",FALSE,0,0,22,FALSE
"228","Xavier McDaniel","SF",0.667,"NYK",1,1,0.663,0.472,0.47,0.637,0.03,0.044,0.308,0.495,0.554,0.485,0.538,0.181,0.198,0.714,0.337,0.282,0.301,0.128,0.232,0.064,0.317,0.65,0.397,"1992",FALSE,0,0,51,FALSE
"229","Kevin McHale","PF",0.81,"BOS",0.683,0.012,0.396,0.312,0.292,0.679,0,0.015,0,0.336,0.35,0.52,0.566,0.177,0.168,0.822,0.228,0.21,0.216,0.07,0.045,0.157,0.177,0.302,0.275,"1992",FALSE,0,0,51,FALSE
"230","Derrick McKey","SF",0.595,"SEA",0.634,0.537,0.497,0.276,0.278,0.629,0.047,0.056,0.38,0.277,0.312,0.48,0.542,0.249,0.228,0.847,0.182,0.172,0.175,0.103,0.248,0.125,0.246,0.383,0.274,"1992",FALSE,0,0,47,FALSE
"232","Nate McMillan","PG",0.643,"SEA",0.878,0.366,0.468,0.171,0.186,0.583,0.067,0.111,0.276,0.156,0.173,0.489,0.522,0.071,0.086,0.643,0.176,0.159,0.165,0.308,0.524,0.077,0.241,0.588,0.154,"1992",FALSE,0,0,47,FALSE
"233","Reggie Miller","SG",0.619,"IND",1,1,0.883,0.544,0.516,0.668,0.321,0.385,0.378,0.451,0.44,0.555,0.621,0.585,0.53,0.858,0.157,0.234,0.208,0.27,0.427,0.069,0.338,0.566,0.599,"1992",FALSE,0,0,40,FALSE
"234","Terry Mills","PF",0.571,"NJN",1,0.293,0.485,0.3,0.308,0.617,0.02,0.026,0.348,0.314,0.365,0.467,0.521,0.151,0.156,0.75,0.358,0.264,0.296,0.072,0.195,0.109,0.177,0.539,0.262,"1992",FALSE,0,0,40,FALSE
"235","Sam Mitchell","PF",0.667,"MIN",1,0.768,0.609,0.297,0.334,0.564,0.005,0.012,0.182,0.317,0.403,0.427,0.472,0.276,0.274,0.786,0.302,0.313,0.309,0.081,0.215,0.104,0.209,0.62,0.291,"1992",FALSE,0,0,15,FALSE
"236","Rodney Monroe","SG",0.548,"ATL",0.463,0,0.089,0.051,0.066,0.491,0.015,0.03,0.222,0.049,0.066,0.402,0.432,0.025,0.024,0.826,0.023,0.021,0.022,0.023,0.049,0.005,0.05,0.051,0.046,"1992",FALSE,0,0,38,FALSE
"237","Tracy Moore","SF",0.619,"DAL",0.512,0.024,0.221,0.126,0.15,0.533,0.075,0.095,0.357,0.104,0.136,0.415,0.496,0.086,0.08,0.833,0.059,0.051,0.054,0.041,0.13,0.011,0.095,0.261,0.125,"1992",FALSE,0,0,22,FALSE
"238","Chris Morris","SF",0.619,"NJN",0.939,0.902,0.678,0.335,0.334,0.636,0.055,0.124,0.2,0.337,0.347,0.526,0.547,0.218,0.238,0.714,0.38,0.293,0.323,0.169,0.524,0.215,0.369,0.569,0.31,"1992",FALSE,0,0,40,FALSE
"240","Chris Mullin","SF",0.667,"GSW",0.988,0.988,0.947,0.803,0.729,0.699,0.159,0.198,0.366,0.797,0.795,0.544,0.604,0.463,0.432,0.833,0.243,0.321,0.294,0.246,0.703,0.165,0.435,0.461,0.732,"1992",FALSE,0,0.084,55,TRUE
"241","Eric Murdock","PG",0.548,"UTA",0.61,0,0.135,0.074,0.084,0.553,0.012,0.029,0.192,0.074,0.089,0.452,0.477,0.061,0.063,0.754,0.04,0.033,0.035,0.079,0.122,0.019,0.108,0.14,0.072,"1992",FALSE,0,0,55,FALSE
"242","Tod Murphy","PF",0.667,"MIN",0.573,0.037,0.121,0.038,0.037,0.651,0.002,0.002,0.5,0.04,0.044,0.487,0.549,0.025,0.035,0.559,0.069,0.073,0.072,0.009,0.037,0.021,0.039,0.108,0.035,"1992",FALSE,0,0,15,FALSE
"245","Larry Nance","PF",0.762,"CLE",0.988,0.988,0.815,0.538,0.475,0.719,0,0.007,0,0.579,0.579,0.542,0.599,0.348,0.329,0.822,0.407,0.454,0.438,0.199,0.325,0.646,0.188,0.539,0.486,"1992",FALSE,0,0,57,FALSE
"246","Ed Nealy","PF",0.738,"PHO",0.634,0.049,0.143,0.06,0.056,0.683,0.05,0.056,0.4,0.044,0.04,0.592,0.661,0.021,0.025,0.667,0.048,0.085,0.073,0.032,0.065,0.005,0.037,0.121,0.056,"1992",FALSE,0,0,53,FALSE
"248","Johnny Newman","SF",0.667,"CHH",0.671,0.671,0.467,0.285,0.284,0.636,0.032,0.052,0.283,0.293,0.323,0.493,0.542,0.312,0.317,0.766,0.136,0.107,0.117,0.125,0.285,0.037,0.278,0.488,0.296,"1992",FALSE,0,0,31,FALSE
"249","Ken Norman","SF",0.643,"LAC",0.939,0.293,0.569,0.389,0.378,0.653,0.01,0.032,0.143,0.414,0.447,0.502,0.547,0.16,0.233,0.535,0.302,0.288,0.293,0.107,0.215,0.176,0.216,0.391,0.328,"1992",FALSE,0,0,45,FALSE
"250","Charles Oakley","PF",0.667,"NYK",1,1,0.654,0.203,0.185,0.696,0,0.003,0,0.219,0.225,0.526,0.58,0.114,0.12,0.735,0.489,0.441,0.458,0.114,0.272,0.04,0.265,0.695,0.179,"1992",FALSE,0,0,51,FALSE
"252","Hakeem Olajuwon","C",0.69,"HOU",0.854,0.841,0.746,0.572,0.542,0.669,0,0.001,0,0.615,0.663,0.503,0.558,0.434,0.44,0.766,0.47,0.595,0.552,0.135,0.516,0.809,0.403,0.709,0.533,"1992",FALSE,0,0,42,FALSE
"253","Brian Oliver","SG",0.548,"PHI",0.415,0,0.079,0.032,0.046,0.44,0,0.005,0,0.034,0.054,0.344,0.367,0.02,0.023,0.682,0.019,0.02,0.02,0.017,0.041,0.005,0.052,0.089,0.029,"1992",FALSE,0,0,35,FALSE
"254","Jimmy Oliver","SG",0.524,"CLE",0.329,0.098,0.071,0.038,0.045,0.531,0.002,0.01,0.111,0.04,0.05,0.427,0.448,0.022,0.023,0.773,0.017,0.018,0.018,0.017,0.037,0.005,0.019,0.059,0.034,"1992",FALSE,0,0,57,FALSE
"255","Billy Owens","PF",0.524,"GSW",0.976,0.939,0.71,0.453,0.41,0.7,0.002,0.01,0.111,0.486,0.497,0.529,0.584,0.27,0.321,0.654,0.465,0.393,0.418,0.162,0.366,0.173,0.386,0.744,0.403,"1992",FALSE,0,0,55,FALSE
"257","Robert Pack","PG",0.524,"POR",0.878,0,0.253,0.111,0.125,0.564,0,0.011,0,0.12,0.148,0.439,0.47,0.135,0.131,0.803,0.061,0.065,0.063,0.12,0.163,0.011,0.198,0.272,0.117,"1992",FALSE,0,0,57,FALSE
"259","John Paxson","PG",0.738,"CHI",0.963,0.963,0.551,0.249,0.224,0.704,0.03,0.05,0.273,0.255,0.25,0.553,0.6,0.038,0.038,0.784,0.04,0.074,0.063,0.207,0.199,0.024,0.095,0.383,0.196,"1992",FALSE,0,0,67,FALSE
"260","Kenny Payne","SF",0.595,"PHI",0.598,0.037,0.1,0.063,0.067,0.597,0.012,0.014,0.417,0.062,0.075,0.451,0.518,0.012,0.013,0.692,0.025,0.041,0.035,0.015,0.065,0.021,0.041,0.092,0.051,"1992",FALSE,0,0,35,FALSE
"261","Gary Payton","PG",0.548,"SEA",0.988,0.963,0.721,0.32,0.338,0.601,0.007,0.026,0.13,0.341,0.401,0.461,0.503,0.131,0.152,0.669,0.235,0.171,0.193,0.435,0.598,0.056,0.375,0.668,0.27,"1992",FALSE,0,0,47,FALSE
"262","Will Perdue","C",0.619,"CHI",0.939,0.085,0.285,0.147,0.128,0.729,0.002,0.002,0.5,0.157,0.156,0.547,0.61,0.06,0.094,0.495,0.207,0.203,0.204,0.069,0.065,0.114,0.155,0.358,0.124,"1992",FALSE,0,0,67,FALSE
"263","Sam Perkins","PF",0.714,"LAL",0.768,0.768,0.66,0.349,0.37,0.6,0.037,0.078,0.217,0.36,0.414,0.471,0.51,0.402,0.383,0.817,0.367,0.361,0.363,0.121,0.26,0.165,0.179,0.518,0.368,"1992",FALSE,0,0,43,FALSE
"265","Tim Perry","PF",0.619,"PHO",0.976,0.841,0.703,0.399,0.363,0.697,0.007,0.009,0.375,0.427,0.44,0.525,0.583,0.202,0.221,0.712,0.39,0.345,0.36,0.115,0.179,0.309,0.304,0.639,0.347,"1992",FALSE,0,0,53,FALSE
"266","Chuck Person","SF",0.643,"IND",0.988,0.988,0.827,0.596,0.591,0.64,0.328,0.4,0.373,0.504,0.525,0.52,0.59,0.176,0.203,0.675,0.218,0.31,0.278,0.328,0.276,0.048,0.466,0.666,0.529,"1992",FALSE,0,0,40,FALSE
"267","Jim Petersen","PF",0.69,"GSW",0.329,0.024,0.048,0.017,0.018,0.6,0,0.002,0,0.019,0.021,0.474,0.5,0.009,0.01,0.7,0.023,0.033,0.029,0.008,0.02,0.016,0.011,0.094,0.015,"1992",FALSE,0,0,55,FALSE
"268","Drazen Petrovic","SG",0.643,"NJN",1,1,0.857,0.646,0.605,0.677,0.306,0.313,0.444,0.567,0.585,0.525,0.617,0.307,0.295,0.808,0.185,0.16,0.169,0.216,0.427,0.029,0.463,0.668,0.597,"1992",FALSE,0,0,40,FALSE
"269","Bobby Phills","SG",0.524,"CLE",0.122,0,0.018,0.012,0.013,0.572,0,0.002,0,0.012,0.015,0.462,0.477,0.009,0.011,0.636,0.008,0.004,0.005,0.003,0.012,0.003,0.017,0.008,0.011,"1992",FALSE,0,0,57,FALSE
"270","Ricky Pierce","SG",0.762,"SEA",0.951,0.951,0.752,0.6,0.601,0.633,0.082,0.139,0.268,0.611,0.667,0.496,0.541,0.552,0.468,0.916,0.178,0.139,0.152,0.207,0.35,0.053,0.407,0.574,0.597,"1992",FALSE,0,0,47,FALSE
"271","Ed Pinckney","PF",0.667,"BOS",0.988,0.439,0.543,0.196,0.174,0.716,0,0.001,0,0.211,0.213,0.538,0.597,0.274,0.262,0.812,0.482,0.31,0.369,0.053,0.285,0.149,0.157,0.426,0.216,"1992",FALSE,0,0,51,FALSE
"272","Scottie Pippen","SF",0.619,"CHI",1,1,0.896,0.664,0.625,0.675,0.04,0.09,0.2,0.698,0.721,0.525,0.568,0.437,0.447,0.76,0.354,0.442,0.412,0.491,0.63,0.247,0.545,0.652,0.607,"1992",FALSE,1,0.033,67,TRUE
"273","Olden Polynice","C",0.643,"LAC",0.927,0.793,0.519,0.236,0.216,0.692,0,0.001,0,0.254,0.265,0.52,0.577,0.165,0.207,0.622,0.373,0.339,0.35,0.04,0.183,0.053,0.179,0.445,0.216,"1992",FALSE,0,0,45,FALSE
"274","Dave Popson","PF",0.643,"MIL",0.061,0,0.007,0.003,0.003,0.572,0,0.001,0,0.003,0.003,0.5,0.477,0.001,0.002,0.5,0.004,0.003,0.003,0.003,0.008,0.003,0.009,0.013,0.002,"1992",FALSE,0,0,31,FALSE
"275","Terry Porter","PG",0.667,"POR",1,1,0.788,0.504,0.52,0.615,0.318,0.366,0.395,0.409,0.454,0.488,0.576,0.417,0.379,0.856,0.098,0.203,0.167,0.41,0.516,0.032,0.405,0.418,0.524,"1992",FALSE,0,0,57,FALSE
"276","Paul Pressey","SG",0.786,"SAS",0.683,0.085,0.215,0.058,0.074,0.497,0.007,0.024,0.143,0.059,0.079,0.407,0.424,0.037,0.042,0.683,0.042,0.072,0.062,0.122,0.118,0.051,0.138,0.232,0.053,"1992",FALSE,0,0,47,FALSE
"277","Mark Price","PG",0.643,"CLE",0.878,0.878,0.605,0.424,0.413,0.651,0.251,0.295,0.387,0.351,0.359,0.53,0.606,0.357,0.293,0.947,0.073,0.134,0.113,0.46,0.382,0.032,0.343,0.305,0.44,"1992",FALSE,0,0.069,57,TRUE
"278","Kevin Pritchard","PG",0.571,"BOS",0.134,0,0.038,0.015,0.016,0.628,0,0.003,0,0.017,0.017,0.516,0.523,0.019,0.019,0.778,0.002,0.01,0.007,0.026,0.012,0.011,0.024,0.046,0.016,"1992",FALSE,0,0,51,FALSE
"282","Blair Rasmussen","C",0.69,"ATL",0.988,0.744,0.557,0.336,0.334,0.637,0.012,0.026,0.217,0.356,0.397,0.486,0.534,0.04,0.041,0.75,0.18,0.297,0.257,0.092,0.142,0.128,0.11,0.628,0.257,"1992",FALSE,0,0,38,FALSE
"283","J.R. Reid","C",0.548,"CHH",0.622,0.085,0.356,0.206,0.2,0.653,0,0.003,0,0.222,0.244,0.493,0.544,0.177,0.195,0.705,0.184,0.219,0.207,0.07,0.199,0.061,0.181,0.429,0.198,"1992",FALSE,0,0,31,FALSE
"284","Jerry Reynolds","SG",0.69,"ORL",0.561,0.195,0.328,0.191,0.238,0.507,0.007,0.027,0.125,0.202,0.279,0.393,0.426,0.209,0.194,0.836,0.09,0.101,0.097,0.13,0.256,0.045,0.207,0.186,0.196,"1992",FALSE,0,0,21,FALSE
"285","Glen Rice","SF",0.571,"MIA",0.963,0.963,0.851,0.65,0.659,0.625,0.386,0.447,0.391,0.538,0.584,0.499,0.581,0.352,0.327,0.836,0.161,0.308,0.258,0.158,0.366,0.093,0.312,0.458,0.623,"1992",FALSE,0,0,38,FALSE
"286","Pooh Richardson","PG",0.595,"MIN",1,1,0.827,0.568,0.58,0.621,0.132,0.175,0.342,0.556,0.624,0.483,0.541,0.163,0.183,0.691,0.174,0.209,0.197,0.588,0.484,0.066,0.44,0.41,0.477,"1992",FALSE,0,0,15,FALSE
"287","Mitch Richmond","SG",0.619,"SAC",0.976,0.976,0.876,0.662,0.674,0.624,0.256,0.302,0.384,0.606,0.675,0.486,0.559,0.437,0.418,0.813,0.119,0.255,0.208,0.353,0.374,0.09,0.532,0.623,0.637,"1992",FALSE,0,0,29,FALSE
"288","David Rivers","PG",0.643,"LAC",0.183,0,0.035,0.01,0.014,0.444,0,0.001,0,0.01,0.016,0.345,0.37,0.013,0.011,0.909,0.019,0.009,0.012,0.018,0.028,0.003,0.037,0.038,0.011,"1992",FALSE,0,0,45,FALSE
"289","Doc Rivers","PG",0.714,"LAC",0.72,0.305,0.469,0.219,0.245,0.565,0.065,0.104,0.283,0.208,0.249,0.454,0.498,0.216,0.202,0.832,0.044,0.123,0.096,0.2,0.451,0.051,0.198,0.447,0.226,"1992",FALSE,0,0,45,FALSE
"290","Fred Roberts","PF",0.738,"MIL",0.976,0.768,0.494,0.301,0.297,0.643,0.047,0.042,0.514,0.304,0.343,0.48,0.552,0.169,0.176,0.749,0.197,0.153,0.168,0.105,0.211,0.106,0.263,0.477,0.272,"1992",FALSE,0,0,31,FALSE
"291","Stanley Roberts","C",0.5,"ORL",0.671,0.415,0.316,0.228,0.205,0.705,0,0.001,0,0.246,0.251,0.53,0.588,0.134,0.202,0.515,0.216,0.221,0.22,0.034,0.089,0.221,0.168,0.596,0.202,"1992",FALSE,0,0,21,FALSE
"292","Alvin Robertson","SG",0.69,"MIL",1,0.963,0.697,0.383,0.424,0.573,0.167,0.237,0.319,0.342,0.402,0.462,0.518,0.2,0.204,0.763,0.335,0.174,0.229,0.309,0.854,0.085,0.481,0.709,0.357,"1992",FALSE,0,0,31,FALSE
"293","Cliff Robinson","PF",0.738,"LAL",0.11,0,0.022,0.011,0.012,0.543,0,0.001,0,0.011,0.015,0.423,0.452,0.009,0.008,0.875,0.013,0.012,0.012,0.008,0.02,0,0.015,0.011,0.01,"1992",FALSE,0,0,43,FALSE
"294","Clifford Robinson","SF",0.595,"POR",1,0.085,0.601,0.385,0.393,0.621,0.002,0.012,0.091,0.413,0.475,0.471,0.519,0.29,0.34,0.664,0.268,0.274,0.272,0.118,0.346,0.285,0.332,0.739,0.359,"1992",FALSE,0,0,57,FALSE
"295","David Robinson","C",0.619,"SAS",0.829,0.829,0.726,0.573,0.494,0.735,0.002,0.009,0.125,0.615,0.601,0.554,0.613,0.52,0.577,0.701,0.499,0.564,0.542,0.155,0.642,0.811,0.392,0.59,0.557,"1992",FALSE,2,0.351,47,TRUE
"297","Rumeal Robinson","PG",0.595,"ATL",0.988,0.78,0.628,0.409,0.427,0.608,0.085,0.117,0.327,0.405,0.465,0.472,0.527,0.231,0.283,0.636,0.122,0.154,0.143,0.383,0.427,0.064,0.444,0.48,0.373,"1992",FALSE,0,0,38,FALSE
"298","Dennis Rodman","PF",0.714,"DET",1,0.976,0.934,0.331,0.292,0.719,0.08,0.114,0.317,0.323,0.301,0.581,0.627,0.111,0.144,0.6,1,1,1,0.164,0.276,0.186,0.302,0.668,0.282,"1992",FALSE,0,0.027,48,TRUE
"301","Delaney Rudd","SG",0.69,"UTA",0.793,0,0.152,0.073,0.087,0.532,0.027,0.053,0.234,0.067,0.08,0.454,0.476,0.042,0.043,0.762,0.029,0.039,0.035,0.094,0.061,0.003,0.106,0.173,0.068,"1992",FALSE,0,0,55,FALSE
"303","John Salley","PF",0.643,"DET",0.878,0.463,0.502,0.241,0.224,0.683,0,0.003,0,0.259,0.272,0.516,0.569,0.246,0.267,0.715,0.203,0.189,0.193,0.1,0.199,0.293,0.22,0.598,0.242,"1992",FALSE,0,0,48,FALSE
"304","Ralph Sampson","C",0.738,"WSB",0.122,0,0.031,0.009,0.013,0.413,0,0.002,0,0.009,0.015,0.333,0.344,0.005,0.006,0.667,0.021,0.019,0.02,0.003,0.012,0.021,0.022,0.038,0.008,"1992",FALSE,0,0,25,FALSE
"309","Dwayne Schintzius","C",0.548,"SAC",0.402,0,0.113,0.048,0.054,0.569,0,0.005,0,0.052,0.064,0.442,0.474,0.013,0.012,0.833,0.082,0.074,0.077,0.017,0.024,0.074,0.041,0.181,0.039,"1992",FALSE,0,0,29,FALSE
"310","Detlef Schrempf","PF",0.69,"IND",0.976,0.049,0.737,0.48,0.426,0.715,0.057,0.08,0.324,0.492,0.482,0.554,0.61,0.483,0.454,0.828,0.386,0.564,0.503,0.268,0.252,0.098,0.412,0.771,0.487,"1992",FALSE,0,0.001,40,TRUE
"311","Byron Scott","SG",0.714,"LAL",1,1,0.758,0.445,0.462,0.611,0.134,0.177,0.344,0.422,0.478,0.479,0.539,0.323,0.299,0.838,0.141,0.234,0.203,0.194,0.427,0.074,0.256,0.377,0.43,"1992",FALSE,0,0,43,FALSE
"312","Dennis Scott","SF",0.548,"ORL",0.22,0.183,0.172,0.129,0.152,0.536,0.072,0.1,0.326,0.108,0.136,0.43,0.496,0.085,0.073,0.901,0.027,0.052,0.043,0.03,0.081,0.024,0.067,0.132,0.127,"1992",FALSE,0,0,21,FALSE
"313","Rony Seikaly","C",0.619,"MIA",0.963,0.951,0.793,0.448,0.436,0.652,0,0.003,0,0.482,0.532,0.49,0.543,0.489,0.52,0.733,0.587,0.623,0.61,0.094,0.163,0.322,0.466,0.749,0.458,"1992",FALSE,0,0,38,FALSE
"314","Brad Sellers","PF",0.69,"DET",0.524,0.012,0.064,0.04,0.04,0.621,0,0.001,0,0.043,0.049,0.471,0.518,0.026,0.027,0.769,0.029,0.027,0.027,0.012,0.004,0.027,0.032,0.054,0.036,"1992",FALSE,0,0,48,FALSE
"315","Charles Shackleford","C",0.595,"PHI",0.878,0.756,0.396,0.198,0.194,0.648,0,0.001,0,0.213,0.237,0.487,0.54,0.083,0.098,0.663,0.277,0.268,0.271,0.04,0.154,0.136,0.134,0.553,0.167,"1992",FALSE,0,0,35,FALSE
"317","Lionel Simmons","SF",0.548,"SAC",0.951,0.951,0.819,0.51,0.535,0.605,0.002,0.006,0.2,0.547,0.653,0.455,0.504,0.372,0.376,0.77,0.285,0.482,0.414,0.29,0.549,0.351,0.47,0.553,0.472,"1992",FALSE,0,0,29,FALSE
"318","Scott Skiles","PG",0.643,"ORL",0.915,0.768,0.673,0.347,0.399,0.552,0.226,0.282,0.364,0.279,0.349,0.434,0.518,0.328,0.285,0.895,0.069,0.165,0.132,0.467,0.301,0.013,0.502,0.507,0.373,"1992",FALSE,0,0,21,FALSE
"319","Charles Smith","SF",0.619,"LAC",0.598,0.305,0.371,0.243,0.248,0.621,0,0.007,0,0.261,0.301,0.471,0.518,0.28,0.278,0.785,0.182,0.205,0.197,0.048,0.167,0.261,0.149,0.429,0.252,"1992",FALSE,0,0,45,FALSE
"320","Doug Smith","PF",0.524,"DAL",0.927,0.39,0.483,0.281,0.323,0.553,0,0.012,0,0.303,0.39,0.421,0.461,0.118,0.124,0.736,0.247,0.26,0.256,0.111,0.252,0.09,0.209,0.698,0.237,"1992",FALSE,0,0,22,FALSE
"321","Kenny Smith","PG",0.619,"HOU",0.988,0.976,0.774,0.418,0.419,0.633,0.134,0.155,0.394,0.393,0.436,0.489,0.56,0.29,0.26,0.866,0.065,0.142,0.116,0.483,0.423,0.019,0.489,0.302,0.401,"1992",FALSE,0,0,42,FALSE
"322","LaBradford Smith","SG",0.524,"WSB",0.585,0.061,0.2,0.097,0.113,0.543,0.005,0.024,0.095,0.102,0.127,0.436,0.457,0.06,0.058,0.804,0.057,0.051,0.053,0.085,0.179,0.003,0.136,0.264,0.087,"1992",FALSE,0,0,25,FALSE
"323","Larry Smith","PF",0.81,"HOU",0.549,0.085,0.226,0.048,0.042,0.724,0,0.001,0,0.052,0.051,0.549,0.603,0.005,0.011,0.364,0.205,0.148,0.167,0.028,0.085,0.019,0.095,0.326,0.037,"1992",FALSE,0,0,42,FALSE
"324","Otis Smith","SG",0.667,"ORL",0.671,0.061,0.248,0.112,0.146,0.487,0.02,0.024,0.381,0.112,0.168,0.364,0.419,0.093,0.094,0.769,0.076,0.075,0.076,0.049,0.146,0.035,0.134,0.229,0.109,"1992",FALSE,0,0,21,FALSE
"325","Steve Smith","SG",0.524,"MIA",0.744,0.72,0.511,0.287,0.301,0.605,0.1,0.141,0.32,0.267,0.298,0.486,0.539,0.126,0.131,0.748,0.155,0.106,0.123,0.239,0.24,0.051,0.328,0.437,0.257,"1992",FALSE,0,0,38,FALSE
"326","Tony Smith","PG",0.548,"LAL",0.768,0,0.232,0.109,0.13,0.532,0,0.012,0,0.118,0.153,0.415,0.443,0.065,0.077,0.653,0.059,0.045,0.05,0.094,0.159,0.021,0.108,0.245,0.097,"1992",FALSE,0,0,43,FALSE
"327","Rik Smits","C",0.595,"IND",0.902,0.671,0.502,0.422,0.393,0.68,0,0.002,0,0.454,0.481,0.511,0.567,0.201,0.199,0.788,0.237,0.291,0.273,0.1,0.118,0.266,0.28,0.623,0.362,"1992",FALSE,0,0,40,FALSE
"331","John Starks","SG",0.619,"NYK",1,0,0.599,0.392,0.415,0.599,0.234,0.305,0.348,0.324,0.356,0.492,0.557,0.311,0.311,0.778,0.086,0.145,0.125,0.237,0.419,0.048,0.323,0.623,0.402,"1992",FALSE,0,0,51,FALSE
"332","Larry Stewart","PF",0.548,"WSB",0.927,0.524,0.631,0.293,0.272,0.685,0,0.003,0,0.315,0.331,0.516,0.571,0.249,0.24,0.807,0.356,0.261,0.293,0.103,0.207,0.117,0.241,0.606,0.28,"1992",FALSE,0,0,25,FALSE
"333","John Stockton","PG",0.69,"UTA",1,1,0.85,0.438,0.432,0.643,0.206,0.23,0.407,0.385,0.415,0.503,0.586,0.407,0.377,0.842,0.13,0.201,0.176,0.967,0.992,0.059,0.616,0.631,0.458,"1992",FALSE,0,0.019,55,TRUE
"334","Rod Strickland","PG",0.595,"SAS",0.695,0.659,0.581,0.29,0.303,0.607,0.012,0.017,0.333,0.307,0.363,0.458,0.51,0.241,0.273,0.687,0.176,0.172,0.173,0.422,0.48,0.045,0.345,0.329,0.278,"1992",FALSE,0,0,47,FALSE
"336","Lamont Strothers","SG",0.548,"POR",0.049,0,0.005,0.004,0.006,0.444,0,0.002,0,0.004,0.006,0.4,0.37,0.003,0.004,0.5,0.002,0,0.001,0.001,0.004,0.003,0.004,0.005,0.004,"1992",FALSE,0,0,57,FALSE
"338","Greg Sutton","PG",0.571,"SAS",0.817,0.024,0.17,0.09,0.11,0.517,0.065,0.1,0.292,0.07,0.085,0.444,0.491,0.045,0.046,0.756,0.011,0.041,0.031,0.078,0.106,0.024,0.151,0.299,0.087,"1992",FALSE,0,0,47,FALSE
"339","Terry Teagle","SG",0.738,"LAL",1,0,0.453,0.352,0.37,0.603,0.002,0.005,0.25,0.378,0.452,0.453,0.503,0.2,0.203,0.766,0.174,0.091,0.12,0.097,0.268,0.024,0.246,0.399,0.311,"1992",FALSE,0,0,43,FALSE
"340","Carl Thomas","SG",0.524,"SAC",0.012,0,0.009,0.005,0.006,0.556,0.002,0.002,0.5,0.004,0.006,0.4,0.509,0.001,0.002,0.5,0,0,0,0.001,0.004,0,0.002,0.008,0.004,"1992",FALSE,0,0,29,FALSE
"341","Charles Thomas","SG",0.524,"DET",0.439,0,0.044,0.017,0.023,0.471,0.005,0.019,0.118,0.017,0.019,0.471,0.414,0.013,0.015,0.667,0.011,0.016,0.014,0.019,0.016,0.003,0.037,0.054,0.017,"1992",FALSE,0,0,48,FALSE
"342","Isiah Thomas","PG",0.714,"DET",0.951,0.951,0.826,0.545,0.582,0.595,0.062,0.097,0.291,0.561,0.664,0.458,0.507,0.386,0.389,0.772,0.13,0.178,0.161,0.481,0.48,0.04,0.543,0.523,0.51,"1992",FALSE,0,0,48,FALSE
"344","LaSalle Thompson","C",0.714,"IND",0.976,0.598,0.368,0.162,0.165,0.624,0,0.002,0,0.175,0.201,0.471,0.52,0.077,0.073,0.817,0.187,0.281,0.249,0.088,0.211,0.09,0.211,0.558,0.139,"1992",FALSE,0,0,40,FALSE
"347","Otis Thorpe","PF",0.69,"HOU",1,1,0.865,0.54,0.434,0.789,0,0.008,0,0.581,0.528,0.596,0.658,0.402,0.476,0.657,0.545,0.573,0.563,0.215,0.211,0.098,0.511,0.827,0.501,"1992",FALSE,0,0,42,FALSE
"348","Sedale Threatt","PG",0.714,"LAL",1,1,0.869,0.492,0.479,0.652,0.05,0.07,0.323,0.509,0.552,0.499,0.554,0.267,0.25,0.831,0.082,0.209,0.165,0.509,0.683,0.043,0.392,0.623,0.438,"1992",FALSE,0,0,43,FALSE
"349","Wayman Tisdale","PF",0.643,"SAC",0.878,0.866,0.714,0.505,0.48,0.667,0,0.002,0,0.543,0.587,0.501,0.556,0.2,0.204,0.763,0.258,0.332,0.307,0.091,0.224,0.21,0.267,0.668,0.422,"1992",FALSE,0,0,29,FALSE
"350","Tom Tolbert","PF",0.619,"GSW",0.427,0,0.088,0.032,0.04,0.512,0.005,0.009,0.25,0.032,0.044,0.397,0.439,0.029,0.041,0.55,0.027,0.041,0.036,0.018,0.041,0.016,0.043,0.197,0.032,"1992",FALSE,0,0,55,FALSE
"351","Trent Tucker","SG",0.762,"SAS",0.293,0,0.117,0.058,0.059,0.62,0.047,0.054,0.396,0.043,0.046,0.506,0.599,0.021,0.021,0.8,0.015,0.029,0.024,0.023,0.085,0.008,0.03,0.105,0.055,"1992",FALSE,0,0,47,FALSE
"352","Andre Turner","PG",0.643,"WSB",0.854,0.037,0.247,0.107,0.12,0.567,0.002,0.018,0.063,0.114,0.138,0.449,0.474,0.081,0.079,0.792,0.033,0.072,0.059,0.152,0.232,0.005,0.181,0.159,0.1,"1992",FALSE,0,0,25,FALSE
"353","Jeff Turner","SF",0.69,"ORL",0.915,0.512,0.45,0.218,0.23,0.601,0.002,0.009,0.125,0.233,0.277,0.456,0.502,0.104,0.117,0.693,0.119,0.183,0.161,0.079,0.098,0.043,0.228,0.617,0.187,"1992",FALSE,0,0,21,FALSE
"355","Kiki Vandeweghe","SF",0.786,"NYK",0.817,0,0.271,0.182,0.176,0.655,0.065,0.074,0.394,0.169,0.179,0.511,0.583,0.086,0.083,0.802,0.059,0.057,0.058,0.049,0.061,0.021,0.058,0.235,0.165,"1992",FALSE,0,0,51,FALSE
"356","Loy Vaught","PF",0.548,"LAC",0.963,0.463,0.477,0.262,0.254,0.656,0.01,0.006,0.8,0.278,0.308,0.489,0.55,0.073,0.071,0.797,0.306,0.35,0.335,0.061,0.15,0.082,0.142,0.445,0.212,"1992",FALSE,0,0,45,FALSE
"358","Sam Vincent","PG",0.667,"ORL",0.476,0.22,0.25,0.145,0.161,0.573,0.002,0.015,0.077,0.155,0.19,0.443,0.479,0.146,0.134,0.846,0.036,0.081,0.066,0.127,0.142,0.011,0.155,0.148,0.145,"1992",FALSE,0,0,21,FALSE
"359","Alexander Volkov","C",0.643,"ATL",0.939,0.329,0.429,0.243,0.262,0.588,0.087,0.124,0.318,0.225,0.259,0.471,0.524,0.165,0.204,0.631,0.197,0.161,0.173,0.215,0.268,0.08,0.22,0.48,0.234,"1992",FALSE,0,0,38,FALSE
"361","Darrell Walker","SG",0.714,"DET",0.902,0.049,0.436,0.156,0.175,0.564,0,0.011,0,0.168,0.209,0.434,0.47,0.086,0.108,0.619,0.163,0.152,0.156,0.176,0.256,0.048,0.17,0.361,0.137,"1992",FALSE,0,0,48,FALSE
"362","Spud Webb","PG",0.667,"SAC",0.939,0.939,0.771,0.433,0.463,0.593,0.182,0.225,0.367,0.39,0.455,0.465,0.536,0.347,0.314,0.859,0.057,0.192,0.146,0.47,0.508,0.064,0.494,0.52,0.435,"1992",FALSE,0,0,29,FALSE
"363","Doug West","SG",0.571,"MIN",0.976,0.878,0.719,0.448,0.411,0.691,0.01,0.026,0.174,0.478,0.491,0.527,0.578,0.246,0.238,0.805,0.205,0.149,0.168,0.241,0.268,0.069,0.259,0.644,0.394,"1992",FALSE,0,0,15,FALSE
"365","Ennis Whatley","PG",0.69,"POR",0.28,0,0.059,0.02,0.023,0.549,0,0.005,0,0.022,0.027,0.447,0.458,0.036,0.032,0.871,0.011,0.015,0.014,0.029,0.057,0.008,0.03,0.032,0.024,"1992",FALSE,0,0,57,FALSE
"366","Randy White","PF",0.571,"DAL",0.793,0.146,0.289,0.14,0.176,0.507,0.01,0.03,0.148,0.147,0.2,0.397,0.428,0.164,0.167,0.765,0.184,0.139,0.154,0.027,0.126,0.059,0.147,0.423,0.148,"1992",FALSE,0,0,22,FALSE
"367","Mitchell Wiggins","SG",0.762,"PHI",0.598,0,0.161,0.085,0.105,0.512,0,0.001,0,0.092,0.129,0.386,0.427,0.046,0.052,0.686,0.082,0.051,0.061,0.019,0.081,0.003,0.054,0.181,0.075,"1992",FALSE,0,0,35,FALSE
"369","Dominique Wilkins","SF",0.762,"ATL",0.512,0.512,0.453,0.41,0.421,0.619,0.092,0.144,0.289,0.403,0.443,0.492,0.538,0.389,0.362,0.835,0.197,0.191,0.193,0.136,0.211,0.064,0.263,0.208,0.416,"1992",FALSE,0,0,38,FALSE
"370","Gerald Wilkins","SG",0.667,"NYK",1,1,0.663,0.417,0.444,0.596,0.095,0.122,0.352,0.409,0.483,0.459,0.519,0.153,0.164,0.73,0.141,0.131,0.135,0.188,0.309,0.045,0.244,0.526,0.359,"1992",FALSE,0,0,51,FALSE
"371","Buck Williams","PF",0.738,"POR",0.976,0.976,0.713,0.329,0.259,0.805,0,0.001,0,0.354,0.317,0.605,0.671,0.292,0.301,0.754,0.497,0.441,0.46,0.093,0.252,0.109,0.28,0.658,0.318,"1992",FALSE,0,0,57,FALSE
"372","Herb Williams","C",0.786,"DAL",0.915,0.317,0.577,0.355,0.392,0.575,0.002,0.007,0.167,0.381,0.477,0.433,0.48,0.164,0.176,0.725,0.203,0.346,0.297,0.081,0.142,0.261,0.246,0.509,0.303,"1992",FALSE,0,0,22,FALSE
"373","Hot Rod Williams","C",0.69,"CLE",0.976,0.146,0.688,0.33,0.312,0.671,0,0.005,0,0.355,0.38,0.506,0.559,0.357,0.369,0.752,0.436,0.376,0.397,0.168,0.244,0.484,0.179,0.515,0.336,"1992",FALSE,0,0,57,FALSE
"375","Kenny Williams","SF",0.524,"IND",0.732,0.073,0.16,0.109,0.1,0.691,0,0.005,0,0.118,0.121,0.528,0.576,0.034,0.044,0.605,0.122,0.065,0.084,0.034,0.081,0.109,0.047,0.267,0.089,"1992",FALSE,0,0,40,FALSE
"376","Micheal Williams","PG",0.595,"IND",0.963,0.927,0.778,0.391,0.379,0.653,0.02,0.037,0.242,0.412,0.446,0.501,0.55,0.492,0.439,0.871,0.14,0.208,0.184,0.556,0.947,0.059,0.517,0.706,0.419,"1992",FALSE,0,0,40,FALSE
"377","Reggie Williams","SF",0.643,"DEN",0.988,0.976,0.742,0.581,0.588,0.628,0.139,0.176,0.359,0.567,0.632,0.486,0.548,0.286,0.277,0.803,0.277,0.258,0.265,0.202,0.602,0.181,0.373,0.728,0.52,"1992",FALSE,0,0,24,FALSE
"378","Scott Williams","PF",0.548,"CHI",0.768,0,0.195,0.08,0.079,0.644,0,0.003,0,0.086,0.095,0.491,0.537,0.063,0.076,0.649,0.172,0.156,0.161,0.043,0.053,0.096,0.075,0.329,0.076,"1992",FALSE,0,0,67,FALSE
"379","Kevin Willis","PF",0.69,"ATL",0.988,0.976,0.838,0.572,0.563,0.644,0.015,0.042,0.162,0.609,0.669,0.493,0.539,0.386,0.373,0.804,0.799,0.834,0.822,0.149,0.293,0.144,0.425,0.601,0.523,"1992",FALSE,0,0,38,FALSE
"381","David Wingate","SG",0.667,"WSB",0.988,0.878,0.602,0.257,0.263,0.62,0.002,0.02,0.056,0.276,0.312,0.478,0.518,0.139,0.15,0.719,0.153,0.188,0.176,0.212,0.5,0.056,0.267,0.437,0.225,"1992",FALSE,0,0,25,FALSE
"383","Joe Wolf","C",0.643,"DEN",0.817,0,0.328,0.097,0.127,0.481,0.002,0.012,0.091,0.103,0.15,0.372,0.403,0.07,0.068,0.803,0.185,0.142,0.157,0.052,0.13,0.037,0.129,0.334,0.09,"1992",FALSE,0,0,24,FALSE
"384","Orlando Woolridge","SF",0.762,"DET",1,0.744,0.598,0.437,0.417,0.664,0.002,0.01,0.111,0.469,0.506,0.502,0.554,0.319,0.363,0.683,0.208,0.15,0.17,0.076,0.167,0.088,0.287,0.415,0.405,"1992",FALSE,0,0,48,FALSE
"385","James Worthy","SF",0.714,"LAL",0.659,0.659,0.597,0.435,0.463,0.596,0.022,0.049,0.209,0.459,0.544,0.457,0.501,0.22,0.21,0.814,0.187,0.206,0.199,0.216,0.309,0.061,0.274,0.24,0.38,"1992",FALSE,0,0,43,FALSE
"  2","Mahmoud Abdul-Rauf","PG",0.548,"DEN",0.988,0.988,0.767,0.612,0.647,0.6,0.174,0.222,0.355,0.586,0.682,0.465,0.528,0.287,0.239,0.935,0.098,0.173,0.147,0.296,0.341,0.021,0.403,0.482,0.548,"1993",FALSE,0,0,36,FALSE
"  4","Michael Adams","PG",0.714,"WSB",0.854,0.854,0.707,0.353,0.382,0.585,0.169,0.239,0.321,0.309,0.349,0.48,0.533,0.313,0.285,0.856,0.099,0.187,0.157,0.452,0.407,0.011,0.377,0.394,0.365,"1993",FALSE,0,0,22,FALSE
"  5","Rafael Addison","SF",0.667,"NJN",0.829,0.183,0.329,0.176,0.189,0.591,0.017,0.038,0.206,0.182,0.213,0.464,0.501,0.075,0.072,0.814,0.086,0.086,0.086,0.046,0.093,0.029,0.138,0.337,0.151,"1993",FALSE,0,0,43,FALSE
"  6","Mark Aguirre","SF",0.786,"DET",0.622,0.183,0.299,0.181,0.194,0.591,0.075,0.094,0.361,0.163,0.191,0.463,0.532,0.131,0.133,0.767,0.082,0.108,0.099,0.09,0.065,0.019,0.147,0.272,0.178,"1993",FALSE,0,0,40,FALSE
"  7","Danny Ainge","SG",0.786,"PHO",0.976,0,0.612,0.326,0.336,0.616,0.373,0.42,0.403,0.195,0.202,0.522,0.627,0.163,0.149,0.848,0.094,0.164,0.14,0.223,0.28,0.021,0.244,0.472,0.334,"1993",FALSE,0,0,62,FALSE
"  8","Victor Alexander","C",0.548,"GSW",0.878,0.72,0.496,0.333,0.307,0.688,0.025,0.025,0.455,0.348,0.364,0.518,0.581,0.147,0.167,0.685,0.252,0.286,0.275,0.08,0.138,0.141,0.259,0.588,0.286,"1993",FALSE,0,0,34,FALSE
" 10","Kenny Anderson","PG",0.524,"NJN",0.671,0.671,0.569,0.358,0.391,0.58,0.017,0.028,0.28,0.378,0.465,0.44,0.488,0.238,0.239,0.776,0.098,0.174,0.148,0.386,0.39,0.029,0.33,0.377,0.327,"1993",FALSE,0,0,43,FALSE
" 11","Nick Anderson","SG",0.595,"ORL",0.963,0.927,0.826,0.574,0.609,0.599,0.219,0.281,0.353,0.527,0.606,0.471,0.536,0.394,0.414,0.741,0.233,0.353,0.312,0.228,0.52,0.149,0.353,0.539,0.556,"1993",FALSE,0,0,41,FALSE
" 12","Ron Anderson","SF",0.81,"PHI",0.841,0,0.357,0.218,0.25,0.552,0.097,0.135,0.325,0.194,0.239,0.439,0.499,0.095,0.092,0.809,0.119,0.121,0.12,0.08,0.126,0.013,0.136,0.202,0.198,"1993",FALSE,0,0,26,FALSE
" 13","Willie Anderson","SG",0.619,"SAS",0.463,0.085,0.159,0.077,0.086,0.573,0.002,0.009,0.125,0.082,0.1,0.444,0.481,0.029,0.029,0.786,0.013,0.05,0.037,0.068,0.057,0.016,0.095,0.14,0.065,"1993",FALSE,0,0,49,FALSE
" 14","Greg Anthony","PG",0.595,"NYK",0.854,0.427,0.481,0.168,0.193,0.553,0.01,0.034,0.133,0.177,0.219,0.437,0.467,0.142,0.164,0.673,0.08,0.127,0.111,0.342,0.459,0.032,0.224,0.38,0.162,"1993",FALSE,0,0,60,FALSE
" 15","B.J. Armstrong","PG",0.595,"CHI",1,0.902,0.705,0.395,0.376,0.665,0.157,0.157,0.453,0.359,0.383,0.508,0.597,0.172,0.155,0.861,0.052,0.121,0.097,0.284,0.268,0.016,0.179,0.456,0.356,"1993",FALSE,0,0,57,FALSE
" 17","Keith Askins","SF",0.595,"MIA",0.841,0.012,0.265,0.085,0.098,0.551,0.055,0.073,0.338,0.069,0.083,0.446,0.517,0.038,0.041,0.725,0.141,0.123,0.129,0.027,0.126,0.077,0.08,0.38,0.08,"1993",FALSE,0,0,36,FALSE
" 18","Stacey Augmon","SG",0.571,"ATL",0.89,0.805,0.598,0.384,0.364,0.668,0,0.005,0,0.413,0.444,0.504,0.557,0.3,0.316,0.739,0.27,0.145,0.188,0.146,0.37,0.048,0.338,0.38,0.361,"1993",FALSE,0,0,43,FALSE
" 19","Isaac Austin","C",0.548,"UTA",0.561,0.037,0.087,0.048,0.052,0.595,0,0.001,0,0.052,0.063,0.45,0.496,0.038,0.045,0.659,0.073,0.041,0.052,0.005,0.033,0.037,0.05,0.162,0.046,"1993",FALSE,0,0,47,FALSE
" 20","Anthony Avent","PF",0.548,"MIL",1,0.951,0.647,0.336,0.369,0.577,0,0.002,0,0.361,0.451,0.434,0.481,0.148,0.177,0.651,0.344,0.33,0.335,0.078,0.232,0.194,0.302,0.639,0.285,"1993",FALSE,0,0,28,FALSE
" 21","John Bagley","PG",0.762,"BOS",0.122,0,0.027,0.009,0.012,0.48,0,0.001,0,0.009,0.014,0.375,0.4,0.007,0.006,0.833,0.002,0.006,0.005,0.017,0.008,0,0.037,0.03,0.008,"1993",FALSE,0,0,48,FALSE
" 23","Steve Bardo","SG",0.571,"DAL",0.28,0,0.05,0.018,0.029,0.408,0.002,0.007,0.167,0.019,0.032,0.321,0.35,0.016,0.017,0.706,0.019,0.027,0.024,0.025,0.033,0.008,0.037,0.075,0.018,"1993",FALSE,0,0,11,FALSE
" 24","Charles Barkley","PF",0.69,"PHO",0.927,0.927,0.809,0.692,0.633,0.693,0.167,0.248,0.305,0.675,0.652,0.561,0.606,0.589,0.599,0.765,0.453,0.686,0.607,0.331,0.484,0.197,0.502,0.528,0.686,"1993",TRUE,59,0.852,62,TRUE
" 25","Dana Barros","PG",0.595,"SEA",0.841,0.024,0.352,0.207,0.218,0.601,0.159,0.191,0.379,0.156,0.172,0.492,0.577,0.065,0.061,0.831,0.034,0.088,0.07,0.13,0.256,0.008,0.125,0.21,0.191,"1993",FALSE,0,0,55,FALSE
" 26","Jon Barry","SG",0.548,"MIL",0.573,0,0.156,0.074,0.095,0.492,0.052,0.071,0.333,0.057,0.081,0.385,0.467,0.044,0.05,0.673,0.019,0.033,0.028,0.058,0.142,0.008,0.091,0.154,0.073,"1993",FALSE,0,0,28,FALSE
" 27","John Battle","SG",0.714,"CLE",0.5,0,0.141,0.08,0.092,0.553,0.002,0.007,0.167,0.085,0.109,0.423,0.464,0.074,0.074,0.778,0.008,0.025,0.019,0.046,0.037,0.013,0.047,0.105,0.079,"1993",FALSE,0,0,54,FALSE
" 28","Kenny Battle","SG",0.667,"BOS",0.037,0.012,0.008,0.006,0.006,0.616,0,0.001,0,0.006,0.007,0.5,0.513,0.003,0.002,1,0.013,0.004,0.007,0.002,0.004,0,0.004,0.005,0.005,"1993",FALSE,0,0,48,FALSE
" 29","William Bedford","C",0.69,"SAS",0.195,0,0.019,0.009,0.012,0.444,0.002,0.001,1,0.008,0.015,0.308,0.391,0.008,0.012,0.5,0.002,0.009,0.007,0,0,0.003,0.002,0.04,0.009,"1993",FALSE,0,0,49,FALSE
" 31","Tony Bennett","PG",0.548,"CHH",0.915,0.024,0.243,0.106,0.12,0.564,0.065,0.09,0.325,0.087,0.102,0.467,0.526,0.04,0.042,0.732,0.023,0.051,0.041,0.117,0.122,0,0.108,0.296,0.097,"1993",FALSE,0,0,44,FALSE
" 32","David Benoit","SF",0.571,"UTA",1,0.329,0.485,0.25,0.272,0.581,0.085,0.111,0.347,0.233,0.279,0.453,0.517,0.151,0.156,0.75,0.222,0.274,0.256,0.037,0.183,0.114,0.194,0.542,0.234,"1993",FALSE,0,0,47,FALSE
" 33","Rolando Blackman","SG",0.786,"NYK",0.732,0.402,0.406,0.231,0.248,0.591,0.077,0.082,0.425,0.216,0.263,0.446,0.524,0.094,0.093,0.789,0.044,0.078,0.067,0.135,0.089,0.027,0.14,0.348,0.205,"1993",FALSE,0,0,60,FALSE
" 34","Alex Blackwell","SF",0.524,"LAL",0.329,0,0.031,0.014,0.019,0.444,0,0.003,0,0.015,0.022,0.359,0.37,0.008,0.008,0.75,0.019,0.013,0.015,0.006,0.016,0.005,0.011,0.038,0.012,"1993",FALSE,0,0,39,FALSE
" 35","Lance Blanks","SG",0.619,"MIN",0.744,0.024,0.182,0.063,0.069,0.577,0.027,0.049,0.256,0.056,0.06,0.505,0.522,0.026,0.033,0.625,0.034,0.05,0.044,0.062,0.065,0.013,0.067,0.164,0.057,"1993",FALSE,0,0,19,FALSE
" 37","Mookie Blaylock","PG",0.595,"ATL",0.976,0.951,0.798,0.4,0.444,0.572,0.294,0.356,0.375,0.308,0.366,0.456,0.546,0.163,0.174,0.728,0.17,0.19,0.183,0.576,0.825,0.061,0.403,0.42,0.377,"1993",FALSE,0,0,43,FALSE
" 38","Muggsy Bogues","PG",0.667,"CHH",0.988,0.976,0.802,0.32,0.336,0.604,0.015,0.029,0.231,0.338,0.397,0.462,0.509,0.185,0.173,0.833,0.098,0.245,0.195,0.611,0.654,0.013,0.332,0.482,0.285,"1993",FALSE,0,0,44,FALSE
" 39","Manute Bol","C",0.714,"PHI",0.707,0.28,0.242,0.05,0.058,0.545,0.025,0.036,0.313,0.044,0.054,0.442,0.499,0.016,0.02,0.632,0.084,0.148,0.126,0.015,0.057,0.316,0.108,0.235,0.044,"1993",FALSE,0,0,26,FALSE
" 40","Walter Bond","SG",0.548,"DAL",0.902,0.463,0.447,0.22,0.26,0.536,0.017,0.047,0.167,0.229,0.295,0.421,0.453,0.171,0.172,0.772,0.099,0.143,0.128,0.105,0.305,0.048,0.241,0.601,0.208,"1993",FALSE,0,0,11,FALSE
" 41","Anthony Bonner","PF",0.571,"SAC",0.854,0.427,0.499,0.221,0.229,0.615,0,0.008,0,0.238,0.276,0.467,0.512,0.189,0.248,0.593,0.359,0.265,0.297,0.082,0.35,0.045,0.226,0.493,0.212,"1993",FALSE,0,0,25,FALSE
" 42","Anthony Bowie","SG",0.69,"ORL",0.939,0.549,0.498,0.259,0.262,0.628,0.037,0.054,0.313,0.263,0.294,0.486,0.538,0.089,0.086,0.798,0.069,0.157,0.127,0.15,0.22,0.037,0.181,0.353,0.218,"1993",FALSE,0,0,41,FALSE
" 43","Sam Bowie","C",0.738,"NJN",0.963,0.793,0.592,0.278,0.294,0.6,0.005,0.007,0.333,0.297,0.356,0.451,0.501,0.187,0.186,0.779,0.302,0.395,0.363,0.109,0.13,0.34,0.259,0.609,0.253,"1993",FALSE,0,0,43,FALSE
" 44","Terrell Brandon","PG",0.524,"CLE",1,0.098,0.459,0.287,0.286,0.637,0.032,0.047,0.31,0.296,0.327,0.491,0.543,0.156,0.147,0.825,0.071,0.141,0.117,0.259,0.321,0.072,0.231,0.329,0.256,"1993",FALSE,0,0,54,FALSE
" 46","Frank Brickowski","C",0.786,"MIL",0.805,0.78,0.587,0.441,0.385,0.727,0.02,0.029,0.308,0.466,0.457,0.553,0.611,0.258,0.276,0.728,0.229,0.283,0.265,0.168,0.325,0.117,0.435,0.633,0.394,"1993",FALSE,0,0,28,FALSE
" 47","Kevin Brooks","SF",0.548,"DEN",0.671,0.024,0.162,0.09,0.107,0.532,0.015,0.029,0.231,0.091,0.117,0.42,0.458,0.046,0.041,0.875,0.042,0.059,0.053,0.029,0.041,0.005,0.084,0.124,0.08,"1993",FALSE,0,0,36,FALSE
" 48","Scott Brooks","PG",0.643,"HOU",1,0,0.429,0.177,0.177,0.633,0.102,0.112,0.414,0.148,0.161,0.497,0.588,0.148,0.139,0.83,0.042,0.076,0.065,0.209,0.321,0.008,0.155,0.367,0.183,"1993",FALSE,0,0,55,FALSE
" 49","Chucky Brown","SF",0.571,"NJN",0.939,0.244,0.336,0.155,0.152,0.644,0,0.006,0,0.166,0.184,0.491,0.537,0.094,0.101,0.724,0.168,0.143,0.152,0.044,0.081,0.064,0.121,0.302,0.138,"1993",FALSE,0,0,43,FALSE
" 50","Dee Brown","PG",0.571,"BOS",0.976,0.585,0.638,0.317,0.323,0.624,0.065,0.093,0.317,0.314,0.349,0.488,0.54,0.254,0.249,0.793,0.086,0.2,0.161,0.396,0.561,0.085,0.293,0.547,0.309,"1993",FALSE,0,0,48,FALSE
" 51","Mike Brown","C",0.69,"UTA",1,0.256,0.439,0.17,0.188,0.573,0,0.001,0,0.183,0.23,0.431,0.478,0.149,0.169,0.689,0.281,0.242,0.256,0.055,0.13,0.061,0.205,0.512,0.164,"1993",FALSE,0,0,47,FALSE
" 52","Randy Brown","PG",0.571,"SAC",0.915,0.415,0.489,0.218,0.224,0.617,0.005,0.007,0.333,0.232,0.271,0.465,0.517,0.152,0.162,0.732,0.143,0.136,0.139,0.168,0.439,0.09,0.259,0.555,0.2,"1993",FALSE,0,0,25,FALSE
" 53","Mark Bryant","C",0.643,"POR",0.976,0.293,0.395,0.18,0.17,0.671,0,0.001,0,0.194,0.208,0.504,0.559,0.138,0.152,0.703,0.252,0.191,0.212,0.035,0.15,0.061,0.14,0.609,0.168,"1993",FALSE,0,0,51,FALSE
" 54","Jud Buechler","SF",0.571,"GSW",0.854,0.11,0.364,0.17,0.185,0.583,0.05,0.067,0.339,0.162,0.194,0.453,0.513,0.086,0.09,0.747,0.155,0.113,0.127,0.081,0.191,0.051,0.119,0.264,0.154,"1993",FALSE,0,0,34,FALSE
" 55","Matt Bullard","PF",0.595,"HOU",0.963,0.049,0.384,0.206,0.227,0.575,0.226,0.274,0.374,0.127,0.142,0.486,0.581,0.077,0.076,0.784,0.126,0.155,0.145,0.095,0.122,0.029,0.123,0.348,0.203,"1993",FALSE,0,0,55,FALSE
" 56","Willie Burton","SF",0.571,"MIA",0.317,0.098,0.128,0.052,0.065,0.511,0.012,0.017,0.333,0.051,0.071,0.389,0.446,0.12,0.131,0.717,0.042,0.048,0.046,0.014,0.053,0.043,0.108,0.156,0.072,"1993",FALSE,0,0,36,FALSE
" 57","Steve Burtt","SG",0.714,"WSB",0.049,0,0.01,0.01,0.012,0.513,0.002,0.003,0.333,0.009,0.013,0.391,0.449,0.011,0.01,0.8,0.004,0.001,0.002,0.005,0.008,0,0.009,0.013,0.01,"1993",FALSE,0,0,22,FALSE
" 58","Michael Cage","C",0.738,"SEA",1,0.805,0.61,0.212,0.191,0.701,0,0.001,0,0.228,0.234,0.528,0.584,0.081,0.134,0.469,0.512,0.388,0.431,0.059,0.309,0.122,0.127,0.493,0.176,"1993",FALSE,0,0,55,FALSE
" 59","Dexter Cambridge","SF",0.548,"DAL",0.646,0.159,0.25,0.146,0.144,0.645,0,0.005,0,0.157,0.174,0.49,0.538,0.09,0.102,0.687,0.168,0.078,0.109,0.05,0.098,0.016,0.136,0.345,0.131,"1993",FALSE,0,0,11,FALSE
" 60","Elden Campbell","PF",0.571,"LAL",0.963,0.159,0.439,0.23,0.239,0.611,0,0.003,0,0.248,0.292,0.46,0.509,0.172,0.21,0.637,0.243,0.204,0.217,0.041,0.24,0.266,0.149,0.445,0.214,"1993",FALSE,0,0,39,FALSE
" 61","Tony Campbell","SF",0.714,"NYK",0.707,0.159,0.301,0.188,0.182,0.653,0.005,0.006,0.4,0.2,0.221,0.491,0.547,0.078,0.09,0.678,0.113,0.095,0.101,0.053,0.138,0.013,0.11,0.404,0.159,"1993",FALSE,0,0,60,FALSE
" 62","Antoine Carr","PF",0.738,"SAS",0.866,0.561,0.551,0.367,0.324,0.717,0,0.006,0,0.394,0.395,0.541,0.598,0.23,0.23,0.777,0.205,0.279,0.254,0.083,0.142,0.231,0.207,0.712,0.329,"1993",FALSE,0,0,49,FALSE
" 65","Duane Causwell","C",0.571,"SAC",0.671,0.549,0.343,0.169,0.148,0.727,0,0.001,0,0.182,0.18,0.547,0.606,0.136,0.17,0.624,0.214,0.19,0.198,0.03,0.13,0.231,0.125,0.518,0.16,"1993",FALSE,0,0,25,FALSE
" 66","Cedric Ceballos","SF",0.548,"PHO",0.902,0.561,0.455,0.368,0.305,0.768,0,0.002,0,0.396,0.372,0.577,0.64,0.247,0.265,0.725,0.329,0.234,0.267,0.066,0.22,0.074,0.228,0.278,0.335,"1993",FALSE,0,0,62,FALSE
" 67","Tom Chambers","PF",0.786,"PHO",0.89,0,0.488,0.309,0.329,0.596,0.027,0.032,0.393,0.322,0.388,0.449,0.506,0.319,0.296,0.837,0.184,0.247,0.225,0.087,0.175,0.061,0.198,0.571,0.315,"1993",FALSE,0,0,62,FALSE
" 68","Rex Chapman","SG",0.595,"WSB",0.732,0.28,0.368,0.278,0.277,0.636,0.107,0.131,0.371,0.254,0.274,0.502,0.569,0.175,0.168,0.81,0.036,0.069,0.058,0.1,0.154,0.027,0.17,0.321,0.264,"1993",FALSE,0,0,22,FALSE
" 69","Maurice Cheeks","PG",0.857,"NJN",0.427,0,0.144,0.049,0.043,0.731,0,0.002,0,0.053,0.051,0.56,0.609,0.032,0.028,0.889,0.01,0.037,0.027,0.092,0.134,0.005,0.071,0.094,0.044,"1993",FALSE,0,0,43,FALSE
" 71","Doug Christie","SG",0.524,"LAL",0.28,0,0.094,0.044,0.049,0.567,0.005,0.014,0.167,0.045,0.053,0.457,0.482,0.066,0.068,0.758,0.046,0.027,0.033,0.046,0.089,0.013,0.108,0.143,0.05,"1993",FALSE,0,0,39,FALSE
" 72","Derrick Coleman","PF",0.595,"NJN",0.927,0.89,0.781,0.545,0.564,0.613,0.057,0.112,0.232,0.563,0.636,0.48,0.521,0.557,0.536,0.808,0.472,0.601,0.557,0.237,0.374,0.335,0.524,0.566,0.555,"1993",FALSE,0,0,43,FALSE
" 73","Bimbo Coles","PG",0.571,"MIA",0.988,0.451,0.632,0.308,0.316,0.619,0.104,0.155,0.307,0.287,0.31,0.503,0.549,0.234,0.226,0.805,0.111,0.107,0.108,0.32,0.325,0.029,0.233,0.536,0.302,"1993",FALSE,0,0,36,FALSE
" 74","Marty Conlon","C",0.595,"SAC",0.561,0,0.132,0.078,0.079,0.632,0,0.005,0,0.084,0.094,0.485,0.527,0.075,0.083,0.704,0.092,0.074,0.08,0.032,0.053,0.013,0.06,0.116,0.077,"1993",FALSE,0,0,25,FALSE
" 76","Duane Cooper","PG",0.548,"LAL",0.793,0,0.183,0.06,0.073,0.523,0.017,0.034,0.233,0.057,0.072,0.43,0.461,0.033,0.036,0.714,0.025,0.037,0.033,0.129,0.073,0.005,0.149,0.178,0.055,"1993",FALSE,0,0,39,FALSE
" 77","Tyrone Corbin","SF",0.714,"UTA",1,0.707,0.723,0.372,0.353,0.671,0,0.006,0,0.401,0.429,0.506,0.559,0.238,0.224,0.826,0.371,0.323,0.339,0.149,0.439,0.085,0.233,0.679,0.335,"1993",FALSE,0,0,47,FALSE
" 80","John Crotty","PG",0.548,"UTA",0.488,0,0.069,0.036,0.033,0.685,0.005,0.016,0.143,0.036,0.033,0.603,0.587,0.034,0.039,0.684,0.008,0.013,0.011,0.047,0.045,0,0.065,0.078,0.036,"1993",FALSE,0,0,47,FALSE
" 83","Dell Curry","SG",0.667,"CHH",0.976,0,0.593,0.482,0.507,0.603,0.236,0.267,0.401,0.419,0.488,0.466,0.55,0.18,0.162,0.866,0.098,0.233,0.187,0.155,0.354,0.061,0.278,0.404,0.433,"1993",FALSE,0,0,44,FALSE
" 84","Lloyd Daniels","SG",0.595,"SAS",0.939,0.122,0.445,0.276,0.296,0.591,0.147,0.2,0.333,0.235,0.263,0.484,0.542,0.095,0.102,0.727,0.164,0.129,0.141,0.127,0.154,0.08,0.22,0.388,0.248,"1993",FALSE,0,0,49,FALSE
" 85","Brad Daugherty","C",0.643,"CLE",0.866,0.866,0.762,0.503,0.419,0.761,0.002,0.002,0.5,0.54,0.513,0.571,0.634,0.517,0.506,0.795,0.314,0.558,0.475,0.268,0.215,0.149,0.323,0.469,0.506,"1993",FALSE,0,0.001,54,TRUE
" 87","Hubert Davis","SG",0.524,"NYK",0.61,0.024,0.231,0.106,0.116,0.584,0.015,0.021,0.316,0.108,0.131,0.448,0.5,0.057,0.056,0.796,0.025,0.043,0.037,0.071,0.089,0.011,0.097,0.191,0.095,"1993",FALSE,0,0,60,FALSE
" 88","Terry Davis","PF",0.595,"DAL",0.915,0.902,0.697,0.38,0.397,0.607,0.005,0.009,0.25,0.407,0.482,0.457,0.508,0.221,0.289,0.594,0.495,0.439,0.458,0.058,0.146,0.074,0.345,0.536,0.337,"1993",FALSE,0,0,11,FALSE
" 89","Johnny Dawkins","PG",0.69,"PHI",0.902,0.122,0.452,0.25,0.272,0.583,0.065,0.095,0.31,0.241,0.285,0.458,0.51,0.149,0.146,0.796,0.063,0.102,0.089,0.291,0.325,0.011,0.261,0.245,0.231,"1993",FALSE,0,0,26,FALSE
" 90","Todd Day","SG",0.548,"MIL",0.866,0.451,0.547,0.346,0.381,0.576,0.134,0.208,0.293,0.316,0.363,0.472,0.517,0.282,0.306,0.717,0.275,0.146,0.19,0.101,0.305,0.128,0.254,0.598,0.347,"1993",FALSE,0,0,28,FALSE
" 91","Vinny Del Negro","PG",0.619,"SAS",0.89,0.378,0.432,0.211,0.198,0.676,0.015,0.027,0.25,0.221,0.229,0.522,0.571,0.134,0.12,0.863,0.036,0.143,0.107,0.25,0.179,0.003,0.198,0.394,0.192,"1993",FALSE,0,0,49,FALSE
" 92","Bison Dele","PF",0.548,"ORL",0.256,0,0.068,0.039,0.036,0.684,0,0.001,0,0.042,0.043,0.519,0.57,0.021,0.021,0.8,0.046,0.032,0.037,0.004,0.057,0.045,0.054,0.129,0.034,"1993",FALSE,0,0,41,FALSE
" 93","Vlade Divac","C",0.571,"LAL",1,0.841,0.715,0.384,0.377,0.647,0.052,0.085,0.28,0.391,0.42,0.505,0.553,0.311,0.351,0.689,0.421,0.505,0.476,0.199,0.52,0.372,0.461,0.838,0.371,"1993",FALSE,0,0,39,FALSE
" 95","Sherman Douglas","PG",0.619,"BOS",0.963,0.439,0.547,0.255,0.244,0.664,0.015,0.033,0.207,0.268,0.283,0.515,0.56,0.111,0.154,0.56,0.124,0.096,0.106,0.436,0.199,0.027,0.347,0.447,0.218,"1993",FALSE,0,0,48,FALSE
" 96","Greg Dreiling","C",0.714,"IND",0.524,0,0.068,0.018,0.027,0.437,0,0.005,0,0.02,0.03,0.352,0.364,0.011,0.015,0.533,0.05,0.04,0.043,0.007,0.02,0.021,0.019,0.162,0.016,"1993",FALSE,0,0,41,FALSE
" 97","Clyde Drexler","SG",0.714,"POR",0.598,0.598,0.473,0.338,0.376,0.572,0.077,0.15,0.233,0.332,0.385,0.467,0.498,0.324,0.3,0.839,0.241,0.182,0.202,0.239,0.386,0.098,0.248,0.429,0.345,"1993",FALSE,0,0.001,51,TRUE
" 98","Kevin Duckworth","C",0.667,"POR",0.902,0.671,0.499,0.291,0.317,0.584,0,0.002,0,0.313,0.387,0.439,0.487,0.168,0.179,0.73,0.226,0.267,0.253,0.06,0.183,0.104,0.188,0.598,0.257,"1993",FALSE,0,0,51,FALSE
"100","Joe Dumars","SG",0.69,"DET",0.939,0.939,0.876,0.655,0.669,0.621,0.279,0.337,0.375,0.588,0.651,0.489,0.56,0.454,0.408,0.864,0.12,0.084,0.097,0.265,0.317,0.019,0.297,0.38,0.639,"1993",FALSE,0,0.001,40,TRUE
"101","Richard Dumas","SF",0.548,"PHO",0.585,0.39,0.374,0.292,0.265,0.699,0.002,0.003,0.333,0.313,0.323,0.525,0.583,0.201,0.221,0.707,0.191,0.122,0.146,0.052,0.346,0.104,0.198,0.342,0.267,"1993",FALSE,0,0,62,FALSE
"104","Blue Edwards","SF",0.643,"MIL",1,0.988,0.772,0.536,0.498,0.683,0.092,0.12,0.349,0.538,0.551,0.529,0.588,0.313,0.309,0.79,0.235,0.257,0.25,0.184,0.524,0.12,0.377,0.652,0.488,"1993",FALSE,0,0,28,FALSE
"106","Kevin Edwards","SG",0.643,"MIA",0.488,0.366,0.321,0.209,0.213,0.624,0.012,0.019,0.294,0.22,0.251,0.474,0.526,0.157,0.145,0.844,0.092,0.072,0.079,0.103,0.276,0.032,0.162,0.186,0.196,"1993",FALSE,0,0,36,FALSE
"107","Craig Ehlo","SG",0.738,"CLE",1,0.89,0.724,0.372,0.361,0.653,0.231,0.275,0.381,0.304,0.305,0.54,0.611,0.114,0.123,0.717,0.216,0.288,0.263,0.218,0.423,0.059,0.267,0.458,0.335,"1993",FALSE,0,0,54,FALSE
"108","Mario Elie","SF",0.69,"POR",1,0.085,0.497,0.232,0.241,0.611,0.112,0.146,0.349,0.203,0.223,0.494,0.557,0.242,0.22,0.855,0.113,0.156,0.141,0.152,0.301,0.053,0.192,0.391,0.25,"1993",FALSE,0,0,51,FALSE
"109","Sean Elliott","SF",0.571,"SAS",0.854,0.854,0.737,0.436,0.422,0.655,0.092,0.117,0.356,0.431,0.459,0.509,0.568,0.354,0.347,0.795,0.163,0.235,0.21,0.228,0.276,0.074,0.328,0.356,0.426,"1993",FALSE,0,0,49,FALSE
"110","Dale Ellis","SG",0.762,"SAS",1,0.927,0.773,0.527,0.503,0.665,0.296,0.335,0.401,0.443,0.448,0.536,0.616,0.208,0.203,0.797,0.155,0.229,0.204,0.092,0.317,0.048,0.239,0.482,0.482,"1993",FALSE,0,0,49,FALSE
"111","LaPhonso Ellis","PF",0.524,"DEN",1,1,0.778,0.467,0.441,0.672,0.005,0.015,0.154,0.501,0.533,0.509,0.561,0.313,0.326,0.748,0.524,0.467,0.486,0.13,0.293,0.295,0.33,0.79,0.425,"1993",FALSE,0,0,36,FALSE
"112","Pervis Ellison","C",0.595,"WSB",0.598,0.585,0.481,0.33,0.301,0.695,0,0.005,0,0.355,0.367,0.524,0.579,0.225,0.249,0.702,0.264,0.293,0.283,0.101,0.183,0.287,0.237,0.415,0.301,"1993",FALSE,0,0,22,FALSE
"113","Jo Jo English","SG",0.524,"CHI",0.073,0,0.009,0.003,0.005,0.4,0,0.003,0,0.003,0.004,0.429,0.333,0,0.002,0,0.004,0.004,0.004,0.001,0.012,0.005,0.009,0.013,0.002,"1993",FALSE,0,0,57,FALSE
"114","Patrick Ewing","C",0.714,"NYK",0.988,0.988,0.85,0.753,0.713,0.671,0.002,0.008,0.143,0.81,0.87,0.504,0.559,0.529,0.572,0.719,0.365,0.784,0.641,0.13,0.301,0.428,0.571,0.771,0.692,"1993",FALSE,4,0.366,60,TRUE
"115","Duane Ferrell","SF",0.643,"ATL",1,0.183,0.491,0.316,0.32,0.627,0.022,0.041,0.25,0.331,0.372,0.482,0.529,0.233,0.233,0.779,0.185,0.093,0.125,0.113,0.24,0.045,0.222,0.431,0.296,"1993",FALSE,0,0,43,FALSE
"116","Danny Ferry","PF",0.619,"CLE",0.927,0.012,0.414,0.213,0.211,0.639,0.085,0.093,0.415,0.194,0.213,0.493,0.573,0.131,0.116,0.876,0.155,0.197,0.182,0.118,0.118,0.13,0.179,0.461,0.202,"1993",FALSE,0,0,54,FALSE
"117","Vern Fleming","PG",0.714,"IND",0.915,0.098,0.425,0.271,0.255,0.673,0.017,0.041,0.194,0.284,0.292,0.527,0.569,0.189,0.203,0.726,0.12,0.105,0.11,0.192,0.256,0.024,0.261,0.34,0.251,"1993",FALSE,0,0,41,FALSE
"118","Sleepy Floyd","PG",0.762,"HOU",0.634,0.122,0.245,0.12,0.14,0.543,0.04,0.063,0.286,0.112,0.14,0.434,0.481,0.107,0.105,0.794,0.027,0.071,0.056,0.113,0.13,0.016,0.147,0.159,0.122,"1993",FALSE,0,0,55,FALSE
"120","Rick Fox","SF",0.548,"BOS",0.866,0.171,0.306,0.178,0.175,0.645,0.01,0.026,0.174,0.187,0.201,0.504,0.543,0.107,0.104,0.802,0.105,0.103,0.104,0.097,0.248,0.056,0.166,0.358,0.16,"1993",FALSE,0,0,48,FALSE
"121","Kevin Gamble","SF",0.643,"BOS",1,0.707,0.719,0.444,0.417,0.676,0.129,0.157,0.374,0.424,0.433,0.531,0.594,0.163,0.153,0.826,0.088,0.199,0.161,0.194,0.35,0.098,0.175,0.499,0.386,"1993",FALSE,0,0,48,FALSE
"122","Winston Garland","PG",0.667,"HOU",0.805,0.049,0.284,0.147,0.158,0.591,0.015,0.015,0.462,0.152,0.186,0.442,0.502,0.107,0.092,0.91,0.061,0.075,0.071,0.119,0.159,0.011,0.144,0.313,0.138,"1993",FALSE,0,0,55,FALSE
"123","Chris Gatling","PF",0.595,"GSW",0.854,0.134,0.353,0.241,0.213,0.719,0,0.007,0,0.259,0.257,0.546,0.599,0.198,0.213,0.725,0.247,0.19,0.209,0.034,0.179,0.141,0.22,0.531,0.229,"1993",FALSE,0,0,34,FALSE
"124","Kenny Gattison","PF",0.667,"CHH",0.915,0.061,0.417,0.196,0.177,0.705,0,0.003,0,0.211,0.215,0.533,0.588,0.135,0.174,0.604,0.207,0.243,0.231,0.058,0.195,0.146,0.138,0.639,0.179,"1993",FALSE,0,0,44,FALSE
"125","Matt Geiger","C",0.548,"MIA",0.585,0.024,0.157,0.074,0.067,0.699,0,0.005,0,0.079,0.08,0.539,0.582,0.082,0.095,0.674,0.088,0.073,0.078,0.012,0.061,0.048,0.078,0.332,0.076,"1993",FALSE,0,0,36,FALSE
"126","Tate George","PG",0.571,"NJN",0.585,0.012,0.108,0.049,0.062,0.504,0,0.006,0,0.053,0.073,0.392,0.42,0.026,0.025,0.833,0.017,0.018,0.018,0.051,0.041,0.008,0.067,0.067,0.043,"1993",FALSE,0,0,43,FALSE
"127","Kendall Gill","SG",0.571,"CHH",0.841,0.817,0.688,0.448,0.475,0.599,0.042,0.07,0.274,0.464,0.547,0.46,0.508,0.296,0.298,0.772,0.229,0.218,0.222,0.23,0.398,0.096,0.375,0.515,0.412,"1993",FALSE,0,0,44,FALSE
"128","Armen Gilliam","PF",0.667,"PHI",0.976,0.317,0.493,0.347,0.356,0.619,0,0.001,0,0.374,0.436,0.464,0.516,0.362,0.334,0.843,0.26,0.334,0.308,0.1,0.15,0.144,0.338,0.332,0.35,"1993",FALSE,0,0,26,FALSE
"131","Paul Graham","SG",0.595,"ATL",0.976,0.134,0.427,0.248,0.258,0.609,0.104,0.159,0.298,0.223,0.236,0.511,0.55,0.127,0.135,0.733,0.117,0.128,0.124,0.141,0.35,0.016,0.259,0.499,0.23,"1993",FALSE,0,0,43,FALSE
"132","Gary Grant","PG",0.643,"LAC",0.902,0.098,0.46,0.203,0.219,0.588,0.027,0.047,0.262,0.207,0.245,0.459,0.503,0.073,0.076,0.743,0.052,0.111,0.091,0.303,0.431,0.024,0.278,0.453,0.172,"1993",FALSE,0,0,41,FALSE
"133","Greg Grant","PG",0.619,"PHI",0.878,0,0.282,0.074,0.101,0.467,0.05,0.077,0.294,0.059,0.086,0.375,0.439,0.026,0.032,0.645,0.046,0.043,0.044,0.177,0.175,0.003,0.116,0.197,0.069,"1993",FALSE,0,0,26,FALSE
"134","Harvey Grant","SF",0.643,"WSB",0.878,0.878,0.755,0.542,0.529,0.649,0.002,0.011,0.1,0.582,0.642,0.491,0.542,0.288,0.309,0.727,0.254,0.277,0.269,0.176,0.293,0.117,0.194,0.453,0.473,"1993",FALSE,0,0,22,FALSE
"135","Horace Grant","PF",0.643,"CHI",0.939,0.939,0.777,0.407,0.382,0.677,0.002,0.006,0.2,0.437,0.465,0.51,0.564,0.23,0.289,0.619,0.652,0.385,0.476,0.173,0.362,0.255,0.237,0.588,0.359,"1993",FALSE,0,0,57,FALSE
"136","Jeff Grayer","SG",0.643,"GSW",0.585,0.146,0.29,0.16,0.162,0.623,0.005,0.016,0.143,0.17,0.191,0.481,0.522,0.12,0.14,0.669,0.136,0.085,0.103,0.06,0.126,0.021,0.116,0.323,0.149,"1993",FALSE,0,0,34,FALSE
"137","A.C. Green","PF",0.69,"LAL",1,0.671,0.798,0.367,0.325,0.716,0.04,0.052,0.348,0.378,0.372,0.55,0.609,0.366,0.386,0.739,0.549,0.421,0.465,0.1,0.358,0.104,0.25,0.402,0.371,"1993",FALSE,0,0,39,FALSE
"138","Litterial Green","PG",0.524,"ORL",0.634,0.049,0.177,0.084,0.091,0.585,0.002,0.011,0.1,0.089,0.106,0.457,0.491,0.079,0.099,0.625,0.021,0.023,0.022,0.1,0.093,0.011,0.091,0.189,0.083,"1993",FALSE,0,0,41,FALSE
"139","Sean Green","SG",0.524,"IND",0.159,0,0.023,0.027,0.025,0.679,0.007,0.011,0.3,0.026,0.025,0.556,0.596,0.004,0.004,0.75,0.008,0.005,0.006,0.006,0.008,0.003,0.019,0.03,0.022,"1993",FALSE,0,0,41,FALSE
"141","Tom Gugliotta","PF",0.548,"WSB",0.988,0.988,0.791,0.468,0.522,0.568,0.095,0.152,0.281,0.464,0.564,0.446,0.492,0.239,0.289,0.644,0.419,0.558,0.51,0.263,0.545,0.093,0.496,0.526,0.419,"1993",FALSE,0,0,22,FALSE
"144","Tim Hardaway","PG",0.619,"GSW",0.805,0.805,0.738,0.505,0.538,0.596,0.254,0.349,0.33,0.437,0.484,0.489,0.546,0.361,0.378,0.744,0.115,0.202,0.172,0.601,0.472,0.032,0.474,0.41,0.501,"1993",FALSE,0,0,34,FALSE
"145","Derek Harper","SG",0.738,"DAL",0.756,0.732,0.597,0.38,0.432,0.559,0.251,0.29,0.393,0.304,0.385,0.428,0.524,0.316,0.325,0.756,0.08,0.08,0.08,0.287,0.325,0.043,0.293,0.391,0.398,"1993",FALSE,0,0,11,FALSE
"146","Ron Harper","SG",0.69,"LAC",0.976,0.939,0.841,0.524,0.554,0.601,0.129,0.21,0.28,0.51,0.574,0.482,0.524,0.406,0.41,0.769,0.224,0.306,0.278,0.309,0.72,0.194,0.478,0.571,0.51,"1993",FALSE,0,0,41,FALSE
"147","Scott Hastings","C",0.762,"DEN",0.927,0,0.19,0.055,0.052,0.679,0.005,0.009,0.25,0.057,0.059,0.529,0.576,0.053,0.057,0.727,0.084,0.092,0.09,0.029,0.049,0.021,0.062,0.31,0.055,"1993",FALSE,0,0,36,FALSE
"148","Hersey Hawkins","SG",0.619,"PHI",0.988,0.988,0.843,0.533,0.539,0.627,0.303,0.347,0.397,0.446,0.488,0.496,0.58,0.554,0.501,0.86,0.174,0.253,0.226,0.272,0.557,0.08,0.388,0.509,0.58,"1993",FALSE,0,0,26,FALSE
"149","Steve Henson","PG",0.571,"ATL",0.646,0.024,0.204,0.069,0.084,0.52,0.092,0.09,0.463,0.035,0.058,0.333,0.547,0.045,0.041,0.85,0.023,0.043,0.036,0.133,0.122,0.003,0.112,0.229,0.075,"1993",FALSE,0,0,43,FALSE
"150","Carl Herrera","PF",0.619,"HOU",0.988,0.146,0.509,0.232,0.204,0.721,0,0.002,0,0.25,0.249,0.543,0.601,0.165,0.181,0.71,0.283,0.304,0.297,0.052,0.191,0.093,0.198,0.512,0.214,"1993",FALSE,0,0,55,FALSE
"151","Rod Higgins","SF",0.786,"SAC",0.841,0.049,0.403,0.192,0.222,0.549,0.107,0.15,0.323,0.162,0.197,0.446,0.508,0.172,0.155,0.861,0.126,0.126,0.126,0.102,0.207,0.077,0.136,0.38,0.202,"1993",FALSE,0,0,25,FALSE
"152","Sean Higgins","SF",0.571,"GSW",0.354,0.049,0.167,0.093,0.099,0.596,0.032,0.042,0.351,0.086,0.1,0.466,0.53,0.046,0.048,0.745,0.044,0.045,0.044,0.057,0.053,0.013,0.138,0.146,0.085,"1993",FALSE,0,0,34,FALSE
"153","Tyrone Hill","C",0.571,"GSW",0.902,0.805,0.586,0.243,0.227,0.677,0,0.005,0,0.261,0.276,0.512,0.564,0.183,0.227,0.624,0.488,0.496,0.493,0.058,0.167,0.106,0.198,0.863,0.226,"1993",FALSE,0,0,34,FALSE
"156","Jeff Hornacek","PG",0.69,"PHI",0.963,0.951,0.81,0.563,0.57,0.627,0.241,0.281,0.39,0.505,0.558,0.49,0.566,0.331,0.297,0.865,0.161,0.256,0.224,0.471,0.533,0.056,0.478,0.547,0.534,"1993",FALSE,0,0,26,FALSE
"157","Robert Horry","SF",0.524,"HOU",0.963,0.963,0.659,0.312,0.314,0.632,0.03,0.053,0.255,0.324,0.358,0.49,0.536,0.189,0.206,0.715,0.216,0.277,0.256,0.164,0.325,0.221,0.336,0.566,0.283,"1993",FALSE,0,0,55,FALSE
"158","Byron Houston","PF",0.548,"GSW",0.963,0.098,0.361,0.14,0.15,0.595,0.005,0.008,0.286,0.149,0.179,0.45,0.499,0.171,0.2,0.665,0.228,0.195,0.206,0.059,0.179,0.114,0.188,0.682,0.149,"1993",FALSE,0,0,34,FALSE
"159","Brian Howard","SF",0.595,"DAL",0.829,0.268,0.367,0.177,0.191,0.589,0.002,0.008,0.143,0.189,0.23,0.447,0.492,0.095,0.097,0.766,0.126,0.145,0.139,0.058,0.224,0.09,0.147,0.585,0.155,"1993",FALSE,0,0,11,FALSE
"161","Jay Humphries","SG",0.714,"UTA",0.951,0.244,0.576,0.278,0.303,0.581,0.037,0.085,0.2,0.283,0.329,0.466,0.497,0.134,0.134,0.777,0.076,0.102,0.093,0.272,0.411,0.029,0.284,0.636,0.244,"1993",FALSE,0,0,47,FALSE
"162","Byron Irvin","SG",0.619,"WSB",0.049,0.024,0.013,0.009,0.008,0.667,0.002,0.001,1,0.008,0.01,0.471,0.587,0.004,0.006,0.5,0.004,0.002,0.003,0.002,0.004,0,0.009,0.013,0.008,"1993",FALSE,0,0,22,FALSE
"163","Mike Iuzzolino","PG",0.595,"DAL",0.854,0.28,0.501,0.214,0.22,0.616,0.134,0.163,0.375,0.174,0.188,0.5,0.577,0.151,0.153,0.765,0.059,0.108,0.092,0.282,0.199,0.016,0.278,0.272,0.215,"1993",FALSE,0,0,11,FALSE
"164","Jaren Jackson","SG",0.595,"LAC",0.415,0,0.099,0.051,0.059,0.552,0.005,0.006,0.4,0.053,0.069,0.415,0.469,0.03,0.028,0.852,0.036,0.02,0.025,0.03,0.077,0.013,0.037,0.121,0.046,"1993",FALSE,0,0,41,FALSE
"165","Jim Jackson","SF",0.524,"DAL",0.341,0.341,0.265,0.178,0.214,0.527,0.052,0.082,0.288,0.17,0.222,0.415,0.463,0.09,0.095,0.739,0.08,0.079,0.08,0.113,0.163,0.029,0.248,0.216,0.161,"1993",FALSE,0,0,11,FALSE
"166","Mark Jackson","PG",0.643,"LAC",1,0.988,0.882,0.444,0.435,0.648,0.055,0.093,0.268,0.455,0.487,0.506,0.552,0.319,0.309,0.803,0.247,0.257,0.254,0.622,0.553,0.032,0.474,0.426,0.417,"1993",FALSE,0,0,41,FALSE
"168","Keith Jennings","PG",0.571,"GSW",0.098,0,0.038,0.024,0.019,0.793,0.012,0.01,0.556,0.021,0.019,0.606,0.728,0.019,0.019,0.778,0.004,0.009,0.007,0.02,0.016,0,0.015,0.049,0.024,"1993",FALSE,0,0,34,FALSE
"169","Avery Johnson","PG",0.643,"SAS",0.915,0.598,0.575,0.248,0.235,0.669,0,0.009,0,0.266,0.283,0.51,0.558,0.19,0.187,0.791,0.038,0.125,0.095,0.482,0.346,0.043,0.312,0.38,0.232,"1993",FALSE,0,0,49,FALSE
"170","Buck Johnson","SF",0.69,"WSB",0.89,0.232,0.364,0.187,0.185,0.639,0,0.003,0,0.201,0.226,0.483,0.532,0.122,0.13,0.73,0.149,0.116,0.127,0.076,0.146,0.048,0.151,0.504,0.169,"1993",FALSE,0,0,22,FALSE
"171","Dave Johnson","SG",0.524,"POR",0.512,0,0.101,0.055,0.069,0.511,0.007,0.016,0.214,0.056,0.076,0.4,0.437,0.053,0.061,0.678,0.034,0.03,0.031,0.011,0.033,0.003,0.06,0.062,0.055,"1993",FALSE,0,0,51,FALSE
"172","Eddie Johnson","SF",0.786,"SEA",1,0,0.529,0.448,0.456,0.623,0.042,0.063,0.304,0.464,0.527,0.477,0.529,0.31,0.264,0.911,0.237,0.147,0.178,0.116,0.146,0.011,0.289,0.466,0.416,"1993",FALSE,0,0,55,FALSE
"173","Frank Johnson","PG",0.81,"PHO",0.939,0,0.318,0.132,0.144,0.581,0.002,0.014,0.083,0.14,0.169,0.45,0.487,0.078,0.078,0.776,0.078,0.071,0.074,0.16,0.244,0.021,0.172,0.302,0.117,"1993",FALSE,0,0,62,FALSE
"174","Kevin Johnson","PG",0.619,"PHO",0.598,0.573,0.465,0.273,0.26,0.665,0.002,0.009,0.125,0.292,0.314,0.504,0.556,0.299,0.284,0.819,0.057,0.073,0.068,0.33,0.346,0.051,0.325,0.27,0.279,"1993",FALSE,0,0,62,FALSE
"175","Larry Johnson","PF",0.548,"CHH",1,1,0.941,0.704,0.637,0.701,0.045,0.08,0.254,0.739,0.741,0.54,0.591,0.444,0.451,0.767,0.537,0.579,0.565,0.303,0.215,0.072,0.489,0.504,0.639,"1993",FALSE,0,0,44,FALSE
"176","Charles Jones","C",0.833,"WSB",0.817,0.256,0.341,0.032,0.029,0.699,0,0.001,0,0.034,0.035,0.532,0.582,0.029,0.039,0.579,0.166,0.189,0.181,0.036,0.154,0.205,0.082,0.388,0.031,"1993",FALSE,0,0,22,FALSE
"177","Michael Jordan","SG",0.69,"CHI",0.951,0.951,0.868,0.959,0.922,0.66,0.201,0.26,0.352,0.948,1,0.514,0.572,0.63,0.585,0.837,0.258,0.384,0.341,0.368,0.898,0.162,0.446,0.507,0.897,"1993",FALSE,13,0.577,57,TRUE
"179","Adam Keefe","PF",0.524,"ATL",1,0.073,0.438,0.182,0.173,0.667,0,0.001,0,0.196,0.212,0.501,0.556,0.22,0.244,0.7,0.327,0.259,0.282,0.069,0.232,0.043,0.216,0.526,0.191,"1993",FALSE,0,0,43,FALSE
"180","Shawn Kemp","PF",0.548,"SEA",0.951,0.829,0.731,0.498,0.482,0.656,0,0.005,0,0.536,0.588,0.494,0.547,0.474,0.517,0.712,0.549,0.542,0.544,0.133,0.484,0.388,0.468,0.881,0.49,"1993",FALSE,0,0.001,55,TRUE
"183","Jerome Kersey","SF",0.714,"POR",0.793,0.61,0.487,0.272,0.295,0.584,0.02,0.032,0.286,0.284,0.346,0.445,0.493,0.153,0.188,0.634,0.241,0.278,0.265,0.104,0.325,0.109,0.181,0.488,0.242,"1993",FALSE,0,0,51,FALSE
"184","Alec Kessler","PF",0.619,"MIA",0.488,0.024,0.117,0.055,0.056,0.623,0.012,0.012,0.455,0.054,0.063,0.468,0.542,0.048,0.048,0.766,0.048,0.066,0.059,0.012,0.016,0.032,0.045,0.17,0.055,"1993",FALSE,0,0,36,FALSE
"185","Bo Kimble","SG",0.619,"NYK",0.11,0,0.016,0.014,0.015,0.565,0.005,0.009,0.25,0.012,0.014,0.48,0.506,0.004,0.008,0.375,0.006,0.008,0.007,0.004,0.004,0,0.013,0.027,0.012,"1993",FALSE,0,0,60,FALSE
"187","Bernard King","SF",0.857,"NJN",0.39,0.024,0.122,0.088,0.081,0.685,0.005,0.008,0.286,0.093,0.096,0.524,0.578,0.052,0.059,0.684,0.067,0.041,0.05,0.015,0.045,0.008,0.045,0.143,0.079,"1993",FALSE,0,0,43,FALSE
"189","Stacey King","C",0.619,"CHI",0.927,0.037,0.3,0.155,0.156,0.628,0.005,0.007,0.333,0.164,0.188,0.473,0.527,0.114,0.126,0.705,0.201,0.101,0.135,0.061,0.106,0.053,0.151,0.345,0.144,"1993",FALSE,0,0,57,FALSE
"190","Greg Kite","C",0.738,"ORL",0.78,0.012,0.181,0.037,0.039,0.603,0,0.001,0,0.04,0.047,0.458,0.502,0.017,0.025,0.542,0.126,0.126,0.126,0.009,0.053,0.032,0.075,0.358,0.031,"1993",FALSE,0,0,41,FALSE
"191","Joe Kleine","C",0.738,"BOS",0.951,0.037,0.32,0.104,0.123,0.539,0,0.007,0,0.112,0.147,0.414,0.449,0.054,0.06,0.707,0.216,0.231,0.226,0.034,0.069,0.045,0.08,0.332,0.091,"1993",FALSE,0,0,48,FALSE
"192","Negele Knight","PG",0.595,"PHO",0.634,0.427,0.251,0.12,0.146,0.521,0,0.008,0,0.129,0.175,0.4,0.434,0.089,0.088,0.779,0.054,0.036,0.042,0.125,0.093,0.011,0.157,0.178,0.111,"1993",FALSE,0,0,62,FALSE
"193","Bart Kofoed","SG",0.667,"BOS",0.085,0,0.012,0.003,0.006,0.308,0,0.001,0,0.003,0.007,0.25,0.257,0.015,0.014,0.786,0,0.001,0.001,0.009,0.008,0.003,0.006,0.003,0.006,"1993",FALSE,0,0,48,FALSE
"194","Jon Koncak","C",0.69,"ATL",0.951,0.793,0.559,0.12,0.123,0.619,0.007,0.009,0.375,0.126,0.146,0.467,0.522,0.032,0.051,0.48,0.191,0.325,0.279,0.12,0.305,0.266,0.112,0.712,0.097,"1993",FALSE,0,0,43,FALSE
"195","Larry Krystkowiak","PF",0.667,"UTA",0.866,0,0.386,0.191,0.196,0.621,0,0.001,0,0.206,0.239,0.467,0.518,0.155,0.151,0.796,0.141,0.204,0.182,0.058,0.171,0.035,0.134,0.488,0.181,"1993",FALSE,0,0,47,FALSE
"196","Christian Laettner","PF",0.548,"MIN",0.988,0.988,0.799,0.486,0.488,0.632,0.01,0.045,0.1,0.519,0.576,0.489,0.529,0.611,0.569,0.835,0.327,0.533,0.463,0.192,0.427,0.221,0.593,0.782,0.52,"1993",FALSE,0,0,19,FALSE
"197","Bill Laimbeer","C",0.833,"DET",0.963,0.5,0.547,0.282,0.264,0.679,0.025,0.03,0.37,0.293,0.309,0.516,0.574,0.123,0.107,0.894,0.21,0.307,0.274,0.109,0.187,0.106,0.127,0.571,0.243,"1993",FALSE,0,0,40,FALSE
"199","Andrew Lang","C",0.619,"PHI",0.89,0.72,0.527,0.144,0.162,0.567,0.002,0.006,0.2,0.154,0.195,0.428,0.473,0.115,0.117,0.763,0.26,0.298,0.285,0.068,0.187,0.375,0.192,0.704,0.136,"1993",FALSE,0,0,26,FALSE
"202","Jim Les","PG",0.69,"SAC",0.89,0,0.249,0.106,0.119,0.567,0.164,0.174,0.429,0.046,0.059,0.419,0.613,0.056,0.051,0.84,0.038,0.069,0.058,0.145,0.163,0.019,0.103,0.218,0.116,"1993",FALSE,0,0,25,FALSE
"203","Reggie Lewis","SG",0.643,"BOS",0.976,0.976,0.89,0.641,0.649,0.627,0.035,0.068,0.233,0.675,0.761,0.481,0.528,0.431,0.387,0.867,0.168,0.257,0.227,0.256,0.48,0.205,0.287,0.668,0.588,"1993",FALSE,0,0,48,FALSE
"204","Marcus Liberty","SF",0.571,"DEN",0.951,0.39,0.449,0.244,0.285,0.541,0.055,0.067,0.373,0.239,0.316,0.41,0.471,0.135,0.16,0.654,0.25,0.203,0.219,0.09,0.26,0.056,0.17,0.385,0.222,"1993",FALSE,0,0,36,FALSE
"205","Todd Lichti","SG",0.619,"DEN",0.585,0.146,0.213,0.12,0.127,0.599,0.005,0.007,0.333,0.127,0.152,0.452,0.503,0.107,0.105,0.794,0.067,0.067,0.067,0.045,0.114,0.029,0.106,0.162,0.117,"1993",FALSE,0,0,36,FALSE
"207","Brad Lohaus","PF",0.667,"MIL",0.976,0.293,0.5,0.274,0.283,0.615,0.211,0.26,0.37,0.206,0.217,0.516,0.589,0.097,0.104,0.723,0.113,0.215,0.18,0.109,0.191,0.197,0.2,0.48,0.256,"1993",FALSE,0,0,28,FALSE
"208","Grant Long","PF",0.619,"MIA",0.927,0.756,0.772,0.384,0.39,0.625,0.015,0.029,0.231,0.407,0.463,0.476,0.524,0.345,0.351,0.765,0.377,0.368,0.371,0.156,0.423,0.082,0.287,0.712,0.375,"1993",FALSE,0,0,36,FALSE
"210","Kevin Lynch","SG",0.571,"CHH",0.488,0.098,0.092,0.029,0.027,0.677,0,0.001,0,0.031,0.033,0.517,0.564,0.034,0.039,0.684,0.023,0.023,0.023,0.021,0.045,0.016,0.052,0.119,0.03,"1993",FALSE,0,0,44,FALSE
"211","Sam Mack","SF",0.524,"SAS",0.488,0,0.076,0.045,0.054,0.531,0.007,0.025,0.136,0.046,0.054,0.458,0.457,0.06,0.06,0.776,0.034,0.03,0.031,0.013,0.057,0.013,0.047,0.119,0.05,"1993",FALSE,0,0,49,FALSE
"212","Don MacLean","PF",0.548,"WSB",0.756,0.049,0.191,0.152,0.166,0.58,0.007,0.007,0.5,0.16,0.2,0.434,0.488,0.119,0.114,0.811,0.063,0.088,0.08,0.034,0.045,0.011,0.091,0.221,0.144,"1993",FALSE,0,0,22,FALSE
"213","Mark Macon","PG",0.548,"DEN",0.585,0.329,0.323,0.153,0.175,0.553,0,0.007,0,0.164,0.212,0.421,0.461,0.056,0.062,0.7,0.063,0.07,0.067,0.108,0.28,0.008,0.155,0.364,0.126,"1993",FALSE,0,0,36,FALSE
"214","Rick Mahorn","PF",0.81,"NJN",0.902,0.11,0.305,0.098,0.098,0.629,0.002,0.003,0.333,0.104,0.119,0.474,0.527,0.116,0.113,0.8,0.178,0.185,0.182,0.028,0.077,0.082,0.125,0.42,0.103,"1993",FALSE,0,0,43,FALSE
"215","Dan Majerle","SG",0.643,"PHO",1,1,0.905,0.492,0.504,0.619,0.415,0.494,0.381,0.356,0.371,0.52,0.601,0.269,0.269,0.778,0.229,0.261,0.25,0.267,0.561,0.088,0.287,0.485,0.49,"1993",FALSE,0,0,62,FALSE
"216","Jeff Malone","SG",0.738,"UTA",0.963,0.72,0.724,0.575,0.555,0.659,0.007,0.01,0.333,0.616,0.675,0.495,0.55,0.312,0.285,0.852,0.059,0.141,0.113,0.11,0.171,0.011,0.269,0.315,0.505,"1993",FALSE,0,0,47,FALSE
"217","Karl Malone","PF",0.69,"UTA",1,1,0.877,0.771,0.664,0.736,0.01,0.023,0.2,0.825,0.803,0.557,0.616,0.819,0.86,0.74,0.434,0.687,0.601,0.265,0.504,0.226,0.517,0.704,0.783,"1993",FALSE,0,0.01,47,TRUE
"219","Danny Manning","PF",0.619,"LAC",0.963,0.939,0.781,0.679,0.635,0.679,0.02,0.034,0.267,0.722,0.761,0.514,0.569,0.513,0.498,0.802,0.379,0.32,0.34,0.178,0.439,0.269,0.496,0.871,0.636,"1993",FALSE,0,0,41,FALSE
"220","Sarunas Marciulionis","SF",0.667,"GSW",0.366,0.098,0.237,0.172,0.151,0.724,0.007,0.017,0.2,0.182,0.177,0.559,0.608,0.214,0.219,0.761,0.076,0.057,0.063,0.09,0.207,0.005,0.164,0.248,0.184,"1993",FALSE,0,0,34,FALSE
"222","Marlon Maxey","PF",0.548,"MIN",0.524,0.037,0.147,0.09,0.078,0.733,0,0.001,0,0.097,0.095,0.554,0.611,0.06,0.072,0.643,0.126,0.097,0.107,0.01,0.045,0.048,0.082,0.202,0.082,"1993",FALSE,0,0,19,FALSE
"223","Vernon Maxwell","SG",0.643,"HOU",0.866,0.829,0.637,0.338,0.395,0.543,0.299,0.407,0.332,0.238,0.28,0.461,0.53,0.217,0.235,0.719,0.055,0.191,0.144,0.255,0.35,0.021,0.302,0.334,0.347,"1993",FALSE,0,0,55,FALSE
"224","Lee Mayberry","PG",0.524,"MIL",1,0.049,0.425,0.165,0.173,0.608,0.107,0.124,0.391,0.133,0.149,0.483,0.57,0.052,0.07,0.574,0.05,0.091,0.077,0.235,0.24,0.019,0.183,0.399,0.15,"1993",FALSE,0,0,28,FALSE
"225","Travis Mays","PG",0.571,"ATL",0.598,0.11,0.223,0.125,0.142,0.556,0.072,0.095,0.345,0.104,0.127,0.444,0.516,0.071,0.084,0.659,0.038,0.033,0.035,0.062,0.085,0.008,0.11,0.159,0.12,"1993",FALSE,0,0,43,FALSE
"226","Bob McCann","SF",0.667,"MIN",0.963,0.085,0.435,0.193,0.189,0.651,0,0.002,0,0.208,0.23,0.49,0.542,0.126,0.156,0.625,0.176,0.189,0.184,0.058,0.207,0.154,0.17,0.544,0.175,"1993",FALSE,0,0,19,FALSE
"227","George McCloud","SF",0.595,"IND",0.951,0.256,0.425,0.209,0.242,0.548,0.144,0.204,0.32,0.164,0.194,0.459,0.519,0.099,0.105,0.735,0.115,0.144,0.134,0.165,0.215,0.029,0.231,0.445,0.2,"1993",FALSE,0,0,41,FALSE
"228","Rodney McCray","SF",0.738,"CHI",0.78,0.061,0.288,0.089,0.094,0.601,0.005,0.006,0.4,0.094,0.112,0.452,0.507,0.048,0.053,0.692,0.101,0.104,0.103,0.07,0.049,0.04,0.114,0.267,0.078,"1993",FALSE,0,0,57,FALSE
"229","Xavier McDaniel","PF",0.69,"BOS",1,0.329,0.627,0.442,0.425,0.66,0.015,0.025,0.273,0.469,0.509,0.5,0.553,0.253,0.248,0.793,0.321,0.319,0.32,0.14,0.293,0.136,0.369,0.671,0.392,"1993",FALSE,0,0,48,FALSE
"230","Kevin McHale","PF",0.833,"BOS",0.866,0,0.469,0.288,0.299,0.612,0.005,0.02,0.111,0.308,0.356,0.469,0.512,0.217,0.201,0.841,0.182,0.261,0.234,0.063,0.065,0.157,0.198,0.34,0.269,"1993",FALSE,0,0,48,FALSE
"231","Derrick McKey","SF",0.619,"SEA",0.939,0.829,0.69,0.374,0.359,0.661,0.1,0.126,0.357,0.361,0.377,0.519,0.58,0.291,0.306,0.741,0.231,0.205,0.214,0.169,0.427,0.154,0.328,0.561,0.365,"1993",FALSE,0,0,55,FALSE
"232","Nate McMillan","PG",0.667,"SEA",0.89,0.305,0.56,0.206,0.211,0.619,0.062,0.073,0.385,0.196,0.222,0.477,0.546,0.126,0.138,0.709,0.161,0.22,0.2,0.33,0.703,0.088,0.3,0.647,0.193,"1993",FALSE,0,0,55,FALSE
"233","Oliver Miller","C",0.524,"PHO",0.683,0.012,0.303,0.117,0.117,0.633,0,0.003,0,0.126,0.142,0.48,0.528,0.094,0.103,0.71,0.134,0.204,0.18,0.101,0.154,0.266,0.233,0.391,0.111,"1993",FALSE,0,0,62,FALSE
"234","Reggie Miller","SG",0.643,"IND",1,1,0.836,0.552,0.549,0.639,0.415,0.473,0.399,0.42,0.437,0.522,0.61,0.565,0.499,0.88,0.128,0.19,0.169,0.225,0.488,0.069,0.312,0.491,0.613,"1993",FALSE,0,0,41,FALSE
"235","Terry Mills","PF",0.595,"DET",0.988,0.561,0.618,0.478,0.493,0.615,0.025,0.041,0.278,0.504,0.584,0.467,0.517,0.266,0.261,0.791,0.337,0.294,0.308,0.095,0.179,0.133,0.306,0.76,0.423,"1993",FALSE,0,0,40,FALSE
"236","Harold Miner","SG",0.5,"MIA",0.89,0,0.391,0.282,0.283,0.633,0.007,0.01,0.333,0.301,0.342,0.477,0.53,0.216,0.22,0.762,0.141,0.072,0.096,0.063,0.138,0.021,0.198,0.35,0.265,"1993",FALSE,0,0,36,FALSE
"237","Sam Mitchell","SF",0.69,"IND",0.988,0.012,0.397,0.208,0.222,0.593,0.01,0.026,0.174,0.22,0.259,0.459,0.499,0.198,0.19,0.811,0.178,0.154,0.162,0.065,0.093,0.027,0.11,0.558,0.206,"1993",FALSE,0,0,41,FALSE
"238","Tracy Moore","SG",0.643,"DAL",0.476,0.012,0.144,0.1,0.115,0.552,0.057,0.076,0.343,0.083,0.103,0.44,0.511,0.07,0.063,0.869,0.044,0.029,0.034,0.04,0.085,0.011,0.069,0.146,0.1,"1993",FALSE,0,0,11,FALSE
"239","Chris Morris","SF",0.643,"NJN",0.939,0.695,0.652,0.422,0.417,0.641,0.042,0.086,0.224,0.436,0.469,0.504,0.544,0.261,0.255,0.794,0.434,0.225,0.297,0.091,0.585,0.138,0.256,0.461,0.383,"1993",FALSE,0,0,43,FALSE
"241","Alonzo Mourning","C",0.524,"CHH",0.951,0.951,0.748,0.553,0.515,0.681,0,0.003,0,0.595,0.629,0.513,0.568,0.655,0.652,0.781,0.503,0.538,0.526,0.065,0.11,0.721,0.509,0.771,0.579,"1993",FALSE,0,0,44,FALSE
"242","Chris Mullin","SF",0.69,"GSW",0.561,0.561,0.538,0.458,0.428,0.68,0.149,0.15,0.451,0.431,0.45,0.519,0.602,0.242,0.233,0.81,0.08,0.189,0.152,0.143,0.276,0.109,0.3,0.205,0.421,"1993",FALSE,0,0,34,FALSE
"243","Eric Murdock","PG",0.571,"MIL",0.963,0.951,0.69,0.424,0.431,0.624,0.077,0.134,0.261,0.424,0.461,0.498,0.539,0.306,0.305,0.78,0.182,0.188,0.186,0.518,0.707,0.019,0.446,0.477,0.402,"1993",FALSE,0,0,28,FALSE
"244","Tracy Murray","SF",0.5,"POR",0.585,0.171,0.14,0.104,0.12,0.553,0.052,0.079,0.3,0.091,0.107,0.458,0.507,0.046,0.041,0.875,0.076,0.043,0.054,0.009,0.033,0.013,0.067,0.159,0.096,"1993",FALSE,0,0,51,FALSE
"245","Jerrod Mustaf","PF",0.548,"PHO",0.39,0.11,0.095,0.055,0.06,0.584,0,0.001,0,0.059,0.073,0.442,0.487,0.044,0.055,0.623,0.055,0.054,0.054,0.009,0.057,0.029,0.047,0.108,0.052,"1993",FALSE,0,0,62,FALSE
"247","Larry Nance","PF",0.786,"CLE",0.939,0.939,0.779,0.515,0.447,0.732,0,0.005,0,0.555,0.545,0.551,0.61,0.267,0.254,0.818,0.352,0.481,0.437,0.192,0.22,0.527,0.231,0.601,0.448,"1993",FALSE,0,0,54,FALSE
"249","Melvin Newbern","SG",0.595,"DET",0.402,0.012,0.088,0.041,0.052,0.496,0.002,0.009,0.125,0.043,0.059,0.39,0.418,0.045,0.062,0.567,0.036,0.018,0.024,0.049,0.093,0.003,0.069,0.113,0.042,"1993",FALSE,0,0,40,FALSE
"250","Johnny Newman","SF",0.69,"CHH",0.78,0.329,0.416,0.27,0.246,0.696,0.03,0.051,0.267,0.278,0.276,0.546,0.593,0.257,0.247,0.808,0.138,0.071,0.093,0.101,0.183,0.051,0.194,0.415,0.27,"1993",FALSE,0,0,44,FALSE
"251","Ken Norman","SF",0.667,"LAC",0.927,0.866,0.701,0.482,0.449,0.681,0.025,0.043,0.263,0.508,0.528,0.521,0.573,0.173,0.226,0.595,0.4,0.359,0.373,0.142,0.24,0.154,0.269,0.42,0.401,"1993",FALSE,0,0,41,FALSE
"252","Shaquille O'Neal","C",0.476,"ORL",0.988,0.988,0.869,0.709,0.6,0.749,0,0.002,0,0.763,0.734,0.563,0.624,0.565,0.742,0.592,0.654,0.775,0.733,0.131,0.244,0.761,0.662,0.865,0.668,"1993",FALSE,0,0.031,41,TRUE
"254","Charles Oakley","PF",0.69,"NYK",1,1,0.631,0.212,0.198,0.677,0,0.001,0,0.228,0.243,0.509,0.564,0.168,0.181,0.722,0.551,0.417,0.463,0.108,0.346,0.04,0.267,0.779,0.2,"1993",FALSE,0,0,60,FALSE
"256","Hakeem Olajuwon","C",0.714,"HOU",1,1,0.918,0.82,0.738,0.705,0,0.009,0,0.882,0.9,0.532,0.588,0.587,0.586,0.779,0.541,0.78,0.698,0.25,0.61,0.91,0.565,0.822,0.756,"1993",FALSE,22,0.66,55,TRUE
"257","Matt Othick","PG",0.548,"SAS",0.049,0,0.011,0.003,0.002,0.8,0.005,0.005,0.5,0.001,0.001,1,0.889,0,0.002,0,0.002,0.001,0.001,0.006,0.004,0,0.009,0.019,0.003,"1993",FALSE,0,0,49,FALSE
"258","Doug Overton","PG",0.548,"WSB",0.549,0.159,0.28,0.147,0.149,0.628,0.007,0.015,0.231,0.155,0.175,0.481,0.528,0.078,0.083,0.728,0.048,0.08,0.069,0.135,0.126,0.016,0.155,0.218,0.129,"1993",FALSE,0,0,22,FALSE
"259","Billy Owens","PF",0.548,"GSW",0.451,0.451,0.34,0.239,0.227,0.668,0.002,0.012,0.091,0.256,0.272,0.51,0.558,0.155,0.188,0.639,0.207,0.155,0.173,0.124,0.142,0.074,0.228,0.283,0.216,"1993",FALSE,0,0,34,FALSE
"260","Robert Pack","PG",0.548,"DEN",0.939,0.012,0.447,0.276,0.279,0.627,0.002,0.009,0.125,0.296,0.337,0.475,0.523,0.316,0.32,0.768,0.099,0.107,0.105,0.288,0.329,0.027,0.399,0.491,0.286,"1993",FALSE,0,0,36,FALSE
"261","Gerald Paddio","SF",0.643,"SEA",0.5,0.037,0.087,0.069,0.073,0.596,0.005,0.009,0.25,0.072,0.085,0.457,0.503,0.019,0.022,0.667,0.033,0.033,0.033,0.028,0.057,0.016,0.034,0.065,0.056,"1993",FALSE,0,0,55,FALSE
"264","John Paxson","PG",0.762,"CHI",0.72,0.098,0.292,0.102,0.107,0.601,0.047,0.046,0.463,0.089,0.108,0.448,0.546,0.022,0.021,0.85,0.017,0.039,0.031,0.117,0.154,0.005,0.067,0.267,0.087,"1993",FALSE,0,0,57,FALSE
"265","Kenny Payne","SF",0.619,"PHI",0.159,0,0.044,0.037,0.041,0.563,0.01,0.02,0.222,0.035,0.041,0.472,0.493,0.005,0.004,1,0.008,0.02,0.016,0.015,0.02,0.005,0.015,0.04,0.03,"1993",FALSE,0,0,26,FALSE
"266","Gary Payton","PG",0.571,"SEA",1,0.951,0.721,0.46,0.443,0.659,0.017,0.038,0.206,0.488,0.524,0.505,0.553,0.2,0.202,0.77,0.182,0.185,0.184,0.343,0.72,0.056,0.319,0.674,0.392,"1993",FALSE,0,0,55,FALSE
"267","Anthony Peeler","SG",0.548,"LAL",0.939,0.134,0.469,0.287,0.292,0.624,0.114,0.133,0.39,0.261,0.291,0.486,0.561,0.214,0.212,0.786,0.122,0.114,0.117,0.143,0.244,0.037,0.265,0.52,0.283,"1993",FALSE,0,0,39,FALSE
"268","Will Perdue","C",0.643,"CHI",0.878,0.195,0.282,0.132,0.113,0.743,0,0.001,0,0.143,0.138,0.559,0.619,0.089,0.114,0.604,0.197,0.183,0.188,0.064,0.089,0.125,0.159,0.375,0.12,"1993",FALSE,0,0,57,FALSE
"270","Tim Perry","PF",0.643,"PHI",0.988,0.622,0.596,0.278,0.282,0.624,0.025,0.055,0.204,0.288,0.318,0.491,0.529,0.194,0.213,0.71,0.294,0.253,0.267,0.108,0.163,0.242,0.265,0.429,0.258,"1993",FALSE,0,0,26,FALSE
"271","Chuck Person","SF",0.667,"MIN",0.951,0.915,0.845,0.523,0.574,0.577,0.294,0.375,0.355,0.44,0.517,0.462,0.534,0.144,0.173,0.649,0.187,0.333,0.283,0.295,0.272,0.08,0.472,0.534,0.462,"1993",FALSE,0,0,19,FALSE
"272","Drazen Petrovic","SG",0.667,"NJN",0.854,0.817,0.753,0.568,0.522,0.691,0.187,0.188,0.449,0.533,0.545,0.529,0.612,0.417,0.372,0.87,0.08,0.147,0.124,0.212,0.382,0.035,0.44,0.639,0.552,"1993",FALSE,0,0,43,FALSE
"273","Bobby Phills","SG",0.548,"CLE",0.378,0,0.039,0.037,0.038,0.617,0.005,0.006,0.4,0.037,0.043,0.468,0.529,0.02,0.026,0.6,0.011,0.011,0.011,0.009,0.041,0.005,0.039,0.051,0.033,"1993",FALSE,0,0,54,FALSE
"274","Ricky Pierce","SG",0.786,"SEA",0.939,0.878,0.628,0.507,0.493,0.652,0.104,0.128,0.372,0.502,0.54,0.503,0.566,0.414,0.362,0.889,0.111,0.133,0.125,0.189,0.407,0.019,0.345,0.45,0.495,"1993",FALSE,0,0,55,FALSE
"276","Scottie Pippen","SF",0.643,"CHI",0.988,0.988,0.884,0.607,0.611,0.631,0.055,0.105,0.237,0.631,0.696,0.491,0.536,0.307,0.36,0.663,0.388,0.415,0.406,0.436,0.703,0.194,0.53,0.59,0.533,"1993",FALSE,0,0,57,FALSE
"277","Gary Plummer","PF",0.714,"DEN",0.732,0,0.209,0.103,0.105,0.62,0,0.003,0,0.11,0.127,0.471,0.517,0.091,0.098,0.726,0.101,0.119,0.113,0.034,0.057,0.029,0.168,0.38,0.099,"1993",FALSE,0,0,36,FALSE
"278","Olden Polynice","C",0.667,"DET",0.817,0.22,0.368,0.203,0.197,0.653,0,0.001,0,0.219,0.241,0.491,0.544,0.087,0.146,0.465,0.346,0.235,0.273,0.025,0.126,0.056,0.116,0.34,0.172,"1993",FALSE,0,0,40,FALSE
"279","Terry Porter","PG",0.69,"POR",0.988,0.988,0.816,0.486,0.51,0.605,0.356,0.389,0.414,0.375,0.43,0.472,0.577,0.433,0.399,0.843,0.111,0.256,0.207,0.36,0.411,0.027,0.429,0.329,0.521,"1993",FALSE,0,0,51,FALSE
"280","Paul Pressey","SG",0.81,"GSW",0.22,0,0.076,0.028,0.03,0.585,0,0.005,0,0.03,0.035,0.468,0.488,0.028,0.028,0.778,0.015,0.023,0.02,0.026,0.045,0.013,0.05,0.097,0.028,"1993",FALSE,0,0,34,FALSE
"281","Brent Price","PG",0.571,"WSB",0.829,0.11,0.243,0.097,0.128,0.477,0.02,0.054,0.167,0.096,0.13,0.398,0.414,0.071,0.07,0.794,0.054,0.074,0.067,0.132,0.228,0.008,0.183,0.243,0.093,"1993",FALSE,0,0,22,FALSE
"282","Mark Price","PG",0.667,"CLE",0.915,0.902,0.674,0.461,0.454,0.645,0.303,0.331,0.416,0.369,0.391,0.512,0.607,0.382,0.314,0.948,0.071,0.163,0.131,0.517,0.362,0.029,0.422,0.283,0.482,"1993",FALSE,0,0.01,54,TRUE
"286","Blair Rasmussen","C",0.714,"ATL",0.268,0.073,0.08,0.029,0.037,0.5,0.005,0.007,0.333,0.029,0.042,0.378,0.431,0.012,0.013,0.692,0.038,0.035,0.036,0.004,0.02,0.027,0.026,0.164,0.025,"1993",FALSE,0,0,43,FALSE
"288","Glen Rice","SF",0.595,"MIA",1,1,0.872,0.563,0.609,0.587,0.368,0.436,0.383,0.452,0.529,0.463,0.55,0.32,0.303,0.82,0.176,0.33,0.277,0.155,0.374,0.066,0.338,0.542,0.549,"1993",FALSE,0,0,36,FALSE
"289","Pooh Richardson","PG",0.619,"IND",0.902,0.89,0.678,0.326,0.324,0.639,0.007,0.033,0.103,0.348,0.38,0.496,0.536,0.122,0.128,0.742,0.12,0.203,0.175,0.492,0.382,0.032,0.36,0.356,0.272,"1993",FALSE,0,0,41,FALSE
"290","Mitch Richmond","SG",0.643,"SAC",0.549,0.549,0.489,0.359,0.36,0.632,0.119,0.147,0.369,0.336,0.368,0.495,0.561,0.261,0.24,0.845,0.034,0.135,0.101,0.19,0.215,0.024,0.28,0.369,0.349,"1993",FALSE,0,0,25,FALSE
"291","Doc Rivers","PG",0.738,"NYK",0.939,0.549,0.534,0.209,0.227,0.583,0.097,0.139,0.317,0.184,0.209,0.477,0.53,0.176,0.167,0.821,0.05,0.165,0.125,0.348,0.5,0.024,0.246,0.58,0.213,"1993",FALSE,0,0,60,FALSE
"292","Fred Roberts","C",0.762,"MIL",0.963,0.061,0.421,0.219,0.197,0.704,0.03,0.033,0.414,0.223,0.225,0.536,0.602,0.179,0.174,0.799,0.174,0.145,0.155,0.101,0.232,0.072,0.144,0.372,0.212,"1993",FALSE,0,0,28,FALSE
"295","Clifford Robinson","PF",0.619,"POR",1,0.146,0.729,0.611,0.615,0.631,0.047,0.087,0.247,0.638,0.71,0.487,0.533,0.38,0.428,0.69,0.315,0.374,0.354,0.156,0.398,0.434,0.373,0.774,0.554,"1993",FALSE,0,0,51,FALSE
"296","David Robinson","C",0.643,"SAS",1,1,0.909,0.654,0.62,0.668,0.007,0.019,0.176,0.7,0.751,0.506,0.559,0.742,0.788,0.732,0.438,0.722,0.625,0.259,0.516,0.702,0.519,0.644,0.677,"1993",FALSE,0,0.034,49,TRUE
"297","Larry Robinson","SG",0.595,"WSB",0.049,0,0.009,0.006,0.007,0.5,0,0.001,0,0.006,0.008,0.4,0.417,0.004,0.005,0.6,0.002,0.002,0.002,0.003,0.004,0.003,0.002,0,0.005,"1993",FALSE,0,0,22,FALSE
"298","Rumeal Robinson","PG",0.619,"NJN",0.976,0.341,0.449,0.261,0.294,0.564,0.05,0.063,0.357,0.26,0.328,0.43,0.488,0.148,0.201,0.574,0.094,0.109,0.104,0.277,0.39,0.032,0.302,0.456,0.237,"1993",FALSE,0,0,43,FALSE
"299","Dennis Rodman","PF",0.738,"DET",0.756,0.671,0.682,0.177,0.197,0.569,0.037,0.082,0.205,0.175,0.201,0.472,0.493,0.115,0.168,0.534,0.702,0.76,0.74,0.088,0.195,0.12,0.222,0.542,0.165,"1993",FALSE,0,0,40,FALSE
"300","Tree Rollins","C",0.881,"HOU",0.512,0,0.07,0.011,0.019,0.357,0,0.002,0,0.011,0.022,0.282,0.298,0.012,0.012,0.75,0.023,0.048,0.039,0.009,0.024,0.04,0.019,0.116,0.011,"1993",FALSE,0,0,55,FALSE
"301","Sean Rooks","C",0.548,"DAL",0.878,0.829,0.591,0.356,0.344,0.657,0,0.002,0,0.383,0.42,0.494,0.548,0.31,0.4,0.602,0.375,0.338,0.35,0.082,0.154,0.215,0.345,0.55,0.343,"1993",FALSE,0,0,11,FALSE
"302","Donald Royal","SF",0.619,"ORL",0.939,0,0.463,0.188,0.18,0.661,0,0.003,0,0.202,0.219,0.5,0.551,0.421,0.401,0.815,0.222,0.178,0.193,0.069,0.146,0.066,0.244,0.482,0.249,"1993",FALSE,0,0,41,FALSE
"303","Delaney Rudd","PG",0.714,"POR",0.183,0.012,0.027,0.007,0.017,0.259,0.002,0.012,0.091,0.006,0.014,0.24,0.231,0.015,0.014,0.786,0.008,0.005,0.006,0.015,0.004,0,0.024,0.019,0.009,"1993",FALSE,0,0,51,FALSE
"307","Mike Sanders","SF",0.762,"CLE",0.646,0.622,0.337,0.191,0.182,0.663,0.002,0.005,0.25,0.204,0.221,0.5,0.554,0.078,0.08,0.756,0.099,0.117,0.111,0.064,0.159,0.08,0.123,0.404,0.16,"1993",FALSE,0,0,54,FALSE
"308","Danny Schayes","C",0.786,"MIL",0.854,0.085,0.318,0.102,0.121,0.532,0,0.003,0,0.109,0.147,0.404,0.443,0.148,0.141,0.818,0.138,0.176,0.163,0.067,0.146,0.096,0.14,0.399,0.114,"1993",FALSE,0,0,28,FALSE
"311","Detlef Schrempf","PF",0.714,"IND",1,0.732,0.877,0.5,0.499,0.635,0.02,0.059,0.154,0.53,0.583,0.493,0.533,0.694,0.672,0.804,0.402,0.566,0.51,0.424,0.321,0.072,0.524,0.822,0.553,"1993",FALSE,0,0,41,FALSE
"312","Byron Scott","SG",0.738,"LAL",0.707,0.646,0.475,0.286,0.303,0.599,0.109,0.152,0.326,0.262,0.296,0.481,0.537,0.206,0.189,0.848,0.052,0.106,0.088,0.135,0.224,0.035,0.151,0.264,0.28,"1993",FALSE,0,0,39,FALSE
"313","Dennis Scott","SF",0.571,"ORL",0.659,0.524,0.498,0.318,0.351,0.575,0.269,0.302,0.403,0.23,0.279,0.446,0.558,0.122,0.12,0.786,0.073,0.147,0.122,0.117,0.232,0.048,0.224,0.353,0.303,"1993",FALSE,0,0,41,FALSE
"314","Malik Sealy","SF",0.524,"IND",0.707,0.024,0.19,0.132,0.147,0.568,0.017,0.035,0.226,0.134,0.162,0.448,0.486,0.067,0.076,0.689,0.115,0.052,0.073,0.04,0.146,0.019,0.125,0.199,0.117,"1993",FALSE,0,0,41,FALSE
"315","Rony Seikaly","C",0.643,"MIA",0.878,0.78,0.695,0.403,0.399,0.64,0.002,0.009,0.125,0.433,0.485,0.484,0.534,0.525,0.556,0.735,0.495,0.583,0.553,0.086,0.154,0.221,0.438,0.701,0.435,"1993",FALSE,0,0,36,FALSE
"316","Brad Sellers","PF",0.714,"MIN",0.659,0.049,0.151,0.047,0.06,0.503,0,0.001,0,0.051,0.073,0.38,0.419,0.049,0.04,0.949,0.052,0.056,0.054,0.04,0.024,0.029,0.058,0.108,0.048,"1993",FALSE,0,0,19,FALSE
"317","Charles Shackleford","C",0.619,"PHI",0.585,0,0.161,0.077,0.075,0.651,0,0.002,0,0.083,0.091,0.494,0.542,0.041,0.05,0.633,0.124,0.139,0.134,0.022,0.053,0.066,0.078,0.248,0.067,"1993",FALSE,0,0,26,FALSE
"318","Brian Shaw","PG",0.619,"MIA",0.829,0.549,0.454,0.191,0.231,0.524,0.107,0.147,0.331,0.16,0.209,0.415,0.484,0.081,0.08,0.782,0.134,0.186,0.168,0.202,0.195,0.051,0.207,0.439,0.176,"1993",FALSE,0,0,36,FALSE
"319","Lionel Simmons","SF",0.571,"SAC",0.841,0.829,0.708,0.453,0.486,0.592,0.002,0.012,0.091,0.486,0.589,0.447,0.493,0.394,0.374,0.819,0.298,0.337,0.324,0.268,0.386,0.101,0.422,0.531,0.436,"1993",FALSE,0,0,25,FALSE
"320","Scott Skiles","PG",0.667,"ORL",0.951,0.951,0.873,0.402,0.41,0.623,0.199,0.265,0.34,0.35,0.37,0.512,0.569,0.382,0.333,0.892,0.099,0.236,0.19,0.631,0.35,0.005,0.575,0.658,0.424,"1993",FALSE,0,0,41,FALSE
"321","Charles Smith","SF",0.643,"NYK",0.988,0.829,0.615,0.346,0.352,0.625,0,0.002,0,0.373,0.43,0.47,0.521,0.38,0.378,0.782,0.325,0.26,0.282,0.122,0.195,0.255,0.334,0.685,0.354,"1993",FALSE,0,0,60,FALSE
"322","Chris Smith","SG",0.524,"MIN",0.976,0.073,0.358,0.121,0.133,0.577,0.005,0.016,0.143,0.128,0.155,0.447,0.484,0.126,0.123,0.792,0.061,0.064,0.063,0.168,0.195,0.043,0.147,0.259,0.123,"1993",FALSE,0,0,19,FALSE
"323","Doug Smith","PF",0.548,"DAL",0.744,0.512,0.431,0.279,0.306,0.579,0,0.005,0,0.301,0.373,0.437,0.482,0.074,0.076,0.757,0.184,0.23,0.214,0.089,0.195,0.138,0.248,0.755,0.224,"1993",FALSE,0,0,11,FALSE
"324","Kenny Smith","PG",0.643,"HOU",1,1,0.686,0.374,0.342,0.693,0.239,0.247,0.438,0.303,0.296,0.554,0.65,0.258,0.228,0.878,0.054,0.131,0.105,0.383,0.325,0.019,0.351,0.296,0.376,"1993",FALSE,0,0,55,FALSE
"325","LaBradford Smith","SG",0.548,"WSB",0.841,0.402,0.438,0.252,0.262,0.611,0.02,0.026,0.348,0.263,0.309,0.463,0.517,0.144,0.131,0.858,0.05,0.079,0.069,0.16,0.236,0.024,0.222,0.48,0.226,"1993",FALSE,0,0,22,FALSE
"327","Reggie Smith","C",0.524,"POR",0.28,0,0.019,0.01,0.012,0.493,0,0.001,0,0.01,0.015,0.385,0.411,0.004,0.014,0.214,0.029,0.006,0.014,0.001,0.016,0.003,0.009,0.043,0.008,"1993",FALSE,0,0,51,FALSE
"328","Steve Smith","SG",0.548,"MIA",0.585,0.524,0.456,0.27,0.285,0.601,0.132,0.149,0.402,0.235,0.275,0.464,0.549,0.205,0.203,0.787,0.107,0.14,0.129,0.229,0.203,0.043,0.278,0.399,0.27,"1993",FALSE,0,0,36,FALSE
"329","Tony Smith","SG",0.571,"LAL",0.671,0.11,0.213,0.129,0.127,0.645,0.005,0.012,0.182,0.136,0.149,0.496,0.541,0.082,0.084,0.756,0.088,0.041,0.057,0.054,0.203,0.019,0.086,0.194,0.117,"1993",FALSE,0,0,39,FALSE
"334","Latrell Sprewell","SG",0.524,"GSW",0.939,0.841,0.776,0.434,0.445,0.619,0.182,0.223,0.369,0.391,0.434,0.488,0.558,0.279,0.291,0.746,0.151,0.191,0.177,0.253,0.512,0.138,0.438,0.447,0.417,"1993",FALSE,0,0,34,FALSE
"335","John Starks","SG",0.643,"NYK",0.976,0.622,0.701,0.496,0.552,0.571,0.269,0.379,0.321,0.421,0.487,0.469,0.526,0.348,0.341,0.795,0.103,0.149,0.133,0.347,0.37,0.032,0.373,0.631,0.493,"1993",FALSE,0,0,60,FALSE
"337","Larry Stewart","SF",0.571,"WSB",0.988,0.098,0.516,0.296,0.26,0.724,0,0.002,0,0.318,0.317,0.544,0.603,0.243,0.26,0.727,0.294,0.227,0.25,0.125,0.191,0.077,0.33,0.515,0.281,"1993",FALSE,0,0,22,FALSE
"338","Bryant Stith","SG",0.524,"DEN",0.476,0.146,0.245,0.12,0.128,0.595,0,0.005,0,0.129,0.155,0.453,0.496,0.131,0.122,0.832,0.075,0.084,0.081,0.042,0.098,0.013,0.095,0.221,0.123,"1993",FALSE,0,0,36,FALSE
"340","John Stockton","PG",0.714,"UTA",1,1,0.81,0.423,0.414,0.648,0.179,0.211,0.385,0.38,0.402,0.513,0.584,0.388,0.378,0.798,0.122,0.172,0.155,0.848,0.809,0.056,0.573,0.604,0.438,"1993",FALSE,0,0.001,47,TRUE
"341","Rod Strickland","SG",0.619,"POR",0.951,0.427,0.7,0.383,0.376,0.647,0.01,0.034,0.133,0.408,0.443,0.499,0.542,0.361,0.392,0.717,0.229,0.215,0.22,0.48,0.533,0.064,0.429,0.412,0.377,"1993",FALSE,0,0,51,FALSE
"342","Derek Strong","PF",0.571,"MIL",0.28,0,0.096,0.041,0.042,0.609,0.01,0.009,0.5,0.04,0.047,0.452,0.531,0.09,0.087,0.8,0.076,0.074,0.075,0.012,0.045,0.003,0.028,0.054,0.055,"1993",FALSE,0,0,28,FALSE
"343","Lamont Strothers","SG",0.571,"DAL",0.11,0,0.039,0.019,0.028,0.437,0.005,0.015,0.154,0.019,0.027,0.375,0.382,0.011,0.01,0.8,0.015,0.006,0.009,0.011,0.033,0,0.032,0.035,0.018,"1993",FALSE,0,0,11,FALSE
"345","Isiah Thomas","PG",0.738,"DET",0.963,0.963,0.827,0.509,0.579,0.557,0.152,0.223,0.308,0.484,0.598,0.439,0.491,0.368,0.388,0.737,0.136,0.16,0.152,0.576,0.5,0.048,0.612,0.598,0.491,"1993",FALSE,0,0,40,FALSE
"346","LaSalle Thompson","C",0.738,"IND",0.768,0,0.207,0.101,0.098,0.651,0,0.001,0,0.108,0.12,0.491,0.542,0.038,0.04,0.744,0.105,0.122,0.116,0.029,0.118,0.064,0.101,0.369,0.084,"1993",FALSE,0,0,41,FALSE
"347","Otis Thorpe","PF",0.714,"HOU",0.878,0.841,0.667,0.372,0.318,0.744,0,0.002,0,0.401,0.388,0.56,0.62,0.202,0.263,0.598,0.419,0.367,0.385,0.155,0.175,0.051,0.325,0.631,0.326,"1993",FALSE,0,0,55,FALSE
"348","Sedale Threatt","PG",0.738,"LAL",1,1,0.819,0.505,0.473,0.677,0.035,0.06,0.264,0.529,0.55,0.521,0.572,0.234,0.221,0.823,0.09,0.224,0.178,0.485,0.577,0.029,0.373,0.668,0.436,"1993",FALSE,0,0,39,FALSE
"349","Wayman Tisdale","PF",0.667,"SAC",0.927,0.915,0.646,0.526,0.491,0.679,0,0.002,0,0.566,0.601,0.51,0.566,0.231,0.238,0.758,0.243,0.37,0.327,0.093,0.211,0.125,0.252,0.747,0.446,"1993",FALSE,0,0,25,FALSE
"350","Tom Tolbert","PF",0.643,"ORL",0.878,0.744,0.52,0.219,0.209,0.664,0.022,0.032,0.321,0.226,0.24,0.509,0.564,0.161,0.173,0.726,0.254,0.277,0.269,0.078,0.134,0.056,0.267,0.518,0.206,"1993",FALSE,0,0,41,FALSE
"351","Trent Tucker","SG",0.786,"CHI",0.841,0,0.257,0.138,0.136,0.647,0.129,0.148,0.397,0.095,0.092,0.555,0.637,0.024,0.023,0.818,0.031,0.055,0.046,0.07,0.098,0.016,0.039,0.175,0.126,"1993",FALSE,0,0,57,FALSE
"352","Jeff Turner","PF",0.714,"ORL",0.915,0.244,0.419,0.223,0.201,0.705,0.025,0.019,0.588,0.23,0.237,0.526,0.6,0.074,0.072,0.8,0.141,0.177,0.165,0.092,0.077,0.024,0.142,0.518,0.186,"1993",FALSE,0,0,41,FALSE
"353","Kiki Vandeweghe","SF",0.81,"LAC",0.5,0.037,0.14,0.089,0.093,0.604,0.03,0.042,0.324,0.083,0.094,0.482,0.537,0.077,0.068,0.879,0.023,0.036,0.031,0.021,0.053,0.019,0.043,0.121,0.09,"1993",FALSE,0,0,41,FALSE
"354","Loy Vaught","PF",0.571,"LAC",0.963,0.049,0.468,0.303,0.283,0.677,0.002,0.005,0.25,0.325,0.345,0.51,0.566,0.153,0.159,0.748,0.314,0.326,0.322,0.046,0.224,0.104,0.179,0.464,0.262,"1993",FALSE,0,0,41,FALSE
"355","Gundars Vetra","SF",0.595,"MIN",0.159,0,0.025,0.018,0.018,0.633,0.007,0.003,1,0.017,0.021,0.432,0.57,0.005,0.006,0.667,0.008,0.004,0.005,0.005,0.008,0,0.004,0.032,0.016,"1993",FALSE,0,0,19,FALSE
"358","Clarence Weatherspoon","SF",0.524,"PHI",1,1,0.751,0.478,0.485,0.625,0.002,0.005,0.25,0.513,0.592,0.47,0.522,0.385,0.42,0.713,0.342,0.407,0.385,0.126,0.346,0.178,0.379,0.507,0.452,"1993",FALSE,0,0,26,FALSE
"359","Marcus Webb","PF",0.524,"BOS",0.11,0,0.014,0.013,0.012,0.693,0,0.001,0,0.014,0.014,0.542,0.578,0.017,0.022,0.619,0.01,0.005,0.007,0.002,0.004,0.005,0.011,0.03,0.014,"1993",FALSE,0,0,48,FALSE
"360","Spud Webb","PG",0.69,"SAC",0.841,0.829,0.661,0.331,0.363,0.577,0.092,0.152,0.274,0.317,0.369,0.466,0.508,0.369,0.337,0.851,0.084,0.148,0.126,0.413,0.423,0.016,0.418,0.477,0.353,"1993",FALSE,0,0,25,FALSE
"361","Robert Werdann","C",0.524,"DEN",0.341,0,0.042,0.017,0.027,0.407,0,0.001,0,0.019,0.033,0.31,0.339,0.022,0.032,0.548,0.044,0.029,0.034,0.006,0.024,0.011,0.026,0.102,0.019,"1993",FALSE,0,0,36,FALSE
"362","Doug West","SG",0.595,"MIN",0.976,0.976,0.879,0.625,0.575,0.689,0.005,0.026,0.087,0.67,0.691,0.525,0.576,0.329,0.305,0.841,0.17,0.157,0.161,0.202,0.346,0.056,0.356,0.752,0.545,"1993",FALSE,0,0,19,FALSE
"364","Randy White","PF",0.595,"DAL",0.78,0.244,0.406,0.227,0.249,0.58,0.025,0.047,0.238,0.234,0.281,0.452,0.493,0.183,0.189,0.75,0.294,0.214,0.242,0.042,0.256,0.12,0.233,0.609,0.218,"1993",FALSE,0,0,11,FALSE
"366","Dominique Wilkins","SF",0.786,"ATL",0.866,0.854,0.749,0.717,0.729,0.624,0.299,0.357,0.38,0.646,0.715,0.49,0.562,0.687,0.645,0.828,0.358,0.293,0.315,0.195,0.285,0.072,0.397,0.313,0.749,"1993",FALSE,0,0.055,43,TRUE
"367","Eddie Lee Wilkins","PF",0.714,"PHI",0.317,0,0.054,0.053,0.045,0.756,0,0.002,0,0.057,0.054,0.579,0.63,0.063,0.08,0.615,0.027,0.026,0.026,0.002,0.028,0.003,0.037,0.092,0.056,"1993",FALSE,0,0,26,FALSE
"368","Gerald Wilkins","SF",0.69,"CLE",0.976,0.427,0.588,0.349,0.367,0.604,0.04,0.065,0.276,0.359,0.417,0.467,0.514,0.201,0.186,0.84,0.141,0.139,0.14,0.157,0.317,0.048,0.203,0.415,0.314,"1993",FALSE,0,0,54,FALSE
"369","Buck Williams","PF",0.762,"POR",1,1,0.707,0.261,0.243,0.681,0,0.001,0,0.281,0.297,0.512,0.568,0.183,0.22,0.645,0.444,0.455,0.451,0.064,0.329,0.162,0.218,0.728,0.239,"1993",FALSE,0,0,51,FALSE
"370","Corey Williams","PG",0.524,"CHI",0.427,0,0.068,0.03,0.039,0.487,0.002,0.003,0.333,0.031,0.046,0.366,0.412,0.024,0.023,0.818,0.036,0.012,0.02,0.02,0.016,0.005,0.024,0.065,0.029,"1993",FALSE,0,0,57,FALSE
"374","John Williams","SF",0.619,"LAC",0.902,0.098,0.464,0.198,0.22,0.573,0.03,0.06,0.226,0.201,0.239,0.455,0.491,0.093,0.133,0.543,0.168,0.226,0.207,0.122,0.337,0.061,0.17,0.507,0.174,"1993",FALSE,0,0,41,FALSE
"375","Kenny Williams","SF",0.548,"IND",0.695,0,0.239,0.145,0.13,0.709,0,0.003,0,0.156,0.157,0.538,0.591,0.063,0.07,0.706,0.195,0.125,0.149,0.033,0.085,0.12,0.06,0.235,0.123,"1993",FALSE,0,0,41,FALSE
"377","Micheal Williams","PG",0.619,"MIN",0.927,0.927,0.753,0.341,0.364,0.595,0.065,0.121,0.243,0.34,0.386,0.478,0.514,0.554,0.475,0.907,0.161,0.188,0.178,0.568,0.671,0.061,0.489,0.722,0.406,"1993",FALSE,0,0,19,FALSE
"378","Reggie Williams","SF",0.667,"DEN",0.963,0.963,0.77,0.517,0.537,0.611,0.082,0.138,0.27,0.522,0.589,0.48,0.526,0.315,0.305,0.804,0.252,0.294,0.28,0.253,0.512,0.202,0.418,0.765,0.474,"1993",FALSE,0,0,36,FALSE
"379","Scott Williams","PF",0.571,"CHI",0.866,0.061,0.387,0.161,0.164,0.621,0,0.008,0,0.173,0.197,0.476,0.518,0.119,0.13,0.714,0.321,0.281,0.295,0.058,0.224,0.176,0.157,0.62,0.149,"1993",FALSE,0,0,57,FALSE
"380","Walt Williams","SF",0.524,"SAC",0.72,0.317,0.474,0.346,0.379,0.58,0.152,0.216,0.319,0.309,0.356,0.47,0.524,0.296,0.311,0.742,0.22,0.149,0.173,0.153,0.268,0.077,0.386,0.563,0.353,"1993",FALSE,0,0,25,FALSE
"381","Kevin Willis","PF",0.714,"ATL",0.976,0.976,0.815,0.596,0.561,0.675,0.017,0.033,0.241,0.634,0.671,0.512,0.566,0.259,0.309,0.653,0.641,0.688,0.672,0.142,0.276,0.109,0.459,0.712,0.507,"1993",FALSE,0,0,43,FALSE
"382","Kennard Winchester","SG",0.619,"HOU",0.476,0,0.096,0.059,0.064,0.585,0.01,0.021,0.211,0.059,0.068,0.475,0.503,0.022,0.023,0.773,0.033,0.032,0.032,0.011,0.041,0.027,0.032,0.108,0.05,"1993",FALSE,0,0,55,FALSE
"383","David Wingate","SF",0.69,"CHH",0.878,0.671,0.416,0.174,0.155,0.715,0.002,0.007,0.167,0.186,0.186,0.542,0.597,0.104,0.11,0.738,0.094,0.124,0.114,0.157,0.268,0.024,0.192,0.364,0.155,"1993",FALSE,0,0,44,FALSE
"385","David Wood","PF",0.667,"SAS",0.78,0.024,0.169,0.05,0.054,0.592,0.012,0.024,0.238,0.049,0.054,0.49,0.518,0.061,0.057,0.836,0.073,0.059,0.063,0.029,0.053,0.032,0.062,0.251,0.055,"1993",FALSE,0,0,49,FALSE
"386","Randy Woods","PG",0.524,"LAC",0.5,0.012,0.049,0.022,0.03,0.464,0.007,0.016,0.214,0.021,0.029,0.385,0.412,0.025,0.027,0.731,0.011,0.008,0.009,0.034,0.057,0.003,0.034,0.07,0.024,"1993",FALSE,0,0,41,FALSE
"388","James Worthy","SF",0.738,"LAL",1,0.841,0.668,0.493,0.526,0.596,0.075,0.125,0.27,0.499,0.582,0.466,0.511,0.226,0.217,0.81,0.14,0.173,0.161,0.239,0.374,0.072,0.295,0.235,0.431,"1993",FALSE,0,0,39,FALSE
"390","Danny Young","PG",0.714,"DET",0.793,0.024,0.237,0.067,0.077,0.551,0.055,0.077,0.324,0.049,0.056,0.475,0.532,0.037,0.033,0.875,0.025,0.034,0.031,0.102,0.126,0.013,0.065,0.097,0.066,"1993",FALSE,0,0,40,FALSE
"  2","Mahmoud Abdul-Rauf","PG",0.571,"DEN",0.976,0.951,0.741,0.569,0.589,0.613,0.104,0.15,0.316,0.568,0.646,0.476,0.529,0.29,0.236,0.956,0.052,0.14,0.11,0.311,0.333,0.027,0.325,0.404,0.507,"1994",FALSE,0,0,42,FALSE
"  3","Michael Adams","PG",0.738,"WSB",0.854,0.817,0.661,0.276,0.321,0.544,0.137,0.216,0.288,0.239,0.286,0.454,0.498,0.296,0.278,0.83,0.071,0.145,0.12,0.412,0.39,0.016,0.36,0.377,0.3,"1994",FALSE,0,0,24,FALSE
"  4","Mark Aguirre","SF",0.81,"LAC",0.476,0,0.243,0.158,0.16,0.624,0.092,0.105,0.398,0.131,0.144,0.494,0.58,0.066,0.074,0.694,0.054,0.087,0.076,0.089,0.085,0.021,0.151,0.264,0.146,"1994",FALSE,0,0,27,FALSE
"  5","Danny Ainge","SG",0.81,"PHO",0.829,0.012,0.44,0.217,0.247,0.556,0.199,0.275,0.328,0.15,0.165,0.491,0.547,0.103,0.097,0.83,0.054,0.102,0.086,0.155,0.232,0.021,0.175,0.377,0.214,"1994",FALSE,0,0,56,FALSE
"  7","Victor Alexander","C",0.571,"GSW",0.841,0.476,0.373,0.257,0.231,0.707,0.005,0.015,0.154,0.275,0.276,0.54,0.591,0.09,0.133,0.527,0.218,0.193,0.201,0.057,0.114,0.085,0.185,0.453,0.213,"1994",FALSE,0,0,50,FALSE
"  8","Eric Anderson","PF",0.548,"NYK",0.134,0,0.011,0.007,0.008,0.549,0.005,0.002,1,0.005,0.008,0.333,0.523,0.007,0.014,0.357,0.011,0.011,0.011,0.002,0,0.003,0.004,0.024,0.007,"1994",FALSE,0,0,57,FALSE
"  9","Greg Anderson","PF",0.69,"DET",0.939,0.573,0.46,0.194,0.17,0.724,0.002,0.003,0.333,0.208,0.207,0.545,0.606,0.116,0.158,0.571,0.35,0.385,0.373,0.044,0.224,0.181,0.203,0.631,0.173,"1994",FALSE,0,0,20,FALSE
" 10","Kenny Anderson","PG",0.548,"NJN",1,1,0.887,0.557,0.636,0.556,0.1,0.149,0.303,0.558,0.704,0.429,0.48,0.458,0.435,0.818,0.17,0.231,0.21,0.674,0.642,0.04,0.573,0.542,0.543,"1994",FALSE,0,0,45,FALSE
" 11","Nick Anderson","SG",0.619,"ORL",0.988,0.988,0.796,0.487,0.485,0.637,0.251,0.354,0.322,0.419,0.417,0.545,0.584,0.222,0.257,0.672,0.216,0.36,0.311,0.253,0.545,0.088,0.356,0.399,0.451,"1994",FALSE,0,0,50,FALSE
" 13","Willie Anderson","SG",0.643,"SAS",0.976,0.963,0.704,0.381,0.385,0.628,0.055,0.077,0.324,0.387,0.434,0.484,0.538,0.192,0.176,0.848,0.13,0.173,0.158,0.298,0.289,0.122,0.33,0.504,0.337,"1994",FALSE,0,0,55,FALSE
" 14","Greg Anthony","PG",0.619,"NYK",0.976,0.439,0.564,0.218,0.263,0.525,0.119,0.181,0.3,0.184,0.232,0.431,0.484,0.172,0.173,0.774,0.082,0.145,0.124,0.314,0.463,0.035,0.274,0.439,0.222,"1994",FALSE,0,0,57,FALSE
" 15","B.J. Armstrong","PG",0.619,"CHI",1,1,0.784,0.463,0.463,0.635,0.149,0.152,0.444,0.436,0.492,0.481,0.561,0.257,0.234,0.855,0.054,0.141,0.111,0.277,0.325,0.024,0.282,0.396,0.428,"1994",FALSE,0,0,55,FALSE
" 16","Vincent Askew","SG",0.643,"SEA",0.976,0.037,0.478,0.264,0.261,0.641,0.015,0.035,0.194,0.278,0.302,0.498,0.541,0.231,0.217,0.829,0.115,0.123,0.12,0.167,0.297,0.051,0.151,0.391,0.257,"1994",FALSE,0,0,63,FALSE
" 17","Keith Askins","SF",0.619,"MIA",0.451,0,0.09,0.035,0.04,0.545,0.01,0.024,0.19,0.033,0.038,0.478,0.48,0.012,0.01,0.9,0.063,0.049,0.054,0.011,0.045,0.003,0.045,0.154,0.03,"1994",FALSE,0,0,42,FALSE
" 18","Stacey Augmon","SG",0.595,"ATL",1,1,0.737,0.425,0.396,0.68,0.002,0.008,0.143,0.456,0.482,0.513,0.567,0.44,0.449,0.764,0.34,0.214,0.258,0.161,0.606,0.12,0.317,0.482,0.428,"1994",FALSE,0,0,57,FALSE
" 19","Isaac Austin","C",0.571,"PHI",0.171,0,0.057,0.028,0.03,0.585,0,0.001,0,0.03,0.037,0.446,0.488,0.019,0.024,0.609,0.048,0.044,0.045,0.015,0.02,0.027,0.037,0.078,0.025,"1994",FALSE,0,0,25,FALSE
" 22","Thurl Bailey","PF",0.762,"MIN",0.963,0.037,0.367,0.224,0.209,0.68,0,0.002,0,0.241,0.255,0.512,0.567,0.157,0.153,0.799,0.126,0.148,0.141,0.046,0.081,0.154,0.125,0.251,0.206,"1994",FALSE,0,0,20,FALSE
" 23","Vin Baker","C",0.524,"MIL",1,0.768,0.725,0.421,0.4,0.668,0.002,0.006,0.2,0.452,0.487,0.502,0.557,0.31,0.423,0.569,0.53,0.342,0.406,0.14,0.244,0.303,0.349,0.623,0.39,"1994",FALSE,0,0,20,FALSE
" 24","Charles Barkley","PF",0.714,"PHO",0.793,0.793,0.65,0.501,0.481,0.66,0.119,0.201,0.27,0.489,0.49,0.541,0.576,0.421,0.465,0.704,0.379,0.525,0.475,0.254,0.411,0.098,0.444,0.431,0.495,"1994",FALSE,0,0.005,56,TRUE
" 25","Dana Barros","PG",0.619,"PHI",0.988,0.854,0.713,0.398,0.404,0.625,0.336,0.4,0.381,0.288,0.296,0.529,0.607,0.153,0.149,0.8,0.054,0.167,0.128,0.364,0.435,0.013,0.36,0.259,0.38,"1994",FALSE,0,0,25,FALSE
" 26","Jon Barry","SG",0.571,"MIL",0.878,0.085,0.352,0.153,0.176,0.552,0.08,0.13,0.278,0.131,0.151,0.472,0.506,0.128,0.126,0.795,0.069,0.109,0.095,0.144,0.415,0.045,0.179,0.296,0.157,"1994",FALSE,0,0,20,FALSE
" 27","John Battle","SG",0.738,"CLE",0.622,0.012,0.23,0.126,0.126,0.635,0.012,0.021,0.263,0.13,0.143,0.492,0.539,0.097,0.1,0.753,0.013,0.032,0.025,0.071,0.089,0.003,0.088,0.178,0.119,"1994",FALSE,0,0,47,FALSE
" 29","Tony Bennett","PG",0.571,"CHH",0.902,0.061,0.278,0.102,0.121,0.532,0.067,0.085,0.36,0.081,0.106,0.415,0.501,0.015,0.015,0.733,0.031,0.073,0.059,0.14,0.159,0.003,0.086,0.226,0.088,"1994",FALSE,0,0,41,FALSE
" 30","David Benoit","SF",0.595,"UTA",0.671,0.22,0.303,0.134,0.166,0.513,0.03,0.067,0.203,0.132,0.17,0.421,0.447,0.09,0.091,0.773,0.17,0.17,0.17,0.02,0.093,0.098,0.08,0.31,0.126,"1994",FALSE,0,0,53,FALSE
" 31","Rolando Blackman","SG",0.81,"NYK",0.671,0.012,0.274,0.156,0.17,0.581,0.075,0.095,0.357,0.136,0.161,0.46,0.53,0.063,0.055,0.906,0.044,0.07,0.061,0.065,0.102,0.016,0.095,0.27,0.141,"1994",FALSE,0,0,57,FALSE
" 32","Mookie Blaylock","PG",0.619,"ATL",0.988,0.988,0.825,0.429,0.497,0.548,0.284,0.385,0.334,0.343,0.416,0.447,0.516,0.153,0.164,0.73,0.224,0.305,0.277,0.678,0.862,0.117,0.422,0.388,0.395,"1994",FALSE,0,0.001,57,TRUE
" 34","Muggsy Bogues","PG",0.69,"CHH",0.939,0.939,0.777,0.342,0.346,0.628,0.005,0.014,0.167,0.366,0.417,0.476,0.526,0.165,0.159,0.806,0.149,0.233,0.205,0.67,0.541,0.005,0.369,0.396,0.295,"1994",FALSE,0,0,41,FALSE
" 36","Walter Bond","SG",0.571,"UTA",0.683,0.049,0.158,0.061,0.072,0.539,0.047,0.061,0.352,0.046,0.058,0.431,0.517,0.041,0.041,0.775,0.038,0.041,0.04,0.027,0.065,0.032,0.037,0.243,0.062,"1994",FALSE,0,0,53,FALSE
" 38","Anthony Bowie","SG",0.714,"ORL",0.854,0,0.268,0.134,0.133,0.641,0.002,0.02,0.056,0.144,0.153,0.509,0.537,0.054,0.05,0.837,0.055,0.09,0.078,0.088,0.13,0.032,0.125,0.218,0.113,"1994",FALSE,0,0,50,FALSE
" 39","Sam Bowie","C",0.762,"LAL",0.305,0.085,0.157,0.073,0.079,0.581,0.002,0.005,0.25,0.077,0.095,0.44,0.488,0.095,0.085,0.867,0.052,0.103,0.086,0.04,0.016,0.074,0.093,0.175,0.079,"1994",FALSE,0,0,33,FALSE
" 40","Shawn Bradley","C",0.5,"PHI",0.598,0.549,0.392,0.194,0.226,0.545,0,0.003,0,0.209,0.275,0.412,0.454,0.135,0.173,0.607,0.187,0.207,0.2,0.084,0.183,0.391,0.319,0.458,0.178,"1994",FALSE,0,0,25,FALSE
" 41","Terrell Brandon","PG",0.548,"CLE",0.89,0.122,0.438,0.222,0.252,0.56,0.017,0.036,0.219,0.232,0.291,0.432,0.473,0.184,0.167,0.858,0.073,0.12,0.104,0.238,0.341,0.043,0.239,0.291,0.214,"1994",FALSE,0,0,47,FALSE
" 42","Randy Breuer","C",0.786,"SAC",0.317,0.037,0.07,0.008,0.012,0.411,0,0.001,0,0.008,0.014,0.32,0.342,0.004,0.014,0.214,0.029,0.041,0.037,0.007,0.024,0.051,0.019,0.081,0.007,"1994",FALSE,0,0,28,FALSE
" 44","Kevin Brooks","SF",0.571,"DEN",0.415,0,0.054,0.035,0.046,0.485,0.01,0.026,0.174,0.033,0.043,0.421,0.427,0.012,0.01,0.9,0.01,0.016,0.014,0.003,0,0.005,0.026,0.051,0.03,"1994",FALSE,0,0,42,FALSE
" 45","Scott Brooks","PG",0.667,"HOU",0.89,0,0.347,0.137,0.133,0.655,0.057,0.069,0.377,0.124,0.129,0.522,0.59,0.098,0.087,0.871,0.019,0.091,0.067,0.128,0.207,0.005,0.119,0.264,0.135,"1994",FALSE,0,0,58,FALSE
" 47","Dee Brown","SG",0.595,"BOS",0.939,0.927,0.811,0.474,0.47,0.64,0.075,0.108,0.313,0.479,0.522,0.497,0.55,0.241,0.225,0.831,0.12,0.235,0.196,0.298,0.634,0.125,0.272,0.558,0.421,"1994",FALSE,0,0,32,FALSE
" 48","Mike Brown","C",0.714,"MIN",1,0.488,0.544,0.107,0.12,0.569,0,0.002,0,0.116,0.146,0.43,0.474,0.102,0.121,0.653,0.228,0.326,0.292,0.062,0.207,0.077,0.162,0.588,0.106,"1994",FALSE,0,0,20,FALSE
" 49","P.J. Brown","C",0.571,"NJN",0.963,0.659,0.552,0.162,0.185,0.553,0.002,0.007,0.167,0.173,0.223,0.419,0.463,0.152,0.156,0.757,0.359,0.303,0.322,0.08,0.289,0.247,0.155,0.477,0.159,"1994",FALSE,0,0,45,FALSE
" 50","Randy Brown","PG",0.595,"SAC",0.744,0.024,0.295,0.106,0.116,0.584,0,0.005,0,0.114,0.139,0.445,0.487,0.07,0.09,0.609,0.076,0.071,0.073,0.114,0.256,0.037,0.162,0.356,0.096,"1994",FALSE,0,0,28,FALSE
" 51","Mark Bryant","C",0.667,"POR",0.963,0.122,0.408,0.179,0.177,0.643,0,0.001,0,0.193,0.216,0.483,0.536,0.095,0.107,0.692,0.224,0.197,0.206,0.032,0.13,0.077,0.142,0.504,0.156,"1994",FALSE,0,0,47,FALSE
" 52","Jud Buechler","SF",0.595,"GSW",0.439,0,0.062,0.041,0.039,0.667,0.03,0.033,0.414,0.031,0.031,0.545,0.634,0.013,0.021,0.5,0.025,0.019,0.021,0.014,0.033,0.003,0.026,0.065,0.037,"1994",FALSE,0,0,50,FALSE
" 53","Matt Bullard","PF",0.619,"HOU",0.793,0,0.205,0.075,0.104,0.46,0.124,0.174,0.325,0.029,0.041,0.389,0.507,0.026,0.027,0.769,0.044,0.061,0.055,0.055,0.057,0.016,0.06,0.181,0.08,"1994",FALSE,0,0,58,FALSE
" 55","Scott Burrell","SF",0.548,"CHH",0.622,0.195,0.217,0.095,0.108,0.559,0.005,0.007,0.333,0.1,0.129,0.421,0.47,0.061,0.072,0.657,0.088,0.085,0.086,0.053,0.15,0.043,0.097,0.237,0.086,"1994",FALSE,0,0,41,FALSE
" 56","Willie Burton","SF",0.595,"MIA",0.646,0.012,0.197,0.12,0.13,0.584,0.007,0.017,0.2,0.126,0.151,0.451,0.492,0.159,0.163,0.759,0.096,0.085,0.089,0.034,0.073,0.053,0.116,0.259,0.131,"1994",FALSE,0,0,42,FALSE
" 57","Mitchell Butler","SG",0.548,"WSB",0.915,0.232,0.374,0.2,0.192,0.66,0,0.006,0,0.215,0.233,0.501,0.55,0.138,0.185,0.578,0.203,0.118,0.147,0.066,0.22,0.053,0.188,0.353,0.183,"1994",FALSE,0,0,24,FALSE
" 58","Michael Cage","C",0.762,"SEA",1,0.512,0.483,0.165,0.145,0.727,0,0.001,0,0.178,0.177,0.546,0.606,0.048,0.076,0.486,0.314,0.278,0.29,0.039,0.313,0.101,0.11,0.482,0.133,"1994",FALSE,0,0,63,FALSE
" 59","Elden Campbell","PF",0.595,"LAL",0.927,0.902,0.638,0.361,0.372,0.616,0,0.002,0,0.388,0.455,0.463,0.513,0.249,0.281,0.689,0.319,0.35,0.339,0.074,0.26,0.388,0.211,0.65,0.33,"1994",FALSE,0,0,33,FALSE
" 61","Antoine Carr","PF",0.762,"SAS",0.415,0,0.132,0.075,0.074,0.651,0,0.001,0,0.081,0.09,0.491,0.542,0.056,0.06,0.724,0.023,0.039,0.033,0.013,0.037,0.059,0.032,0.202,0.07,"1994",FALSE,0,0,55,FALSE
" 63","Sam Cassell","PG",0.571,"HOU",0.805,0.073,0.318,0.157,0.179,0.557,0.065,0.099,0.295,0.142,0.169,0.453,0.501,0.119,0.11,0.841,0.048,0.108,0.088,0.165,0.24,0.019,0.203,0.367,0.155,"1994",FALSE,0,0,58,FALSE
" 65","Cedric Ceballos","SF",0.571,"PHO",0.646,0.524,0.453,0.411,0.366,0.713,0,0.01,0,0.442,0.443,0.541,0.594,0.212,0.227,0.724,0.293,0.19,0.225,0.078,0.24,0.061,0.2,0.334,0.357,"1994",FALSE,0,0,56,FALSE
" 66","Tom Chambers","PF",0.81,"UTA",0.976,0,0.52,0.318,0.344,0.587,0.035,0.051,0.311,0.328,0.397,0.448,0.499,0.292,0.289,0.786,0.166,0.237,0.213,0.068,0.163,0.085,0.192,0.625,0.315,"1994",FALSE,0,0,53,FALSE
" 67","Rex Chapman","SG",0.619,"WSB",0.732,0.72,0.573,0.417,0.398,0.664,0.159,0.186,0.388,0.382,0.395,0.524,0.594,0.222,0.212,0.816,0.109,0.088,0.095,0.159,0.24,0.021,0.252,0.224,0.386,"1994",FALSE,0,0,24,FALSE
" 68","Calbert Cheaney","SG",0.524,"WSB",0.793,0.256,0.454,0.316,0.32,0.627,0.002,0.026,0.043,0.339,0.38,0.484,0.523,0.164,0.166,0.77,0.168,0.101,0.124,0.108,0.256,0.027,0.233,0.399,0.275,"1994",FALSE,0,0,24,FALSE
" 70","Doug Christie","SG",0.548,"LAL",0.793,0.415,0.429,0.236,0.259,0.579,0.097,0.134,0.328,0.213,0.25,0.463,0.521,0.192,0.214,0.697,0.178,0.141,0.154,0.117,0.362,0.074,0.302,0.501,0.237,"1994",FALSE,0,0,33,FALSE
" 72","Derrick Coleman","PF",0.619,"NJN",0.939,0.939,0.786,0.523,0.556,0.596,0.095,0.137,0.314,0.523,0.614,0.462,0.514,0.581,0.583,0.774,0.501,0.604,0.569,0.225,0.276,0.378,0.448,0.563,0.55,"1994",FALSE,0,0,45,FALSE
" 73","Bimbo Coles","PG",0.595,"MIA",0.927,0.049,0.489,0.225,0.239,0.599,0.05,0.112,0.202,0.222,0.237,0.507,0.52,0.135,0.135,0.779,0.096,0.108,0.104,0.226,0.305,0.032,0.231,0.356,0.208,"1994",FALSE,0,0,42,FALSE
" 75","Lester Conner","PG",0.81,"IND",0.134,0,0.048,0.014,0.017,0.491,0,0.003,0,0.015,0.02,0.4,0.409,0.004,0.006,0.5,0.019,0.014,0.016,0.027,0.057,0.003,0.019,0.032,0.011,"1994",FALSE,0,0,47,FALSE
" 77","Duane Cooper","PG",0.571,"PHO",0.28,0.024,0.038,0.017,0.019,0.585,0.002,0.008,0.143,0.018,0.019,0.5,0.501,0.015,0.015,0.733,0.004,0.007,0.006,0.024,0.012,0,0.043,0.032,0.017,"1994",FALSE,0,0,56,FALSE
" 78","Tyrone Corbin","SF",0.738,"UTA",1,0.207,0.608,0.259,0.271,0.608,0.015,0.033,0.207,0.273,0.315,0.469,0.512,0.155,0.148,0.813,0.287,0.237,0.254,0.105,0.402,0.064,0.198,0.571,0.233,"1994",FALSE,0,0,53,FALSE
" 79","Chris Corchiani","PG",0.595,"BOS",0.622,0,0.132,0.039,0.043,0.568,0.027,0.043,0.289,0.03,0.032,0.518,0.538,0.034,0.039,0.684,0.015,0.036,0.029,0.074,0.089,0.005,0.082,0.127,0.041,"1994",FALSE,0,0,32,FALSE
" 81","John Crotty","PG",0.571,"UTA",0.549,0,0.089,0.044,0.046,0.607,0.027,0.027,0.458,0.035,0.042,0.453,0.567,0.041,0.037,0.861,0.021,0.02,0.02,0.066,0.061,0.003,0.058,0.097,0.047,"1994",FALSE,0,0,53,FALSE
" 82","Terry Cummings","PF",0.762,"SAS",0.72,0.354,0.321,0.177,0.197,0.571,0,0.002,0,0.19,0.24,0.43,0.476,0.083,0.11,0.589,0.252,0.164,0.194,0.043,0.126,0.035,0.127,0.369,0.151,"1994",FALSE,0,0,55,FALSE
" 84","Dell Curry","SG",0.69,"CHH",1,0,0.615,0.515,0.539,0.607,0.378,0.427,0.402,0.396,0.447,0.48,0.578,0.155,0.138,0.873,0.136,0.19,0.171,0.19,0.398,0.072,0.259,0.434,0.471,"1994",FALSE,0,0,41,FALSE
" 85","Michael Curry","SG",0.595,"PHI",0.122,0,0.012,0.003,0.006,0.285,0,0.002,0,0.003,0.007,0.25,0.238,0.004,0.004,0.75,0,0.001,0.001,0.001,0.004,0,0.006,0.016,0.003,"1994",FALSE,0,0,25,FALSE
" 86","Lloyd Daniels","SG",0.619,"SAS",0.793,0.061,0.277,0.135,0.171,0.501,0.109,0.141,0.352,0.1,0.139,0.389,0.483,0.061,0.066,0.719,0.086,0.066,0.073,0.081,0.118,0.043,0.129,0.186,0.131,"1994",FALSE,0,0,55,FALSE
" 88","Antonio Davis","PF",0.595,"IND",0.988,0.049,0.49,0.209,0.196,0.677,0,0.001,0,0.225,0.239,0.509,0.564,0.257,0.311,0.642,0.363,0.313,0.33,0.047,0.183,0.223,0.231,0.509,0.221,"1994",FALSE,0,0,47,FALSE
" 89","Brian Davis","SF",0.548,"MIN",0.829,0.037,0.106,0.039,0.058,0.423,0.002,0.003,0.333,0.041,0.069,0.317,0.357,0.066,0.07,0.735,0.04,0.034,0.036,0.019,0.065,0.011,0.041,0.092,0.046,"1994",FALSE,0,0,20,FALSE
" 90","Dale Davis","PF",0.571,"IND",0.805,0.78,0.649,0.298,0.268,0.705,0,0.001,0,0.32,0.328,0.53,0.588,0.205,0.302,0.527,0.535,0.435,0.469,0.086,0.195,0.282,0.22,0.577,0.272,"1994",FALSE,0,0,47,FALSE
" 91","Hubert Davis","SG",0.548,"NYK",0.683,0.329,0.377,0.23,0.232,0.628,0.132,0.149,0.402,0.193,0.21,0.496,0.582,0.112,0.106,0.825,0.044,0.044,0.044,0.142,0.163,0.011,0.164,0.318,0.217,"1994",FALSE,0,0,57,FALSE
" 93","Johnny Dawkins","PG",0.714,"PHI",0.878,0.146,0.38,0.171,0.195,0.557,0.092,0.119,0.352,0.146,0.179,0.44,0.513,0.111,0.103,0.84,0.054,0.094,0.08,0.226,0.256,0.013,0.239,0.199,0.168,"1994",FALSE,0,0,25,FALSE
" 94","Todd Day","SG",0.571,"MIL",0.927,0.476,0.602,0.339,0.389,0.553,0.082,0.167,0.223,0.331,0.393,0.456,0.483,0.306,0.341,0.698,0.22,0.194,0.203,0.119,0.419,0.138,0.278,0.596,0.341,"1994",FALSE,0,0,20,FALSE
" 95","Terry Dehere","PG",0.524,"LAC",0.78,0.073,0.215,0.125,0.157,0.503,0.057,0.064,0.404,0.11,0.161,0.372,0.457,0.081,0.083,0.753,0.048,0.043,0.044,0.067,0.114,0.008,0.131,0.186,0.121,"1994",FALSE,0,0,27,FALSE
" 96","Vinny Del Negro","SG",0.643,"SAS",0.939,0.683,0.552,0.299,0.292,0.649,0.037,0.049,0.349,0.306,0.333,0.497,0.554,0.185,0.175,0.824,0.052,0.133,0.105,0.275,0.26,0.003,0.22,0.453,0.273,"1994",FALSE,0,0,55,FALSE
" 97","Bison Dele","C",0.571,"DEN",0.976,0.012,0.427,0.243,0.214,0.721,0,0.003,0,0.261,0.26,0.544,0.601,0.181,0.217,0.649,0.264,0.306,0.292,0.043,0.199,0.231,0.224,0.596,0.226,"1994",FALSE,0,0,42,FALSE
" 99","Vlade Divac","C",0.595,"LAL",0.963,0.89,0.76,0.438,0.412,0.675,0.022,0.053,0.191,0.462,0.478,0.524,0.568,0.275,0.312,0.686,0.539,0.565,0.556,0.264,0.374,0.298,0.412,0.776,0.397,"1994",FALSE,0,0,33,FALSE
"100","Sherman Douglas","PG",0.643,"BOS",0.951,0.951,0.789,0.411,0.423,0.616,0.032,0.063,0.232,0.429,0.487,0.477,0.522,0.234,0.284,0.641,0.134,0.122,0.126,0.587,0.362,0.029,0.502,0.461,0.367,"1994",FALSE,0,0,32,FALSE
"101","Greg Dreiling","C",0.738,"DAL",0.659,0.232,0.194,0.05,0.048,0.667,0.002,0.001,1,0.053,0.058,0.495,0.561,0.036,0.039,0.711,0.09,0.122,0.111,0.027,0.065,0.064,0.093,0.429,0.047,"1994",FALSE,0,0,13,FALSE
"102","Clyde Drexler","SG",0.738,"POR",0.829,0.829,0.661,0.457,0.509,0.571,0.177,0.247,0.324,0.418,0.5,0.454,0.511,0.378,0.379,0.777,0.294,0.289,0.291,0.286,0.398,0.09,0.36,0.544,0.46,"1994",FALSE,0,0,47,FALSE
"105","Joe Dumars","SG",0.714,"DET",0.841,0.841,0.733,0.488,0.514,0.603,0.308,0.361,0.388,0.396,0.45,0.477,0.563,0.365,0.34,0.836,0.067,0.115,0.099,0.224,0.256,0.011,0.343,0.318,0.498,"1994",FALSE,0,0,20,FALSE
"106","Acie Earl","C",0.548,"BOS",0.902,0.098,0.325,0.146,0.171,0.541,0,0.001,0,0.157,0.209,0.407,0.451,0.143,0.165,0.675,0.163,0.161,0.161,0.01,0.098,0.141,0.155,0.48,0.145,"1994",FALSE,0,0,32,FALSE
"107","Bill Edwards","PF",0.524,"PHI",0.037,0,0.012,0.002,0.008,0.148,0,0.006,0,0.002,0.007,0.154,0.123,0.003,0.005,0.4,0.01,0.009,0.009,0.003,0.012,0.003,0.009,0.016,0.002,"1994",FALSE,0,0,25,FALSE
"108","Blue Edwards","SF",0.667,"MIL",1,0.78,0.657,0.369,0.368,0.637,0.095,0.12,0.358,0.358,0.391,0.496,0.557,0.2,0.194,0.799,0.199,0.223,0.215,0.147,0.337,0.072,0.315,0.633,0.337,"1994",FALSE,0,0,20,FALSE
"109","Doug Edwards","PF",0.548,"ATL",0.195,0,0.03,0.016,0.023,0.463,0,0.001,0,0.018,0.027,0.354,0.386,0.012,0.016,0.563,0.013,0.011,0.012,0.007,0.008,0.013,0.013,0.024,0.015,"1994",FALSE,0,0,57,FALSE
"111","Kevin Edwards","SG",0.667,"NJN",1,1,0.772,0.456,0.473,0.611,0.087,0.112,0.354,0.454,0.524,0.469,0.528,0.221,0.223,0.77,0.18,0.186,0.184,0.199,0.488,0.09,0.291,0.404,0.404,"1994",FALSE,0,0,45,FALSE
"112","Craig Ehlo","SG",0.762,"ATL",1,0,0.608,0.306,0.326,0.595,0.192,0.249,0.348,0.249,0.275,0.491,0.557,0.148,0.158,0.727,0.136,0.207,0.182,0.235,0.553,0.069,0.28,0.434,0.29,"1994",FALSE,0,0,57,FALSE
"113","Mario Elie","SF",0.714,"HOU",0.817,0.098,0.455,0.201,0.214,0.595,0.139,0.188,0.335,0.158,0.169,0.508,0.562,0.204,0.184,0.86,0.054,0.152,0.118,0.179,0.203,0.021,0.235,0.334,0.221,"1994",FALSE,0,0,58,FALSE
"114","Sean Elliott","SF",0.595,"DET",0.89,0.89,0.682,0.348,0.364,0.607,0.065,0.098,0.299,0.348,0.397,0.474,0.524,0.184,0.178,0.803,0.13,0.194,0.172,0.169,0.22,0.072,0.278,0.469,0.312,"1994",FALSE,0,0,20,FALSE
"115","Dale Ellis","SF",0.786,"SAS",0.939,0.915,0.733,0.462,0.445,0.659,0.326,0.375,0.395,0.361,0.358,0.546,0.624,0.11,0.11,0.776,0.134,0.184,0.167,0.069,0.268,0.029,0.162,0.38,0.413,"1994",FALSE,0,0,55,FALSE
"116","Harold Ellis","SF",0.548,"LAC",0.598,0.195,0.261,0.154,0.134,0.727,0,0.005,0,0.165,0.162,0.552,0.606,0.14,0.153,0.711,0.18,0.059,0.1,0.027,0.297,0.005,0.093,0.261,0.15,"1994",FALSE,0,0,27,FALSE
"117","LaPhonso Ellis","PF",0.548,"DEN",0.963,0.963,0.764,0.467,0.443,0.669,0.017,0.026,0.304,0.495,0.53,0.506,0.561,0.32,0.369,0.674,0.421,0.459,0.446,0.143,0.256,0.213,0.371,0.819,0.429,"1994",FALSE,0,0,42,FALSE
"119","Pervis Ellison","C",0.619,"WSB",0.573,0.293,0.333,0.132,0.134,0.625,0,0.003,0,0.143,0.163,0.474,0.521,0.093,0.1,0.722,0.147,0.164,0.158,0.06,0.102,0.133,0.157,0.377,0.121,"1994",FALSE,0,0,24,FALSE
"120","Jo Jo English","SG",0.548,"CHI",0.439,0,0.119,0.054,0.059,0.579,0.02,0.019,0.471,0.05,0.063,0.429,0.517,0.013,0.022,0.476,0.017,0.036,0.029,0.033,0.033,0.027,0.078,0.164,0.046,"1994",FALSE,0,0,55,FALSE
"121","Patrick Ewing","C",0.738,"NYK",0.963,0.963,0.841,0.721,0.692,0.661,0.01,0.016,0.286,0.771,0.84,0.498,0.552,0.589,0.599,0.765,0.419,0.661,0.578,0.154,0.366,0.577,0.56,0.741,0.685,"1994",FALSE,1,0.252,57,TRUE
"123","Duane Ferrell","SF",0.667,"ATL",0.878,0.159,0.327,0.178,0.174,0.647,0.002,0.01,0.111,0.19,0.209,0.495,0.541,0.19,0.189,0.783,0.119,0.067,0.084,0.056,0.179,0.043,0.138,0.229,0.181,"1994",FALSE,0,0,57,FALSE
"124","Danny Ferry","PF",0.643,"CLE",0.854,0.012,0.273,0.144,0.154,0.595,0.035,0.058,0.275,0.14,0.16,0.477,0.519,0.05,0.044,0.884,0.09,0.093,0.092,0.064,0.114,0.059,0.088,0.305,0.124,"1994",FALSE,0,0,47,FALSE
"125","Vern Fleming","PG",0.738,"IND",0.671,0.061,0.298,0.142,0.146,0.616,0,0.005,0,0.153,0.177,0.468,0.513,0.085,0.09,0.736,0.052,0.095,0.08,0.149,0.163,0.016,0.188,0.264,0.126,"1994",FALSE,0,0,47,FALSE
"126","Sleepy Floyd","PG",0.786,"SAS",0.646,0.024,0.209,0.068,0.096,0.447,0.02,0.041,0.222,0.065,0.098,0.358,0.393,0.069,0.08,0.667,0.019,0.06,0.046,0.087,0.049,0.021,0.131,0.191,0.071,"1994",FALSE,0,0,55,FALSE
"127","Alphonso Ford","PG",0.524,"SEA",0.073,0,0.005,0.007,0.006,0.717,0.002,0.001,1,0.006,0.007,0.5,0.641,0.001,0.002,0.5,0,0,0,0.001,0.008,0,0.002,0.005,0.006,"1994",FALSE,0,0,63,FALSE
"129","Rick Fox","SF",0.571,"BOS",1,0.646,0.593,0.329,0.335,0.623,0.082,0.113,0.33,0.319,0.354,0.489,0.544,0.23,0.237,0.757,0.201,0.248,0.232,0.186,0.329,0.138,0.341,0.658,0.313,"1994",FALSE,0,0,32,FALSE
"130","Tellis Frank","PF",0.667,"MIN",0.817,0.134,0.271,0.065,0.074,0.559,0,0.002,0,0.07,0.089,0.424,0.466,0.071,0.078,0.711,0.159,0.136,0.144,0.049,0.142,0.093,0.106,0.439,0.066,"1994",FALSE,0,0,20,FALSE
"131","Corey Gaines","SG",0.667,"NYK",0.22,0,0.022,0.009,0.009,0.6,0.005,0.006,0.4,0.007,0.008,0.467,0.556,0.017,0.015,0.867,0.006,0.01,0.008,0.026,0.008,0,0.011,0.032,0.012,"1994",FALSE,0,0,57,FALSE
"133","Kevin Gamble","SF",0.667,"BOS",0.915,0.341,0.532,0.356,0.37,0.611,0.062,0.116,0.243,0.357,0.395,0.489,0.526,0.136,0.13,0.817,0.078,0.117,0.104,0.128,0.232,0.059,0.166,0.361,0.305,"1994",FALSE,0,0,32,FALSE
"134","Chris Gatling","C",0.619,"GSW",1,0.28,0.367,0.262,0.212,0.784,0,0.001,0,0.282,0.259,0.589,0.653,0.171,0.214,0.62,0.273,0.252,0.259,0.035,0.163,0.168,0.181,0.601,0.237,"1994",FALSE,0,0,50,FALSE
"136","Andrew Gaze","SG",0.667,"WSB",0.085,0,0.02,0.008,0.008,0.628,0.01,0.009,0.5,0.004,0.005,0.444,0.653,0.003,0.002,1,0.002,0.006,0.005,0.004,0.008,0.003,0.006,0.024,0.008,"1994",FALSE,0,0,24,FALSE
"137","Matt Geiger","C",0.571,"MIA",0.878,0,0.339,0.195,0.162,0.765,0.002,0.006,0.2,0.209,0.196,0.579,0.639,0.153,0.153,0.779,0.228,0.183,0.198,0.027,0.146,0.077,0.131,0.542,0.184,"1994",FALSE,0,0,42,FALSE
"138","Kendall Gill","SG",0.595,"SEA",0.963,0.939,0.689,0.415,0.446,0.591,0.095,0.135,0.317,0.407,0.479,0.461,0.513,0.284,0.283,0.782,0.174,0.176,0.175,0.236,0.614,0.085,0.308,0.523,0.392,"1994",FALSE,0,0,63,FALSE
"139","Armen Gilliam","PF",0.69,"NJN",1,0.061,0.557,0.337,0.314,0.68,0,0.001,0,0.362,0.384,0.511,0.567,0.362,0.371,0.759,0.377,0.301,0.327,0.059,0.154,0.162,0.228,0.348,0.343,"1994",FALSE,0,0,45,FALSE
"142","Greg Graham","SG",0.548,"PHI",0.854,0.073,0.252,0.118,0.14,0.533,0.005,0.028,0.08,0.125,0.158,0.429,0.448,0.122,0.113,0.836,0.04,0.065,0.056,0.057,0.248,0.011,0.14,0.146,0.119,"1994",FALSE,0,0,25,FALSE
"143","Paul Graham","SG",0.619,"ATL",0.256,0,0.036,0.02,0.026,0.491,0.007,0.015,0.231,0.019,0.025,0.409,0.439,0.017,0.017,0.765,0.008,0.008,0.008,0.011,0.016,0.013,0.011,0.03,0.02,"1994",FALSE,0,0,57,FALSE
"144","Gary Grant","PG",0.667,"LAC",0.951,0.098,0.434,0.245,0.259,0.599,0.042,0.07,0.274,0.246,0.283,0.471,0.516,0.086,0.078,0.855,0.08,0.099,0.093,0.25,0.484,0.032,0.293,0.375,0.208,"1994",FALSE,0,0,27,FALSE
"145","Harvey Grant","SF",0.667,"POR",0.939,0.89,0.598,0.344,0.356,0.613,0.005,0.008,0.286,0.368,0.433,0.462,0.512,0.111,0.135,0.641,0.208,0.24,0.229,0.092,0.285,0.13,0.121,0.482,0.282,"1994",FALSE,0,0,47,FALSE
"146","Horace Grant","PF",0.667,"CHI",0.854,0.841,0.727,0.445,0.404,0.699,0,0.007,0,0.479,0.492,0.528,0.582,0.181,0.237,0.596,0.585,0.46,0.503,0.203,0.301,0.223,0.235,0.442,0.373,"1994",FALSE,0,0,55,FALSE
"147","Josh Grant","PF",0.619,"GSW",0.646,0,0.108,0.057,0.067,0.539,0.042,0.069,0.279,0.044,0.048,0.494,0.513,0.029,0.03,0.759,0.052,0.062,0.058,0.021,0.073,0.021,0.065,0.167,0.055,"1994",FALSE,0,0,50,FALSE
"148","Jeff Grayer","SG",0.667,"GSW",0.817,0.049,0.31,0.185,0.167,0.701,0.005,0.014,0.167,0.197,0.198,0.538,0.588,0.094,0.121,0.602,0.145,0.114,0.125,0.053,0.134,0.035,0.136,0.278,0.161,"1994",FALSE,0,0,50,FALSE
"149","A.C. Green","PF",0.714,"PHO",1,0.671,0.8,0.45,0.426,0.669,0.02,0.04,0.229,0.476,0.503,0.513,0.562,0.352,0.372,0.735,0.526,0.475,0.492,0.118,0.285,0.101,0.216,0.383,0.425,"1994",FALSE,0,0,56,FALSE
"150","Litterial Green","PG",0.548,"ORL",0.354,0,0.036,0.021,0.026,0.515,0.002,0.005,0.25,0.022,0.03,0.396,0.439,0.037,0.038,0.757,0.011,0.006,0.008,0.008,0.024,0.003,0.028,0.043,0.026,"1994",FALSE,0,0,50,FALSE
"152","Tom Gugliotta","PF",0.571,"WSB",0.951,0.951,0.791,0.522,0.533,0.621,0.1,0.167,0.27,0.52,0.57,0.495,0.537,0.282,0.32,0.685,0.361,0.535,0.476,0.237,0.699,0.136,0.532,0.469,0.471,"1994",FALSE,0,0,24,FALSE
"158","Anfernee Hardaway","PG",0.524,"ORL",1,1,0.853,0.492,0.503,0.621,0.124,0.211,0.267,0.478,0.51,0.507,0.543,0.324,0.34,0.742,0.367,0.245,0.287,0.467,0.772,0.136,0.629,0.553,0.464,"1994",FALSE,0,0,50,FALSE
"160","Ron Harper","SG",0.714,"LAC",0.915,0.915,0.808,0.55,0.614,0.568,0.177,0.266,0.301,0.518,0.62,0.453,0.503,0.396,0.43,0.715,0.247,0.329,0.301,0.296,0.585,0.144,0.522,0.45,0.532,"1994",FALSE,0,0,27,FALSE
"161","Lucious Harris","SG",0.548,"DAL",0.939,0,0.33,0.157,0.177,0.561,0.017,0.037,0.212,0.161,0.199,0.44,0.478,0.115,0.122,0.731,0.086,0.111,0.103,0.091,0.199,0.027,0.168,0.315,0.148,"1994",FALSE,0,0,13,FALSE
"162","Tony Harris","SG",0.619,"BOS",0.061,0,0.025,0.009,0.014,0.387,0.007,0.01,0.333,0.006,0.012,0.273,0.377,0.03,0.026,0.92,0.006,0.007,0.007,0.007,0.016,0,0.013,0.022,0.016,"1994",FALSE,0,0,32,FALSE
"165","Hersey Hawkins","SG",0.643,"CHH",1,1,0.75,0.382,0.395,0.613,0.194,0.265,0.332,0.33,0.352,0.508,0.561,0.413,0.372,0.862,0.17,0.286,0.246,0.186,0.549,0.059,0.341,0.45,0.417,"1994",FALSE,0,0,41,FALSE
"166","Skeeter Henry","SG",0.619,"PHO",0.049,0,0.004,0.001,0.002,0.267,0,0.002,0,0.001,0.002,0.333,0.222,0.003,0.004,0.5,0,0.002,0.001,0.003,0,0,0.002,0.003,0.001,"1994",FALSE,0,0,56,FALSE
"169","Rod Higgins","SF",0.81,"CLE",0.439,0.134,0.155,0.069,0.075,0.581,0.055,0.056,0.44,0.051,0.064,0.434,0.559,0.041,0.043,0.738,0.048,0.057,0.054,0.031,0.102,0.037,0.045,0.143,0.069,"1994",FALSE,0,0,47,FALSE
"170","Tyrone Hill","PF",0.595,"CLE",0.695,0.244,0.41,0.209,0.183,0.724,0,0.002,0,0.225,0.223,0.545,0.603,0.226,0.263,0.668,0.352,0.313,0.326,0.04,0.215,0.093,0.168,0.52,0.213,"1994",FALSE,0,0,47,FALSE
"174","Robert Horry","SF",0.548,"HOU",0.988,0.988,0.671,0.311,0.323,0.612,0.109,0.153,0.324,0.289,0.319,0.491,0.544,0.152,0.162,0.732,0.245,0.31,0.288,0.198,0.484,0.199,0.295,0.501,0.284,"1994",FALSE,0,0,58,FALSE
"175","Allan Houston","SG",0.524,"DET",0.963,0.244,0.43,0.263,0.309,0.54,0.087,0.132,0.299,0.247,0.312,0.428,0.479,0.118,0.111,0.824,0.036,0.1,0.078,0.086,0.138,0.035,0.213,0.445,0.236,"1994",FALSE,0,0,20,FALSE
"176","Byron Houston","PF",0.571,"GSW",0.866,0.024,0.245,0.078,0.081,0.611,0.002,0.008,0.143,0.083,0.096,0.471,0.511,0.044,0.056,0.611,0.128,0.126,0.127,0.027,0.134,0.082,0.106,0.488,0.069,"1994",FALSE,0,0,50,FALSE
"178","Jay Humphries","SG",0.738,"UTA",0.915,0.232,0.458,0.225,0.246,0.581,0.095,0.108,0.396,0.203,0.248,0.444,0.523,0.075,0.078,0.75,0.067,0.091,0.083,0.188,0.264,0.029,0.205,0.453,0.198,"1994",FALSE,0,0,53,FALSE
"179","Lindsey Hunter","PG",0.548,"DET",1,0.317,0.615,0.324,0.411,0.5,0.172,0.234,0.333,0.277,0.387,0.388,0.46,0.138,0.146,0.732,0.09,0.141,0.124,0.335,0.492,0.027,0.397,0.469,0.298,"1994",FALSE,0,0,20,FALSE
"180","Bobby Hurley","PG",0.524,"SAC",0.232,0.232,0.141,0.052,0.067,0.493,0.005,0.018,0.125,0.054,0.073,0.4,0.419,0.032,0.031,0.8,0.011,0.028,0.022,0.099,0.053,0.003,0.103,0.075,0.047,"1994",FALSE,0,0,28,FALSE
"181","Jaren Jackson","SG",0.619,"POR",0.354,0,0.053,0.033,0.04,0.521,0,0.007,0,0.035,0.046,0.42,0.434,0.016,0.014,0.857,0.011,0.011,0.011,0.023,0.016,0.005,0.03,0.054,0.028,"1994",FALSE,0,0,47,FALSE
"182","Jim Jackson","SG",0.548,"DAL",1,1,0.868,0.616,0.659,0.593,0.042,0.068,0.283,0.645,0.774,0.452,0.501,0.377,0.357,0.821,0.323,0.217,0.254,0.321,0.354,0.066,0.72,0.434,0.556,"1994",FALSE,0,0,13,FALSE
"183","Mark Jackson","PG",0.667,"LAC",0.963,0.963,0.767,0.32,0.337,0.603,0.09,0.143,0.283,0.307,0.341,0.488,0.53,0.221,0.217,0.791,0.205,0.239,0.227,0.582,0.488,0.016,0.5,0.31,0.305,"1994",FALSE,0,0,27,FALSE
"184","Stanley Jackson","SG",0.548,"MIN",0.207,0,0.026,0.016,0.015,0.687,0.002,0.006,0.2,0.017,0.016,0.571,0.589,0.004,0.003,1,0.023,0.015,0.018,0.014,0.02,0,0.022,0.035,0.013,"1994",FALSE,0,0,20,FALSE
"186","Henry James","PF",0.667,"LAC",0.146,0,0.021,0.015,0.019,0.508,0.01,0.02,0.222,0.012,0.014,0.5,0.477,0.007,0.005,1,0.011,0.008,0.009,0.001,0.008,0,0.004,0.024,0.014,"1994",FALSE,0,0,27,FALSE
"187","Keith Jennings","PG",0.595,"GSW",0.927,0.024,0.311,0.133,0.157,0.539,0.139,0.17,0.371,0.085,0.108,0.429,0.539,0.132,0.123,0.833,0.031,0.072,0.058,0.187,0.264,0,0.159,0.167,0.153,"1994",FALSE,0,0,50,FALSE
"188","Chris Jent","SF",0.571,"HOU",0.037,0,0.022,0.013,0.012,0.667,0.01,0.012,0.364,0.009,0.008,0.6,0.641,0.001,0.002,0.5,0.008,0.011,0.01,0.006,0,0,0.011,0.035,0.011,"1994",FALSE,0,0,58,FALSE
"189","Avery Johnson","PG",0.667,"GSW",1,0.854,0.66,0.344,0.333,0.656,0,0.014,0,0.37,0.402,0.5,0.547,0.235,0.26,0.704,0.078,0.134,0.115,0.372,0.459,0.021,0.371,0.431,0.314,"1994",FALSE,0,0,50,FALSE
"190","Dave Johnson","SG",0.548,"CHI",0.207,0,0.034,0.016,0.025,0.42,0,0.001,0,0.018,0.03,0.321,0.35,0.017,0.022,0.619,0.017,0.007,0.01,0.003,0.016,0,0.019,0.019,0.017,"1994",FALSE,0,0,55,FALSE
"191","Eddie Johnson","SF",0.81,"CHH",0.89,0.329,0.413,0.328,0.34,0.612,0.147,0.169,0.393,0.291,0.332,0.476,0.554,0.131,0.131,0.78,0.153,0.143,0.146,0.107,0.146,0.021,0.181,0.385,0.295,"1994",FALSE,0,0,41,FALSE
"193","Frank Johnson","PG",0.833,"PHO",0.854,0.061,0.248,0.13,0.138,0.597,0.005,0.014,0.167,0.137,0.162,0.46,0.502,0.071,0.071,0.783,0.055,0.053,0.054,0.127,0.167,0.003,0.14,0.323,0.114,"1994",FALSE,0,0,56,FALSE
"194","Kevin Johnson","PG",0.643,"PHO",0.817,0.817,0.693,0.461,0.451,0.649,0.015,0.03,0.222,0.49,0.538,0.494,0.544,0.503,0.477,0.819,0.105,0.111,0.109,0.547,0.508,0.027,0.506,0.342,0.473,"1994",FALSE,0,0.001,56,TRUE
"195","Larry Johnson","PF",0.571,"CHH",0.622,0.622,0.497,0.335,0.309,0.687,0.012,0.024,0.238,0.355,0.367,0.524,0.577,0.181,0.203,0.695,0.273,0.303,0.293,0.158,0.118,0.037,0.25,0.353,0.294,"1994",FALSE,0,0,41,FALSE
"196","Charles Jones","C",0.857,"DET",0.512,0,0.248,0.035,0.036,0.616,0,0.001,0,0.037,0.043,0.468,0.513,0.025,0.035,0.559,0.17,0.145,0.154,0.025,0.057,0.114,0.026,0.367,0.032,"1994",FALSE,0,0,20,FALSE
"197","Popeye Jones","PF",0.548,"DAL",0.988,0.573,0.502,0.189,0.187,0.639,0,0.001,0,0.203,0.229,0.48,0.532,0.103,0.11,0.729,0.572,0.304,0.395,0.085,0.248,0.082,0.203,0.663,0.165,"1994",FALSE,0,0,13,FALSE
"199","Reggie Jordan","SG",0.619,"LAL",0.28,0,0.073,0.043,0.047,0.569,0.005,0.005,0.5,0.044,0.056,0.424,0.486,0.046,0.052,0.686,0.088,0.021,0.044,0.022,0.057,0.013,0.03,0.07,0.044,"1994",FALSE,0,0,33,FALSE
"201","Shawn Kemp","PF",0.571,"SEA",0.963,0.89,0.735,0.515,0.456,0.717,0.002,0.005,0.25,0.554,0.556,0.54,0.599,0.481,0.505,0.741,0.597,0.535,0.556,0.178,0.577,0.441,0.558,0.841,0.505,"1994",FALSE,0,0.017,63,TRUE
"203","Steve Kerr","PG",0.667,"CHI",1,0,0.576,0.278,0.266,0.663,0.129,0.14,0.419,0.245,0.255,0.519,0.602,0.11,0.1,0.856,0.05,0.104,0.086,0.18,0.305,0.008,0.123,0.261,0.25,"1994",FALSE,0,0,55,FALSE
"204","Jerome Kersey","SF",0.738,"POR",0.951,0.073,0.361,0.196,0.216,0.577,0.002,0.009,0.125,0.21,0.26,0.438,0.482,0.134,0.139,0.748,0.249,0.2,0.216,0.064,0.289,0.13,0.136,0.574,0.179,"1994",FALSE,0,0,47,FALSE
"205","Alec Kessler","PF",0.643,"MIA",0.183,0,0.019,0.011,0.012,0.587,0.012,0.01,0.556,0.006,0.009,0.375,0.6,0.008,0.008,0.75,0.008,0.006,0.007,0.002,0.004,0.003,0.011,0.038,0.012,"1994",FALSE,0,0,42,FALSE
"207","Chris King","SF",0.571,"SEA",0.183,0,0.024,0.018,0.022,0.528,0.005,0.008,0.286,0.018,0.023,0.415,0.463,0.02,0.027,0.577,0.01,0.01,0.01,0.009,0.016,0,0.026,0.032,0.019,"1994",FALSE,0,0,63,FALSE
"208","Rich King","C",0.571,"SEA",0.329,0,0.022,0.015,0.016,0.588,0,0.001,0,0.016,0.019,0.455,0.49,0.015,0.023,0.5,0.017,0.011,0.013,0.007,0.004,0.005,0.015,0.049,0.014,"1994",FALSE,0,0,63,FALSE
"211","Joe Kleine","C",0.762,"PHO",0.902,0.049,0.24,0.121,0.118,0.651,0.012,0.012,0.455,0.125,0.138,0.49,0.553,0.04,0.04,0.769,0.096,0.142,0.126,0.039,0.057,0.051,0.075,0.318,0.101,"1994",FALSE,0,0,56,FALSE
"213","Jon Koncak","C",0.714,"ATL",1,0.951,0.516,0.154,0.17,0.575,0,0.003,0,0.165,0.206,0.434,0.479,0.032,0.037,0.667,0.159,0.28,0.239,0.088,0.256,0.332,0.095,0.636,0.121,"1994",FALSE,0,0,57,FALSE
"214","Larry Krystkowiak","PF",0.69,"ORL",0.415,0.134,0.193,0.069,0.068,0.64,0,0.001,0,0.074,0.083,0.483,0.533,0.041,0.04,0.795,0.073,0.084,0.08,0.03,0.057,0.011,0.062,0.199,0.061,"1994",FALSE,0,0,50,FALSE
"215","Toni Kukoc","SF",0.595,"CHI",0.915,0.098,0.512,0.303,0.334,0.575,0.08,0.133,0.271,0.292,0.343,0.462,0.503,0.206,0.216,0.743,0.187,0.198,0.194,0.216,0.329,0.088,0.36,0.329,0.287,"1994",FALSE,0,0,55,FALSE
"216","Christian Laettner","PF",0.571,"MIN",0.854,0.817,0.687,0.383,0.406,0.597,0.015,0.028,0.24,0.406,0.484,0.455,0.502,0.496,0.493,0.783,0.306,0.439,0.393,0.264,0.354,0.229,0.558,0.712,0.414,"1994",FALSE,0,0,20,FALSE
"217","Bill Laimbeer","C",0.857,"DET",0.134,0.061,0.07,0.045,0.041,0.696,0.007,0.01,0.333,0.046,0.046,0.543,0.599,0.015,0.013,0.846,0.017,0.047,0.037,0.012,0.024,0.011,0.022,0.081,0.038,"1994",FALSE,0,0,20,FALSE
"218","Andrew Lang","C",0.643,"ATL",1,0,0.455,0.208,0.211,0.625,0.002,0.005,0.25,0.223,0.256,0.471,0.523,0.097,0.109,0.689,0.241,0.186,0.205,0.044,0.154,0.231,0.175,0.518,0.178,"1994",FALSE,0,0,57,FALSE
"219","Eric Leckner","C",0.643,"PHI",0.866,0.439,0.329,0.134,0.132,0.648,0,0.002,0,0.145,0.16,0.489,0.54,0.111,0.134,0.646,0.143,0.206,0.184,0.074,0.073,0.09,0.185,0.512,0.128,"1994",FALSE,0,0,25,FALSE
"220","Tim Legler","PG",0.643,"DAL",0.963,0,0.374,0.223,0.243,0.584,0.129,0.157,0.374,0.186,0.219,0.46,0.541,0.188,0.174,0.84,0.069,0.091,0.084,0.103,0.211,0.035,0.129,0.358,0.232,"1994",FALSE,0,0,13,FALSE
"221","Jim Les","PG",0.714,"SAC",0.22,0,0.048,0.013,0.016,0.509,0.02,0.02,0.444,0.005,0.009,0.313,0.556,0.015,0.013,0.846,0.01,0.008,0.008,0.034,0.028,0.003,0.024,0.043,0.016,"1994",FALSE,0,0,28,FALSE
"222","Fat Lever","PG",0.786,"DAL",0.988,0.659,0.551,0.22,0.256,0.544,0.065,0.084,0.351,0.209,0.272,0.416,0.479,0.099,0.101,0.765,0.159,0.199,0.185,0.183,0.646,0.04,0.19,0.418,0.196,"1994",FALSE,0,0,13,FALSE
"225","Brad Lohaus","PF",0.69,"MIL",0.817,0.024,0.272,0.099,0.129,0.484,0.114,0.151,0.343,0.058,0.083,0.381,0.494,0.026,0.03,0.69,0.063,0.116,0.098,0.053,0.122,0.146,0.125,0.383,0.095,"1994",FALSE,0,0,20,FALSE
"226","Grant Long","PF",0.643,"MIA",0.841,0.72,0.623,0.29,0.309,0.595,0.002,0.007,0.167,0.311,0.376,0.449,0.497,0.247,0.245,0.786,0.363,0.303,0.324,0.146,0.362,0.069,0.269,0.658,0.278,"1994",FALSE,0,0,42,FALSE
"228","George Lynch","SF",0.548,"LAL",0.866,0.561,0.499,0.281,0.264,0.677,0,0.006,0,0.303,0.32,0.512,0.564,0.131,0.171,0.596,0.421,0.189,0.268,0.082,0.415,0.072,0.188,0.477,0.24,"1994",FALSE,0,0,33,FALSE
"229","Malcolm Mackey","C",0.548,"PHO",0.268,0,0.02,0.014,0.017,0.504,0,0.002,0,0.015,0.02,0.4,0.42,0.005,0.008,0.5,0.023,0.012,0.016,0.001,0,0.008,0.004,0.024,0.011,"1994",FALSE,0,0,56,FALSE
"230","Don MacLean","SF",0.571,"WSB",0.915,0.841,0.704,0.5,0.474,0.669,0.007,0.024,0.143,0.535,0.569,0.509,0.559,0.434,0.409,0.824,0.268,0.325,0.305,0.137,0.191,0.059,0.328,0.456,0.482,"1994",FALSE,0,0,24,FALSE
"232","Gerald Madkins","SG",0.571,"CLE",0.268,0,0.042,0.011,0.014,0.473,0.012,0.017,0.333,0.006,0.009,0.375,0.483,0.011,0.01,0.8,0.002,0.01,0.007,0.016,0.037,0,0.028,0.043,0.012,"1994",FALSE,0,0,47,FALSE
"233","Rick Mahorn","PF",0.833,"NJN",0.341,0,0.064,0.022,0.022,0.652,0,0.001,0,0.024,0.026,0.5,0.543,0.017,0.021,0.65,0.031,0.038,0.035,0.004,0.012,0.013,0.015,0.102,0.021,"1994",FALSE,0,0,45,FALSE
"234","Dan Majerle","SG",0.667,"PHO",0.976,0.927,0.908,0.46,0.524,0.557,0.478,0.568,0.382,0.296,0.358,0.447,0.559,0.233,0.245,0.739,0.229,0.227,0.228,0.236,0.524,0.114,0.295,0.412,0.466,"1994",FALSE,0,0,56,FALSE
"236","Karl Malone","PF",0.714,"UTA",1,1,0.942,0.747,0.714,0.663,0.02,0.036,0.25,0.795,0.857,0.503,0.556,0.676,0.757,0.694,0.449,0.7,0.614,0.282,0.508,0.335,0.504,0.722,0.728,"1994",FALSE,0,0.017,53,TRUE
"237","Moses Malone","C",0.905,"PHI",0.671,0,0.175,0.099,0.107,0.587,0,0.001,0,0.106,0.13,0.442,0.489,0.119,0.12,0.769,0.203,0.119,0.148,0.029,0.045,0.045,0.127,0.14,0.104,"1994",FALSE,0,0,25,FALSE
"241","Jamal Mashburn","SF",0.5,"DAL",0.963,0.89,0.82,0.543,0.636,0.541,0.211,0.337,0.284,0.495,0.611,0.44,0.486,0.405,0.451,0.699,0.205,0.244,0.231,0.229,0.362,0.037,0.528,0.553,0.534,"1994",FALSE,0,0,13,FALSE
"242","Anthony Mason","PF",0.643,"NYK",0.89,0.146,0.539,0.199,0.199,0.635,0,0.001,0,0.214,0.244,0.477,0.529,0.153,0.166,0.72,0.302,0.267,0.279,0.13,0.126,0.024,0.231,0.512,0.186,"1994",FALSE,0,0,57,FALSE
"243","Marlon Maxey","PF",0.571,"MIN",0.671,0.024,0.177,0.086,0.077,0.711,0,0.002,0,0.093,0.093,0.539,0.592,0.093,0.101,0.714,0.143,0.123,0.13,0.009,0.065,0.088,0.086,0.305,0.088,"1994",FALSE,0,0,20,FALSE
"244","Vernon Maxwell","SG",0.667,"HOU",0.915,0.89,0.728,0.368,0.449,0.519,0.299,0.455,0.298,0.271,0.323,0.454,0.501,0.189,0.197,0.749,0.08,0.186,0.15,0.326,0.508,0.053,0.399,0.385,0.361,"1994",FALSE,0,0,58,FALSE
"245","Lee Mayberry","PG",0.548,"MIL",1,0.073,0.417,0.162,0.185,0.553,0.102,0.134,0.345,0.131,0.16,0.445,0.518,0.077,0.086,0.69,0.05,0.074,0.066,0.185,0.187,0.011,0.209,0.307,0.153,"1994",FALSE,0,0,20,FALSE
"246","Xavier McDaniel","SF",0.714,"BOS",1,0.061,0.558,0.374,0.386,0.615,0.025,0.046,0.244,0.392,0.45,0.472,0.519,0.19,0.219,0.676,0.272,0.256,0.261,0.108,0.195,0.104,0.25,0.52,0.328,"1994",FALSE,0,0,32,FALSE
"247","Derrick McKey","SF",0.643,"IND",0.927,0.927,0.74,0.343,0.327,0.667,0.022,0.035,0.29,0.36,0.383,0.51,0.562,0.254,0.261,0.756,0.247,0.271,0.263,0.281,0.451,0.13,0.491,0.668,0.322,"1994",FALSE,0,0,47,FALSE
"248","Nate McMillan","PG",0.69,"SEA",0.89,0.098,0.534,0.171,0.182,0.596,0.129,0.15,0.391,0.13,0.148,0.475,0.57,0.041,0.057,0.564,0.096,0.231,0.185,0.332,0.878,0.059,0.272,0.542,0.154,"1994",FALSE,0,0,63,FALSE
"249","Darnell Mee","SG",0.524,"DEN",0.463,0,0.081,0.027,0.04,0.424,0.012,0.027,0.208,0.024,0.036,0.359,0.386,0.016,0.028,0.444,0.033,0.018,0.023,0.014,0.061,0.035,0.039,0.092,0.026,"1994",FALSE,0,0,42,FALSE
"250","Oliver Miller","C",0.548,"PHO",0.841,0.366,0.506,0.268,0.209,0.812,0.005,0.01,0.222,0.286,0.252,0.617,0.679,0.106,0.141,0.584,0.268,0.334,0.311,0.21,0.337,0.415,0.353,0.62,0.225,"1994",FALSE,0,0,56,FALSE
"251","Reggie Miller","SG",0.667,"IND",0.963,0.963,0.747,0.507,0.48,0.671,0.306,0.33,0.421,0.417,0.423,0.535,0.624,0.533,0.457,0.908,0.057,0.181,0.139,0.213,0.484,0.064,0.377,0.52,0.556,"1994",FALSE,0,0,47,FALSE
"252","Chris Mills","SF",0.571,"CLE",0.963,0.22,0.572,0.275,0.312,0.559,0.095,0.138,0.311,0.256,0.313,0.443,0.498,0.181,0.181,0.778,0.256,0.265,0.262,0.11,0.22,0.133,0.192,0.625,0.262,"1994",FALSE,0,0,47,FALSE
"253","Terry Mills","PF",0.619,"DET",0.976,0.902,0.785,0.569,0.53,0.681,0.06,0.082,0.329,0.587,0.608,0.523,0.579,0.239,0.234,0.797,0.369,0.476,0.439,0.152,0.26,0.165,0.33,0.833,0.488,"1994",FALSE,0,0,20,FALSE
"254","Harold Miner","SG",0.524,"MIA",0.768,0.378,0.384,0.246,0.245,0.636,0.01,0.007,0.667,0.26,0.297,0.475,0.534,0.197,0.185,0.828,0.143,0.08,0.102,0.082,0.126,0.035,0.205,0.356,0.233,"1994",FALSE,0,0,42,FALSE
"255","Sam Mitchell","PF",0.714,"IND",0.915,0.22,0.307,0.135,0.141,0.611,0,0.006,0,0.146,0.17,0.465,0.509,0.108,0.113,0.745,0.136,0.118,0.124,0.056,0.134,0.024,0.108,0.41,0.128,"1994",FALSE,0,0,47,FALSE
"258","Chris Morris","SF",0.667,"NJN",0.61,0.329,0.382,0.196,0.209,0.596,0.132,0.166,0.361,0.156,0.173,0.489,0.562,0.112,0.121,0.72,0.174,0.136,0.149,0.071,0.224,0.13,0.112,0.323,0.192,"1994",FALSE,0,0,45,FALSE
"259","Alonzo Mourning","C",0.548,"CHH",0.732,0.72,0.571,0.413,0.389,0.673,0,0.002,0,0.444,0.475,0.507,0.561,0.573,0.584,0.762,0.338,0.43,0.399,0.074,0.11,0.5,0.429,0.558,0.454,"1994",FALSE,0,0,41,FALSE
"260","Chris Mullin","SF",0.714,"GSW",0.756,0.476,0.658,0.397,0.4,0.629,0.137,0.17,0.364,0.369,0.405,0.494,0.559,0.218,0.225,0.753,0.122,0.279,0.225,0.271,0.435,0.141,0.384,0.307,0.367,"1994",FALSE,0,0,50,FALSE
"261","Eric Murdock","PG",0.595,"MIL",1,0.927,0.717,0.461,0.469,0.624,0.172,0.19,0.411,0.425,0.48,0.479,0.558,0.31,0.296,0.813,0.174,0.169,0.171,0.469,0.801,0.032,0.444,0.509,0.444,"1994",FALSE,0,0,20,FALSE
"264","Tracy Murray","SF",0.524,"POR",0.805,0.012,0.232,0.162,0.163,0.627,0.124,0.123,0.459,0.122,0.139,0.476,0.601,0.066,0.074,0.694,0.082,0.068,0.073,0.027,0.085,0.053,0.08,0.205,0.153,"1994",FALSE,0,0,47,FALSE
"266","Dikembe Mutombo","C",0.643,"DEN",1,1,0.808,0.353,0.295,0.759,0,0.001,0,0.38,0.362,0.569,0.632,0.339,0.452,0.583,0.547,0.68,0.635,0.109,0.24,0.894,0.444,0.706,0.348,"1994",FALSE,0,0,42,FALSE
"267","Pete Myers","SG",0.714,"CHI",1,0.988,0.575,0.245,0.256,0.607,0.02,0.033,0.276,0.255,0.297,0.465,0.513,0.18,0.2,0.701,0.103,0.126,0.118,0.21,0.317,0.053,0.293,0.526,0.23,"1994",FALSE,0,0,55,FALSE
"271","Ken Norman","SF",0.69,"MIL",1,0.915,0.719,0.398,0.423,0.597,0.157,0.213,0.333,0.363,0.412,0.478,0.537,0.122,0.188,0.503,0.323,0.329,0.327,0.191,0.236,0.122,0.323,0.563,0.346,"1994",FALSE,0,0,20,FALSE
"272","Shaquille O'Neal","C",0.5,"ORL",0.988,0.988,0.913,0.922,0.732,0.799,0,0.002,0,0.992,0.896,0.6,0.666,0.623,0.874,0.554,0.734,0.683,0.701,0.168,0.309,0.614,0.478,0.757,0.839,"1994",FALSE,3,0.286,50,TRUE
"274","Charles Oakley","PF",0.714,"NYK",1,1,0.83,0.351,0.35,0.637,0,0.003,0,0.378,0.427,0.48,0.531,0.321,0.322,0.776,0.667,0.612,0.631,0.187,0.447,0.048,0.416,0.79,0.342,"1994",FALSE,0,0,57,FALSE
"275","Hakeem Olajuwon","C",0.738,"HOU",0.976,0.976,0.928,0.865,0.78,0.704,0.02,0.021,0.421,0.922,0.945,0.529,0.589,0.513,0.558,0.716,0.438,0.721,0.624,0.247,0.52,0.79,0.584,0.779,0.771,"1994",TRUE,66,0.88,58,TRUE
"276","Jimmy Oliver","SG",0.571,"BOS",0.537,0.073,0.153,0.086,0.098,0.555,0.032,0.036,0.406,0.079,0.103,0.418,0.496,0.033,0.034,0.758,0.015,0.038,0.03,0.028,0.065,0.003,0.045,0.105,0.076,"1994",FALSE,0,0,32,FALSE
"277","Bo Outlaw","SF",0.524,"LAC",0.451,0.171,0.247,0.095,0.077,0.783,0,0.002,0,0.102,0.093,0.594,0.652,0.081,0.106,0.592,0.155,0.13,0.139,0.031,0.146,0.098,0.067,0.253,0.091,"1994",FALSE,0,0,27,FALSE
"278","Doug Overton","PG",0.571,"WSB",0.744,0.012,0.212,0.084,0.099,0.537,0.002,0.012,0.091,0.089,0.116,0.42,0.45,0.057,0.053,0.827,0.036,0.05,0.045,0.079,0.085,0.003,0.116,0.129,0.077,"1994",FALSE,0,0,24,FALSE
"279","Billy Owens","PF",0.571,"GSW",0.963,0.878,0.775,0.476,0.447,0.676,0.007,0.017,0.2,0.509,0.539,0.512,0.564,0.263,0.335,0.61,0.44,0.407,0.418,0.28,0.337,0.16,0.461,0.725,0.419,"1994",FALSE,0,0,50,FALSE
"280","Robert Pack","PG",0.571,"DEN",0.805,0.049,0.391,0.216,0.231,0.591,0.015,0.033,0.207,0.226,0.267,0.458,0.499,0.237,0.243,0.758,0.048,0.097,0.08,0.306,0.329,0.024,0.44,0.396,0.223,"1994",FALSE,0,0,42,FALSE
"283","John Paxson","PG",0.786,"CHI",0.329,0,0.097,0.029,0.031,0.588,0.022,0.025,0.409,0.022,0.026,0.457,0.563,0.001,0.002,0.5,0.006,0.017,0.013,0.028,0.028,0.005,0.013,0.049,0.025,"1994",FALSE,0,0,55,FALSE
"284","Gary Payton","PG",0.595,"SEA",1,1,0.815,0.565,0.533,0.672,0.037,0.061,0.278,0.592,0.623,0.515,0.567,0.22,0.287,0.595,0.201,0.163,0.176,0.424,0.764,0.051,0.373,0.612,0.476,"1994",FALSE,0,0.02,63,TRUE
"285","Anthony Peeler","SG",0.571,"LAL",0.366,0.366,0.261,0.17,0.188,0.573,0.035,0.071,0.222,0.169,0.195,0.468,0.497,0.075,0.073,0.803,0.092,0.061,0.071,0.081,0.175,0.021,0.127,0.251,0.149,"1994",FALSE,0,0,33,FALSE
"286","Mike Peplowski","C",0.548,"SAC",0.671,0.232,0.189,0.074,0.065,0.719,0,0.001,0,0.079,0.079,0.543,0.599,0.032,0.045,0.545,0.094,0.119,0.11,0.021,0.069,0.066,0.073,0.353,0.062,"1994",FALSE,0,0,28,FALSE
"287","Will Perdue","C",0.667,"CHI",0.524,0.073,0.112,0.045,0.052,0.56,0,0.001,0,0.049,0.063,0.423,0.467,0.03,0.033,0.719,0.076,0.085,0.082,0.029,0.033,0.029,0.091,0.164,0.041,"1994",FALSE,0,0,55,FALSE
"288","Sam Perkins","PF",0.762,"SEA",0.988,0.5,0.614,0.33,0.358,0.584,0.246,0.305,0.367,0.252,0.287,0.475,0.557,0.288,0.28,0.801,0.229,0.244,0.239,0.095,0.272,0.082,0.222,0.531,0.353,"1994",FALSE,0,0,63,FALSE
"289","Elliot Perry","PG",0.571,"PHO",0.329,0.11,0.122,0.041,0.052,0.496,0,0.003,0,0.044,0.062,0.382,0.413,0.028,0.029,0.75,0.023,0.027,0.025,0.107,0.102,0.003,0.093,0.097,0.037,"1994",FALSE,0,0,56,FALSE
"290","Tim Perry","PF",0.667,"PHI",0.976,0.829,0.661,0.263,0.288,0.58,0.182,0.226,0.365,0.207,0.24,0.468,0.549,0.135,0.181,0.58,0.224,0.285,0.264,0.081,0.244,0.218,0.172,0.415,0.254,"1994",FALSE,0,0,25,FALSE
"291","Chuck Person","SF",0.69,"MIN",0.939,0.451,0.574,0.344,0.388,0.563,0.249,0.307,0.368,0.266,0.322,0.448,0.536,0.108,0.111,0.759,0.105,0.197,0.165,0.159,0.183,0.032,0.261,0.442,0.316,"1994",FALSE,0,0,20,FALSE
"292","Richard Petruska","C",0.595,"HOU",0.268,0,0.026,0.019,0.021,0.58,0.017,0.017,0.467,0.014,0.017,0.419,0.568,0.008,0.008,0.75,0.017,0.022,0.02,0.001,0.008,0.008,0.032,0.04,0.019,"1994",FALSE,0,0,58,FALSE
"293","Bobby Phills","SG",0.571,"CLE",0.878,0.646,0.433,0.234,0.237,0.628,0.002,0.014,0.083,0.251,0.283,0.48,0.524,0.149,0.162,0.72,0.136,0.14,0.139,0.114,0.272,0.032,0.136,0.364,0.211,"1994",FALSE,0,0,47,FALSE
"294","Ricky Pierce","SG",0.81,"SEA",0.622,0,0.289,0.263,0.266,0.628,0.015,0.036,0.188,0.277,0.307,0.488,0.53,0.25,0.217,0.896,0.055,0.054,0.054,0.078,0.171,0.013,0.138,0.226,0.261,"1994",FALSE,0,0,63,FALSE
"296","Scottie Pippen","SF",0.667,"CHI",0.878,0.878,0.781,0.606,0.588,0.655,0.157,0.222,0.32,0.587,0.61,0.522,0.572,0.357,0.421,0.66,0.331,0.453,0.411,0.346,0.858,0.154,0.5,0.612,0.56,"1994",FALSE,7,0.386,55,TRUE
"298","Terry Porter","PG",0.714,"POR",0.939,0.415,0.587,0.337,0.385,0.555,0.274,0.318,0.39,0.248,0.312,0.43,0.536,0.27,0.241,0.872,0.086,0.169,0.141,0.345,0.321,0.048,0.358,0.356,0.357,"1994",FALSE,0,0,47,FALSE
"299","Brent Price","PG",0.595,"WSB",0.793,0.159,0.293,0.136,0.15,0.577,0.124,0.169,0.333,0.095,0.099,0.517,0.566,0.09,0.09,0.782,0.059,0.059,0.059,0.183,0.224,0.005,0.256,0.307,0.141,"1994",FALSE,0,0,24,FALSE
"300","Mark Price","PG",0.69,"CLE",0.927,0.89,0.675,0.464,0.462,0.637,0.294,0.335,0.397,0.377,0.399,0.511,0.596,0.315,0.276,0.888,0.075,0.188,0.149,0.506,0.419,0.029,0.407,0.251,0.465,"1994",FALSE,0,0.007,47,TRUE
"301","Dino Radja","PF",0.619,"BOS",0.976,0.573,0.652,0.475,0.434,0.695,0,0.001,0,0.511,0.531,0.522,0.579,0.299,0.31,0.751,0.365,0.383,0.377,0.098,0.285,0.178,0.321,0.744,0.427,"1994",FALSE,0,0,32,FALSE
"302","Kurt Rambis","PF",0.833,"LAL",0.61,0.012,0.18,0.057,0.052,0.691,0,0.001,0,0.061,0.064,0.522,0.576,0.061,0.073,0.648,0.161,0.104,0.124,0.027,0.089,0.061,0.056,0.24,0.058,"1994",FALSE,0,0,33,FALSE
"303","Mark Randall","PF",0.619,"DEN",0.341,0,0.044,0.016,0.023,0.453,0.005,0.016,0.143,0.016,0.02,0.417,0.4,0.029,0.029,0.786,0.017,0.013,0.014,0.009,0.033,0.008,0.022,0.049,0.02,"1994",FALSE,0,0,42,FALSE
"304","J.R. Reid","PF",0.595,"SAS",0.854,0.134,0.38,0.251,0.244,0.655,0,0.003,0,0.271,0.297,0.493,0.546,0.142,0.157,0.699,0.174,0.128,0.144,0.063,0.175,0.066,0.181,0.445,0.221,"1994",FALSE,0,0,55,FALSE
"305","Glen Rice","SF",0.619,"MIA",0.988,0.988,0.849,0.641,0.654,0.623,0.328,0.391,0.382,0.553,0.606,0.494,0.57,0.331,0.292,0.88,0.145,0.356,0.284,0.158,0.447,0.085,0.28,0.501,0.603,"1994",FALSE,0,0,42,FALSE
"306","Pooh Richardson","PG",0.643,"IND",0.451,0.305,0.289,0.155,0.163,0.603,0.007,0.014,0.25,0.163,0.193,0.459,0.507,0.062,0.079,0.61,0.054,0.081,0.072,0.204,0.13,0.008,0.19,0.21,0.131,"1994",FALSE,0,0,47,FALSE
"307","Mitch Richmond","SG",0.667,"SAC",0.951,0.951,0.82,0.614,0.657,0.593,0.316,0.352,0.407,0.529,0.629,0.455,0.543,0.563,0.526,0.834,0.134,0.214,0.187,0.269,0.419,0.045,0.466,0.569,0.644,"1994",FALSE,0,0,28,FALSE
"308","Isaiah Rider","SG",0.524,"MIN",0.963,0.732,0.684,0.505,0.513,0.624,0.134,0.169,0.36,0.487,0.544,0.485,0.547,0.284,0.273,0.811,0.226,0.196,0.206,0.174,0.22,0.074,0.47,0.523,0.464,"1994",FALSE,0,0,20,FALSE
"309","Eric Riley","C",0.548,"HOU",0.573,0.024,0.062,0.033,0.032,0.648,0,0.001,0,0.035,0.039,0.493,0.54,0.026,0.038,0.541,0.046,0.035,0.039,0.008,0.02,0.024,0.032,0.081,0.031,"1994",FALSE,0,0,58,FALSE
"310","Doc Rivers","PG",0.762,"NYK",0.232,0.232,0.141,0.053,0.058,0.577,0.047,0.059,0.365,0.037,0.042,0.48,0.564,0.019,0.023,0.636,0.008,0.035,0.025,0.086,0.102,0.013,0.062,0.119,0.05,"1994",FALSE,0,0,57,FALSE
"312","Clifford Robinson","C",0.643,"POR",1,0.78,0.808,0.62,0.646,0.609,0.032,0.06,0.245,0.653,0.762,0.465,0.512,0.466,0.473,0.765,0.314,0.383,0.359,0.137,0.48,0.295,0.364,0.709,0.582,"1994",FALSE,0,0,47,FALSE
"313","David Robinson","C",0.667,"SAS",0.976,0.976,0.917,0.812,0.763,0.676,0.025,0.033,0.345,0.864,0.919,0.51,0.567,0.917,0.952,0.749,0.461,0.61,0.559,0.327,0.565,0.705,0.545,0.615,0.841,"1994",FALSE,24,0.723,55,TRUE
"314","James Robinson","PG",0.548,"POR",0.707,0.037,0.19,0.101,0.131,0.487,0.057,0.082,0.315,0.084,0.12,0.382,0.45,0.06,0.069,0.672,0.065,0.044,0.051,0.058,0.122,0.04,0.112,0.186,0.097,"1994",FALSE,0,0,47,FALSE
"315","Larry Robinson","SG",0.619,"HOU",0.073,0,0.016,0.01,0.009,0.667,0.005,0.009,0.25,0.008,0.007,0.667,0.611,0.004,0.008,0.375,0.008,0.006,0.007,0.005,0.028,0,0.022,0.022,0.009,"1994",FALSE,0,0,58,FALSE
"317","Dennis Rodman","PF",0.762,"SAS",0.963,0.622,0.846,0.151,0.134,0.712,0.012,0.027,0.208,0.157,0.151,0.563,0.603,0.07,0.105,0.52,0.866,0.908,0.893,0.158,0.211,0.085,0.297,0.617,0.131,"1994",FALSE,0,0.001,55,TRUE
"318","Rodney Rogers","SF",0.524,"DEN",0.963,0.171,0.398,0.231,0.251,0.585,0.087,0.104,0.38,0.212,0.255,0.45,0.523,0.168,0.194,0.672,0.172,0.135,0.148,0.087,0.256,0.128,0.282,0.526,0.226,"1994",FALSE,0,0,42,FALSE
"320","Sean Rooks","C",0.571,"DAL",0.573,0.341,0.355,0.187,0.181,0.655,0,0.001,0,0.201,0.221,0.492,0.546,0.198,0.216,0.714,0.161,0.174,0.169,0.042,0.085,0.117,0.172,0.294,0.189,"1994",FALSE,0,0,13,FALSE
"321","Donald Royal","SF",0.643,"ORL",0.902,0,0.384,0.168,0.16,0.668,0,0.002,0,0.181,0.195,0.504,0.557,0.263,0.277,0.74,0.18,0.153,0.162,0.052,0.203,0.043,0.164,0.326,0.193,"1994",FALSE,0,0,50,FALSE
"322","Bryon Russell","SF",0.548,"UTA",0.817,0.585,0.317,0.131,0.128,0.645,0.005,0.025,0.091,0.138,0.145,0.518,0.541,0.082,0.104,0.614,0.117,0.119,0.118,0.046,0.276,0.051,0.119,0.372,0.118,"1994",FALSE,0,0,53,FALSE
"323","John Salley","PF",0.69,"MIA",0.927,0.549,0.541,0.201,0.201,0.636,0.005,0.003,0.667,0.214,0.244,0.476,0.532,0.217,0.231,0.729,0.252,0.273,0.266,0.116,0.228,0.207,0.203,0.701,0.206,"1994",FALSE,0,0,42,FALSE
"327","Detlef Schrempf","SF",0.738,"SEA",0.988,0.976,0.772,0.43,0.416,0.657,0.055,0.077,0.324,0.44,0.471,0.507,0.561,0.397,0.401,0.769,0.275,0.308,0.297,0.236,0.297,0.024,0.373,0.736,0.428,"1994",FALSE,0,0,63,FALSE
"328","Byron Scott","SG",0.762,"IND",0.817,0.024,0.339,0.248,0.252,0.623,0.067,0.084,0.365,0.238,0.267,0.483,0.547,0.208,0.201,0.805,0.036,0.09,0.072,0.114,0.252,0.024,0.222,0.216,0.246,"1994",FALSE,0,0,47,FALSE
"329","Dennis Scott","SF",0.595,"ORL",1,0.451,0.646,0.371,0.437,0.54,0.386,0.438,0.399,0.238,0.316,0.408,0.54,0.163,0.164,0.774,0.103,0.163,0.142,0.186,0.329,0.085,0.2,0.434,0.369,"1994",FALSE,0,0,50,FALSE
"330","Malik Sealy","SF",0.548,"IND",0.524,0.061,0.176,0.107,0.126,0.54,0.01,0.018,0.25,0.111,0.146,0.415,0.458,0.078,0.09,0.678,0.082,0.074,0.077,0.041,0.126,0.021,0.11,0.226,0.101,"1994",FALSE,0,0,47,FALSE
"331","Rony Seikaly","C",0.667,"MIA",0.878,0.732,0.682,0.379,0.37,0.651,0,0.002,0,0.408,0.452,0.489,0.542,0.402,0.434,0.72,0.467,0.493,0.484,0.117,0.24,0.266,0.42,0.752,0.384,"1994",FALSE,0,0,42,FALSE
"332","Brian Shaw","SG",0.643,"MIA",0.939,0.634,0.577,0.269,0.307,0.556,0.182,0.244,0.338,0.213,0.254,0.455,0.524,0.085,0.092,0.719,0.199,0.244,0.229,0.331,0.289,0.056,0.373,0.526,0.245,"1994",FALSE,0,0,42,FALSE
"333","Lionel Simmons","SF",0.595,"SAC",0.915,0.902,0.765,0.422,0.458,0.584,0.015,0.019,0.353,0.447,0.552,0.439,0.49,0.332,0.332,0.777,0.321,0.391,0.367,0.262,0.423,0.133,0.394,0.509,0.399,"1994",FALSE,0,0,28,FALSE
"334","Scott Skiles","PG",0.69,"ORL",1,0.561,0.652,0.267,0.296,0.572,0.169,0.186,0.412,0.216,0.27,0.434,0.534,0.258,0.228,0.878,0.08,0.146,0.124,0.432,0.191,0.005,0.416,0.461,0.288,"1994",FALSE,0,0,50,FALSE
"335","Charles Smith","SF",0.667,"NYK",0.524,0.256,0.313,0.17,0.183,0.591,0.02,0.018,0.5,0.175,0.215,0.441,0.503,0.115,0.124,0.719,0.126,0.098,0.108,0.043,0.106,0.12,0.138,0.388,0.158,"1994",FALSE,0,0,57,FALSE
"336","Chris Smith","PG",0.548,"MIN",0.976,0.195,0.458,0.178,0.195,0.58,0.025,0.044,0.256,0.181,0.217,0.453,0.497,0.126,0.145,0.674,0.029,0.106,0.08,0.245,0.154,0.048,0.218,0.353,0.167,"1994",FALSE,0,0,20,FALSE
"337","Doug Smith","PF",0.571,"DAL",0.963,0.512,0.477,0.285,0.312,0.58,0.005,0.01,0.222,0.305,0.377,0.438,0.486,0.14,0.131,0.835,0.218,0.233,0.228,0.102,0.333,0.101,0.2,0.774,0.246,"1994",FALSE,0,0,13,FALSE
"338","Kenny Smith","PG",0.667,"HOU",0.951,0.951,0.625,0.33,0.327,0.64,0.221,0.248,0.405,0.262,0.277,0.513,0.602,0.179,0.159,0.871,0.046,0.113,0.09,0.281,0.24,0.011,0.272,0.326,0.32,"1994",FALSE,0,0,58,FALSE
"341","Steve Smith","SG",0.571,"MIA",0.951,0.939,0.786,0.475,0.495,0.608,0.226,0.296,0.347,0.416,0.459,0.491,0.554,0.361,0.336,0.835,0.298,0.195,0.23,0.338,0.341,0.093,0.435,0.585,0.475,"1994",FALSE,0,0,42,FALSE
"342","Tony Smith","SG",0.595,"LAL",0.89,0.378,0.458,0.263,0.284,0.588,0.04,0.056,0.32,0.266,0.32,0.451,0.504,0.112,0.122,0.714,0.203,0.088,0.127,0.127,0.24,0.037,0.164,0.345,0.228,"1994",FALSE,0,0,33,FALSE
"343","Rik Smits","C",0.643,"IND",0.951,0.915,0.598,0.477,0.425,0.712,0,0.001,0,0.513,0.52,0.535,0.593,0.315,0.309,0.793,0.258,0.346,0.316,0.134,0.199,0.218,0.325,0.757,0.432,"1994",FALSE,0,0,47,FALSE
"345","Elmore Spencer","C",0.571,"LAC",0.927,0.768,0.546,0.279,0.249,0.711,0,0.002,0,0.3,0.303,0.535,0.592,0.128,0.167,0.599,0.184,0.317,0.271,0.064,0.122,0.338,0.362,0.561,0.238,"1994",FALSE,0,0,27,FALSE
"347","Latrell Sprewell","SG",0.548,"GSW",1,1,1,0.593,0.652,0.577,0.351,0.441,0.361,0.491,0.579,0.46,0.536,0.467,0.469,0.774,0.153,0.319,0.262,0.331,0.732,0.202,0.487,0.426,0.607,"1994",FALSE,0,0.001,50,TRUE
"348","John Starks","SG",0.667,"NYK",0.72,0.659,0.582,0.397,0.45,0.56,0.281,0.38,0.335,0.309,0.361,0.464,0.53,0.247,0.255,0.754,0.071,0.147,0.121,0.299,0.386,0.016,0.397,0.515,0.395,"1994",FALSE,0,0,57,FALSE
"350","Bryant Stith","SG",0.548,"DEN",1,1,0.808,0.353,0.373,0.6,0.005,0.01,0.222,0.378,0.452,0.453,0.501,0.385,0.361,0.829,0.228,0.228,0.228,0.171,0.472,0.043,0.282,0.445,0.361,"1994",FALSE,0,0,42,FALSE
"351","John Stockton","PG",0.738,"UTA",1,1,0.84,0.443,0.399,0.704,0.119,0.168,0.322,0.427,0.406,0.57,0.617,0.36,0.348,0.805,0.138,0.185,0.169,0.886,0.809,0.059,0.573,0.636,0.436,"1994",FALSE,0,0.001,53,TRUE
"352","Rod Strickland","PG",0.643,"POR",1,0.707,0.818,0.511,0.503,0.644,0.005,0.011,0.2,0.547,0.611,0.486,0.538,0.467,0.485,0.749,0.233,0.246,0.242,0.636,0.598,0.064,0.554,0.461,0.498,"1994",FALSE,0,0,47,FALSE
"353","Derek Strong","PF",0.595,"MIL",0.817,0.134,0.32,0.136,0.157,0.551,0.007,0.015,0.231,0.144,0.185,0.421,0.464,0.21,0.212,0.772,0.208,0.171,0.184,0.041,0.154,0.037,0.131,0.186,0.157,"1994",FALSE,0,0,20,FALSE
"354","Isiah Thomas","PG",0.762,"DET",0.707,0.683,0.495,0.308,0.351,0.556,0.097,0.142,0.31,0.29,0.359,0.438,0.491,0.239,0.265,0.702,0.088,0.112,0.104,0.343,0.276,0.016,0.435,0.34,0.302,"1994",FALSE,0,0,20,FALSE
"355","Kevin Thompson","C",0.524,"POR",0.171,0,0.016,0.006,0.006,0.572,0,0.001,0,0.006,0.007,0.462,0.477,0.001,0.002,0.5,0.013,0.006,0.008,0.003,0,0.005,0.011,0.03,0.005,"1994",FALSE,0,0,47,FALSE
"357","Otis Thorpe","PF",0.738,"HOU",1,1,0.823,0.434,0.369,0.748,0,0.002,0,0.467,0.451,0.562,0.623,0.332,0.393,0.657,0.518,0.595,0.569,0.162,0.268,0.074,0.399,0.682,0.406,"1994",FALSE,0,0,58,FALSE
"358","Sedale Threatt","PG",0.762,"LAL",0.988,0.244,0.645,0.397,0.392,0.643,0.012,0.037,0.152,0.422,0.462,0.496,0.539,0.183,0.159,0.89,0.054,0.124,0.1,0.296,0.447,0.051,0.228,0.501,0.341,"1994",FALSE,0,0,33,FALSE
"360","Tom Tolbert","SF",0.667,"LAC",0.598,0.073,0.181,0.072,0.081,0.557,0.015,0.018,0.375,0.071,0.091,0.422,0.483,0.044,0.046,0.733,0.069,0.071,0.071,0.026,0.053,0.04,0.084,0.164,0.066,"1994",FALSE,0,0,27,FALSE
"361","Sedric Toney","PG",0.738,"CLE",0.146,0,0.018,0.002,0.006,0.223,0,0.001,0,0.002,0.006,0.182,0.186,0.003,0.002,1,0.002,0.002,0.002,0.009,0,0,0.011,0.022,0.002,"1994",FALSE,0,0,47,FALSE
"363","Jeff Turner","PF",0.738,"ORL",0.829,0.622,0.435,0.192,0.196,0.623,0.045,0.062,0.327,0.188,0.209,0.488,0.542,0.046,0.046,0.778,0.151,0.191,0.177,0.052,0.093,0.029,0.162,0.644,0.159,"1994",FALSE,0,0,50,FALSE
"364","Nick Van Exel","PG",0.524,"LAL",0.988,0.976,0.764,0.399,0.483,0.525,0.306,0.411,0.338,0.302,0.386,0.423,0.502,0.198,0.198,0.781,0.09,0.19,0.156,0.4,0.346,0.021,0.312,0.415,0.388,"1994",FALSE,0,0,33,FALSE
"365","Loy Vaught","PF",0.595,"LAC",0.915,0.683,0.599,0.361,0.32,0.716,0,0.006,0,0.388,0.389,0.541,0.597,0.173,0.187,0.72,0.417,0.435,0.429,0.064,0.309,0.059,0.207,0.596,0.31,"1994",FALSE,0,0,27,FALSE
"366","Kenny Walker","SF",0.69,"WSB",0.89,0.049,0.395,0.128,0.126,0.643,0,0.003,0,0.137,0.153,0.487,0.536,0.115,0.129,0.696,0.226,0.17,0.189,0.028,0.106,0.157,0.095,0.42,0.124,"1994",FALSE,0,0,24,FALSE
"367","Rex Walters","SG",0.548,"NJN",0.585,0,0.109,0.058,0.053,0.696,0.035,0.032,0.5,0.048,0.049,0.529,0.648,0.037,0.035,0.824,0.011,0.032,0.025,0.061,0.061,0.008,0.065,0.111,0.057,"1994",FALSE,0,0,45,FALSE
"368","Clarence Weatherspoon","SF",0.548,"PHI",1,1,0.891,0.582,0.573,0.644,0.01,0.019,0.235,0.622,0.693,0.487,0.539,0.394,0.442,0.693,0.486,0.574,0.544,0.165,0.407,0.309,0.42,0.41,0.532,"1994",FALSE,0,0,25,FALSE
"369","Spud Webb","PG",0.714,"SAC",0.963,0.756,0.727,0.361,0.373,0.613,0.137,0.185,0.335,0.331,0.364,0.492,0.549,0.27,0.258,0.813,0.084,0.177,0.145,0.454,0.378,0.061,0.362,0.491,0.355,"1994",FALSE,0,0,28,FALSE
"370","Chris Webber","C",0.476,"GSW",0.927,0.927,0.69,0.553,0.477,0.736,0,0.016,0,0.595,0.577,0.559,0.613,0.25,0.365,0.532,0.583,0.386,0.454,0.234,0.378,0.436,0.444,0.666,0.471,"1994",FALSE,0,0,50,FALSE
"371","Bill Wennington","C",0.714,"CHI",0.927,0,0.388,0.227,0.222,0.651,0,0.002,0,0.245,0.271,0.49,0.542,0.095,0.091,0.818,0.224,0.234,0.231,0.06,0.175,0.077,0.162,0.577,0.191,"1994",FALSE,0,0,55,FALSE
"373","David Wesley","PG",0.548,"NJN",0.732,0,0.153,0.062,0.08,0.491,0.027,0.053,0.234,0.055,0.072,0.417,0.443,0.058,0.055,0.83,0.019,0.034,0.029,0.106,0.154,0.011,0.112,0.127,0.065,"1994",FALSE,0,0,45,FALSE
"374","Doug West","SG",0.619,"MIN",0.878,0.744,0.618,0.42,0.41,0.649,0.002,0.009,0.125,0.451,0.498,0.49,0.542,0.247,0.238,0.81,0.117,0.169,0.151,0.148,0.264,0.064,0.295,0.636,0.373,"1994",FALSE,0,0,20,FALSE
"376","Ennis Whatley","PG",0.738,"ATL",1,0.012,0.284,0.116,0.109,0.677,0,0.007,0,0.125,0.13,0.522,0.564,0.069,0.068,0.788,0.042,0.076,0.065,0.155,0.24,0.005,0.168,0.251,0.103,"1994",FALSE,0,0,57,FALSE
"377","Randy White","PF",0.619,"DAL",0.22,0.037,0.091,0.044,0.052,0.536,0.015,0.023,0.3,0.041,0.052,0.424,0.477,0.025,0.034,0.576,0.057,0.053,0.054,0.009,0.041,0.027,0.039,0.124,0.041,"1994",FALSE,0,0,13,FALSE
"378","Chris Whitney","PG",0.524,"SAS",0.488,0.049,0.096,0.024,0.038,0.407,0.025,0.034,0.333,0.016,0.029,0.288,0.407,0.016,0.015,0.8,0.01,0.024,0.019,0.046,0.045,0.003,0.08,0.143,0.025,"1994",FALSE,0,0,55,FALSE
"381","Gerald Wilkins","SG",0.714,"CLE",1,1,0.783,0.431,0.449,0.609,0.209,0.239,0.396,0.377,0.43,0.474,0.557,0.257,0.257,0.776,0.203,0.196,0.198,0.219,0.427,0.101,0.282,0.501,0.413,"1994",FALSE,0,0,47,FALSE
"383","Buck Williams","PF",0.786,"POR",0.988,0.988,0.746,0.281,0.241,0.74,0,0.001,0,0.303,0.295,0.556,0.617,0.266,0.305,0.679,0.602,0.524,0.551,0.069,0.236,0.125,0.239,0.644,0.276,"1994",FALSE,0,0,47,FALSE
"384","Corey Williams","PG",0.548,"MIN",0.049,0,0.013,0.005,0.006,0.513,0,0.001,0,0.005,0.007,0.417,0.428,0.001,0.001,1,0.002,0.005,0.004,0.005,0.008,0,0.004,0.016,0.004,"1994",FALSE,0,0,20,FALSE
"385","Herb Williams","C",0.833,"NYK",0.854,0.037,0.219,0.1,0.107,0.589,0,0.001,0,0.107,0.131,0.444,0.491,0.036,0.043,0.643,0.107,0.125,0.119,0.024,0.073,0.114,0.084,0.291,0.082,"1994",FALSE,0,0,57,FALSE
"388","John Williams","SF",0.643,"LAC",0.415,0.073,0.205,0.078,0.087,0.575,0.012,0.023,0.25,0.079,0.095,0.452,0.493,0.032,0.037,0.667,0.071,0.089,0.083,0.083,0.102,0.027,0.075,0.229,0.067,"1994",FALSE,0,0,27,FALSE
"389","Kenny Williams","SF",0.571,"IND",0.829,0.012,0.278,0.185,0.18,0.651,0,0.005,0,0.199,0.218,0.494,0.542,0.06,0.066,0.703,0.178,0.111,0.134,0.045,0.098,0.13,0.097,0.267,0.151,"1994",FALSE,0,0,47,FALSE
"391","Micheal Williams","PG",0.643,"MIN",0.866,0.805,0.624,0.304,0.316,0.609,0.025,0.051,0.222,0.316,0.362,0.474,0.516,0.44,0.408,0.839,0.128,0.153,0.144,0.44,0.48,0.064,0.438,0.52,0.343,"1994",FALSE,0,0,20,FALSE
"392","Reggie Williams","SF",0.69,"DEN",1,0.829,0.751,0.404,0.467,0.549,0.159,0.26,0.278,0.368,0.442,0.452,0.493,0.218,0.231,0.733,0.187,0.292,0.256,0.258,0.476,0.176,0.351,0.776,0.376,"1994",FALSE,0,0,42,FALSE
"393","Scott Williams","C",0.595,"CHI",0.463,0.134,0.181,0.11,0.109,0.644,0.002,0.006,0.2,0.118,0.13,0.489,0.539,0.079,0.101,0.612,0.132,0.111,0.118,0.034,0.065,0.056,0.095,0.302,0.102,"1994",FALSE,0,0,55,FALSE
"394","Walt Williams","SF",0.548,"SAC",0.695,0.049,0.384,0.219,0.267,0.52,0.095,0.149,0.288,0.196,0.253,0.42,0.469,0.196,0.24,0.635,0.136,0.163,0.154,0.113,0.211,0.061,0.312,0.539,0.225,"1994",FALSE,0,0,28,FALSE
"395","Kevin Willis","PF",0.738,"ATL",0.976,0.976,0.811,0.606,0.578,0.665,0.022,0.027,0.375,0.643,0.695,0.501,0.558,0.354,0.387,0.713,0.641,0.624,0.629,0.129,0.321,0.101,0.405,0.674,0.541,"1994",FALSE,0,0.001,57,TRUE
"397","David Wingate","SG",0.714,"CHH",0.61,0.439,0.284,0.132,0.13,0.641,0.01,0.014,0.333,0.137,0.153,0.487,0.542,0.045,0.052,0.667,0.057,0.103,0.088,0.089,0.171,0.016,0.114,0.229,0.109,"1994",FALSE,0,0,41,FALSE
"398","David Wood","PF",0.69,"DET",0.951,0.037,0.335,0.115,0.119,0.612,0.055,0.055,0.449,0.101,0.118,0.462,0.558,0.082,0.084,0.756,0.199,0.134,0.156,0.044,0.159,0.051,0.075,0.542,0.114,"1994",FALSE,0,0,20,FALSE
"399","Randy Woods","PG",0.548,"LAC",0.488,0,0.1,0.047,0.061,0.491,0.067,0.088,0.346,0.023,0.031,0.4,0.522,0.026,0.036,0.571,0.025,0.016,0.019,0.061,0.098,0.005,0.073,0.108,0.051,"1994",FALSE,0,0,27,FALSE
"400","Orlando Woolridge","SF",0.81,"PHI",0.902,0.012,0.553,0.352,0.356,0.628,0.002,0.016,0.071,0.378,0.428,0.478,0.524,0.275,0.311,0.689,0.197,0.194,0.195,0.119,0.167,0.149,0.306,0.501,0.331,"1994",FALSE,0,0,25,FALSE
"401","Haywoode Workman","PG",0.667,"IND",0.793,0.634,0.485,0.189,0.212,0.565,0.045,0.063,0.321,0.184,0.228,0.438,0.492,0.123,0.119,0.802,0.061,0.171,0.133,0.347,0.346,0.011,0.325,0.41,0.177,"1994",FALSE,0,0,47,FALSE
"402","James Worthy","SF",0.762,"LAL",0.976,0.024,0.452,0.329,0.386,0.541,0.08,0.125,0.288,0.32,0.41,0.424,0.472,0.132,0.139,0.741,0.092,0.132,0.118,0.132,0.183,0.048,0.209,0.216,0.287,"1994",FALSE,0,0,33,FALSE
"403","Luther Wright","C",0.524,"UTA",0.183,0.024,0.026,0.008,0.011,0.464,0,0.001,0,0.008,0.012,0.364,0.387,0.004,0.004,0.75,0.011,0.004,0.007,0,0.004,0.005,0.013,0.057,0.007,"1994",FALSE,0,0,53,FALSE
"  2","Mahmoud Abdul-Rauf","PG",0.595,"DEN",0.89,0.524,0.589,0.456,0.462,0.627,0.206,0.243,0.386,0.405,0.446,0.492,0.568,0.183,0.16,0.885,0.061,0.104,0.09,0.226,0.313,0.024,0.256,0.34,0.411,"1995",FALSE,0,0,41,FALSE
"  3","Michael Adams","PG",0.762,"CHH",0.354,0,0.125,0.065,0.068,0.604,0.072,0.091,0.358,0.04,0.038,0.567,0.612,0.033,0.031,0.833,0.011,0.023,0.019,0.082,0.093,0.003,0.056,0.111,0.066,"1995",FALSE,0,0,50,FALSE
"  4","Rafael Addison","SF",0.714,"DET",0.963,0.195,0.503,0.27,0.27,0.635,0.06,0.094,0.289,0.265,0.284,0.507,0.552,0.098,0.102,0.747,0.128,0.174,0.158,0.094,0.215,0.066,0.164,0.636,0.232,"1995",FALSE,0,0,28,FALSE
"  5","Danny Ainge","SG",0.833,"PHO",0.902,0.012,0.389,0.188,0.194,0.613,0.194,0.242,0.364,0.121,0.117,0.558,0.613,0.139,0.134,0.808,0.048,0.083,0.071,0.18,0.187,0.019,0.17,0.418,0.202,"1995",FALSE,0,0,59,FALSE
"  6","Victor Alexander","C",0.595,"GSW",0.61,0.354,0.35,0.222,0.206,0.687,0.015,0.028,0.24,0.233,0.238,0.531,0.579,0.048,0.062,0.6,0.166,0.203,0.19,0.052,0.114,0.077,0.164,0.391,0.177,"1995",FALSE,0,0,26,FALSE
"  7","Derrick Alston","C",0.524,"PHI",0.78,0.012,0.292,0.116,0.119,0.62,0,0.005,0,0.125,0.143,0.472,0.517,0.078,0.123,0.492,0.187,0.12,0.143,0.028,0.159,0.093,0.114,0.288,0.106,"1995",FALSE,0,0,24,FALSE
"  9","Kenny Anderson","PG",0.571,"NJN",0.878,0.854,0.761,0.397,0.474,0.532,0.241,0.332,0.33,0.327,0.416,0.426,0.496,0.46,0.426,0.841,0.14,0.176,0.163,0.584,0.419,0.037,0.485,0.496,0.447,"1995",FALSE,0,0,30,FALSE
" 10","Nick Anderson","SG",0.643,"ORL",0.927,0.927,0.733,0.425,0.425,0.635,0.445,0.486,0.415,0.271,0.277,0.528,0.637,0.189,0.209,0.704,0.163,0.248,0.219,0.27,0.508,0.059,0.304,0.334,0.424,"1995",FALSE,0,0,57,FALSE
" 11","Willie Anderson","SG",0.667,"SAS",0.463,0.134,0.157,0.074,0.075,0.625,0.007,0.021,0.158,0.076,0.081,0.51,0.531,0.04,0.042,0.732,0.029,0.04,0.036,0.045,0.106,0.027,0.082,0.191,0.065,"1995",FALSE,0,0,62,FALSE
" 12","Greg Anthony","PG",0.643,"NYK",0.744,0.024,0.267,0.124,0.135,0.583,0.139,0.175,0.361,0.075,0.078,0.522,0.591,0.079,0.078,0.789,0.013,0.057,0.042,0.137,0.203,0.019,0.123,0.267,0.131,"1995",FALSE,0,0,55,FALSE
" 13","B.J. Armstrong","PG",0.643,"CHI",1,1,0.729,0.404,0.411,0.624,0.269,0.286,0.427,0.323,0.362,0.484,0.587,0.272,0.24,0.884,0.048,0.16,0.122,0.21,0.341,0.021,0.222,0.429,0.406,"1995",FALSE,0,0,47,FALSE
" 14","Darrell Armstrong","PG",0.619,"ORL",0.037,0,0.002,0.003,0.004,0.5,0.005,0.007,0.333,0.001,0.001,0.5,0.556,0.003,0.002,1,0.002,0,0.001,0.003,0.004,0,0.002,0.008,0.004,"1995",FALSE,0,0,57,FALSE
" 15","Vincent Askew","SG",0.667,"SEA",0.866,0.012,0.487,0.24,0.232,0.656,0.077,0.106,0.33,0.226,0.231,0.529,0.581,0.233,0.245,0.739,0.124,0.115,0.118,0.151,0.199,0.035,0.183,0.515,0.248,"1995",FALSE,0,0,57,FALSE
" 16","Keith Askins","SF",0.643,"MIA",0.61,0.061,0.242,0.078,0.095,0.521,0.052,0.088,0.269,0.062,0.073,0.465,0.491,0.061,0.059,0.807,0.164,0.111,0.129,0.034,0.142,0.045,0.054,0.294,0.081,"1995",FALSE,0,0,32,FALSE
" 17","Stacey Augmon","SG",0.619,"ATL",0.927,0.927,0.669,0.384,0.403,0.604,0.017,0.029,0.269,0.406,0.479,0.459,0.508,0.333,0.356,0.728,0.3,0.21,0.241,0.169,0.407,0.125,0.328,0.439,0.372,"1995",FALSE,0,0,42,FALSE
" 19","Vin Baker","PF",0.548,"MIL",1,1,0.951,0.574,0.566,0.644,0.017,0.027,0.292,0.611,0.68,0.487,0.54,0.339,0.444,0.593,0.553,0.553,0.553,0.254,0.35,0.309,0.476,0.747,0.512,"1995",FALSE,0,0,34,FALSE
" 20","Charles Barkley","PF",0.738,"PHO",0.829,0.805,0.674,0.536,0.525,0.648,0.184,0.247,0.338,0.499,0.52,0.521,0.576,0.501,0.522,0.748,0.388,0.549,0.494,0.237,0.447,0.12,0.323,0.542,0.551,"1995",FALSE,1,0.091,59,TRUE
" 21","Dana Barros","PG",0.643,"PHI",1,1,0.939,0.552,0.536,0.653,0.49,0.48,0.464,0.389,0.417,0.505,0.639,0.459,0.397,0.899,0.052,0.245,0.179,0.532,0.606,0.011,0.522,0.429,0.595,"1995",FALSE,0,0,24,FALSE
" 22","Jon Barry","SG",0.595,"MIL",0.634,0,0.17,0.055,0.062,0.567,0.04,0.054,0.333,0.043,0.049,0.477,0.539,0.081,0.082,0.763,0.029,0.034,0.032,0.073,0.122,0.011,0.088,0.146,0.067,"1995",FALSE,0,0,34,FALSE
" 23","John Battle","SG",0.762,"CLE",0.341,0,0.079,0.042,0.052,0.503,0.027,0.035,0.355,0.033,0.047,0.386,0.472,0.025,0.027,0.731,0.006,0.008,0.007,0.032,0.033,0.003,0.037,0.075,0.041,"1995",FALSE,0,0,43,FALSE
" 24","Sergei Bazarevich","PG",0.69,"ATL",0.122,0,0.021,0.011,0.01,0.667,0.002,0.007,0.167,0.01,0.009,0.625,0.581,0.009,0.009,0.778,0.002,0.006,0.005,0.012,0.004,0.003,0.015,0.027,0.011,"1995",FALSE,0,0,42,FALSE
" 26","Elmer Bennett","PG",0.571,"CLE",0.049,0,0.005,0.006,0.005,0.727,0,0.002,0,0.006,0.005,0.667,0.606,0.004,0.004,0.75,0,0.001,0.001,0.003,0.016,0,0.006,0.008,0.005,"1995",FALSE,0,0,43,FALSE
" 28","David Benoit","SF",0.619,"UTA",0.866,0.817,0.521,0.276,0.27,0.648,0.095,0.13,0.33,0.257,0.266,0.523,0.576,0.175,0.162,0.841,0.184,0.27,0.241,0.05,0.183,0.125,0.162,0.493,0.261,"1995",FALSE,0,0,60,FALSE
" 30","Mookie Blaylock","PG",0.643,"ATL",0.976,0.976,0.869,0.492,0.551,0.567,0.495,0.626,0.359,0.323,0.363,0.482,0.564,0.206,0.22,0.729,0.224,0.274,0.257,0.529,0.813,0.069,0.522,0.442,0.485,"1995",FALSE,0,0,42,FALSE
" 31","Corie Blount","PF",0.619,"CHI",0.829,0.11,0.252,0.097,0.097,0.635,0,0.002,0,0.104,0.117,0.481,0.529,0.05,0.069,0.567,0.205,0.132,0.157,0.052,0.106,0.088,0.127,0.394,0.084,"1995",FALSE,0,0,47,FALSE
" 32","Muggsy Bogues","PG",0.714,"CHH",0.951,0.951,0.744,0.337,0.336,0.636,0.015,0.034,0.2,0.356,0.395,0.489,0.534,0.212,0.185,0.889,0.098,0.205,0.168,0.58,0.419,0,0.284,0.407,0.304,"1995",FALSE,0,0,50,FALSE
" 35","Anthony Bonner","PF",0.619,"NYK",0.707,0.28,0.319,0.085,0.089,0.608,0.002,0.006,0.2,0.091,0.106,0.463,0.51,0.058,0.069,0.657,0.216,0.148,0.171,0.069,0.195,0.061,0.17,0.429,0.078,"1995",FALSE,0,0,55,FALSE
" 36","Anthony Bowie","SG",0.738,"ORL",0.939,0.049,0.357,0.171,0.17,0.64,0.03,0.045,0.3,0.172,0.186,0.502,0.551,0.081,0.075,0.836,0.103,0.084,0.091,0.137,0.191,0.056,0.185,0.372,0.151,"1995",FALSE,0,0,57,FALSE
" 37","Sam Bowie","C",0.786,"LAL",0.817,0.122,0.347,0.114,0.123,0.589,0.005,0.012,0.182,0.121,0.144,0.453,0.496,0.09,0.092,0.764,0.138,0.214,0.188,0.101,0.085,0.213,0.196,0.491,0.108,"1995",FALSE,0,0,48,FALSE
" 38","Shawn Bradley","C",0.524,"PHI",1,0.72,0.669,0.305,0.319,0.607,0,0.003,0,0.328,0.389,0.457,0.506,0.196,0.239,0.638,0.465,0.413,0.431,0.046,0.22,0.729,0.306,0.911,0.275,"1995",FALSE,0,0,24,FALSE
" 39","Terrell Brandon","PG",0.571,"CLE",0.817,0.5,0.555,0.33,0.351,0.597,0.119,0.137,0.397,0.305,0.362,0.457,0.532,0.21,0.191,0.855,0.067,0.15,0.122,0.312,0.435,0.037,0.31,0.318,0.314,"1995",FALSE,0,0,43,FALSE
" 40","Tim Breaux","SF",0.571,"HOU",0.512,0.024,0.096,0.044,0.056,0.496,0.015,0.028,0.24,0.041,0.054,0.406,0.441,0.042,0.05,0.653,0.031,0.018,0.022,0.013,0.045,0.011,0.034,0.067,0.045,"1995",FALSE,0,0,47,FALSE
" 42","Chucky Brown","SF",0.619,"HOU",0.5,0.171,0.23,0.102,0.08,0.804,0.002,0.003,0.333,0.108,0.096,0.608,0.673,0.05,0.064,0.613,0.122,0.124,0.124,0.026,0.045,0.037,0.062,0.283,0.088,"1995",FALSE,0,0,47,FALSE
" 43","Dee Brown","SG",0.619,"BOS",0.963,0.841,0.79,0.423,0.45,0.596,0.313,0.369,0.385,0.324,0.367,0.478,0.569,0.312,0.285,0.852,0.12,0.185,0.163,0.259,0.447,0.13,0.315,0.488,0.436,"1995",FALSE,0,0,35,FALSE
" 44","Mike Brown","C",0.738,"MIN",0.329,0,0.06,0.01,0.018,0.333,0,0.001,0,0.01,0.022,0.256,0.278,0.02,0.028,0.556,0.017,0.036,0.029,0.009,0.028,0,0.034,0.094,0.012,"1995",FALSE,0,0,21,FALSE
" 45","P.J. Brown","C",0.595,"NJN",0.976,0.768,0.698,0.246,0.262,0.595,0.01,0.027,0.167,0.26,0.308,0.458,0.499,0.184,0.213,0.671,0.34,0.307,0.318,0.116,0.28,0.359,0.172,0.706,0.23,"1995",FALSE,0,0,30,FALSE
" 46","Randy Brown","PG",0.619,"SAC",0.817,0.024,0.307,0.12,0.132,0.576,0.035,0.053,0.298,0.114,0.135,0.458,0.507,0.073,0.084,0.671,0.046,0.083,0.071,0.114,0.402,0.051,0.168,0.412,0.112,"1995",FALSE,0,0,39,FALSE
" 47","Mark Bryant","PF",0.69,"POR",0.598,0,0.186,0.098,0.088,0.701,0.002,0.002,0.5,0.104,0.107,0.526,0.588,0.054,0.065,0.651,0.105,0.105,0.105,0.024,0.077,0.043,0.084,0.294,0.086,"1995",FALSE,0,0,44,FALSE
" 48","Jud Buechler","SF",0.619,"CHI",0.695,0,0.171,0.087,0.084,0.656,0.037,0.054,0.313,0.078,0.076,0.556,0.592,0.029,0.04,0.564,0.069,0.062,0.064,0.043,0.098,0.032,0.065,0.173,0.077,"1995",FALSE,0,0,47,FALSE
" 49","Scott Burrell","SF",0.571,"CHH",0.793,0.756,0.57,0.268,0.273,0.623,0.239,0.265,0.409,0.188,0.202,0.506,0.609,0.132,0.148,0.694,0.184,0.27,0.241,0.138,0.305,0.106,0.183,0.504,0.265,"1995",FALSE,0,0,50,FALSE
" 50","Willie Burton","SF",0.619,"PHI",0.646,0.378,0.443,0.235,0.279,0.535,0.264,0.31,0.385,0.143,0.187,0.414,0.542,0.291,0.275,0.824,0.094,0.114,0.107,0.082,0.13,0.051,0.263,0.45,0.287,"1995",FALSE,0,0,24,FALSE
" 51","Mitchell Butler","SG",0.571,"WSB",0.927,0.061,0.44,0.207,0.234,0.561,0.114,0.159,0.326,0.175,0.207,0.458,0.519,0.163,0.19,0.665,0.082,0.126,0.111,0.078,0.248,0.027,0.228,0.418,0.211,"1995",FALSE,0,0,21,FALSE
" 52","Michael Cage","C",0.786,"CLE",1,0.256,0.577,0.171,0.156,0.695,0,0.002,0,0.184,0.191,0.524,0.579,0.07,0.091,0.602,0.388,0.358,0.369,0.048,0.248,0.178,0.121,0.402,0.144,"1995",FALSE,0,0,43,FALSE
" 54","Elden Campbell","PF",0.619,"LAL",0.89,0.72,0.588,0.348,0.361,0.612,0,0.001,0,0.375,0.442,0.459,0.51,0.255,0.298,0.666,0.321,0.275,0.291,0.079,0.28,0.351,0.211,0.663,0.322,"1995",FALSE,0,0,48,FALSE
" 55","Tony Campbell","SF",0.762,"CLE",0.951,0,0.319,0.156,0.18,0.548,0.037,0.047,0.357,0.152,0.197,0.417,0.478,0.175,0.164,0.83,0.115,0.092,0.1,0.059,0.13,0.021,0.14,0.329,0.166,"1995",FALSE,0,0,43,FALSE
" 56","Antoine Carr","C",0.786,"UTA",0.951,0.049,0.475,0.28,0.251,0.708,0.002,0.005,0.25,0.301,0.306,0.533,0.591,0.218,0.207,0.821,0.155,0.183,0.173,0.058,0.098,0.181,0.188,0.682,0.263,"1995",FALSE,0,0,60,FALSE
" 58","Sam Cassell","PG",0.595,"HOU",1,0.012,0.533,0.245,0.273,0.569,0.157,0.216,0.33,0.198,0.227,0.473,0.533,0.283,0.261,0.843,0.073,0.172,0.138,0.348,0.382,0.037,0.36,0.563,0.276,"1995",FALSE,0,0,47,FALSE
" 59","Duane Causwell","C",0.619,"SAC",0.707,0.293,0.232,0.074,0.068,0.689,0,0.001,0,0.079,0.082,0.521,0.574,0.075,0.101,0.582,0.109,0.116,0.114,0.013,0.057,0.213,0.071,0.394,0.074,"1995",FALSE,0,0,39,FALSE
" 60","Cedric Ceballos","SF",0.595,"LAL",0.707,0.659,0.574,0.481,0.45,0.679,0.144,0.165,0.397,0.457,0.469,0.528,0.598,0.276,0.3,0.716,0.323,0.293,0.303,0.09,0.244,0.051,0.308,0.353,0.445,"1995",FALSE,0,0.001,48,TRUE
" 61","Tom Chambers","PF",0.833,"UTA",0.988,0.049,0.351,0.189,0.197,0.609,0.01,0.027,0.167,0.199,0.227,0.474,0.512,0.144,0.139,0.807,0.126,0.146,0.139,0.063,0.102,0.08,0.112,0.466,0.178,"1995",FALSE,0,0,60,FALSE
" 62","Rex Chapman","SG",0.643,"WSB",0.549,0.354,0.416,0.246,0.294,0.529,0.214,0.309,0.314,0.175,0.206,0.46,0.517,0.181,0.164,0.862,0.044,0.089,0.074,0.11,0.272,0.04,0.134,0.229,0.258,"1995",FALSE,0,0,21,FALSE
" 63","Calbert Cheaney","SG",0.548,"WSB",0.951,0.866,0.75,0.495,0.52,0.604,0.239,0.319,0.339,0.433,0.477,0.492,0.551,0.229,0.219,0.812,0.201,0.214,0.21,0.152,0.325,0.056,0.325,0.58,0.457,"1995",FALSE,0,0,21,FALSE
" 64","Pete Chilcutt","PF",0.619,"HOU",0.829,0.207,0.381,0.141,0.151,0.593,0.087,0.097,0.407,0.116,0.136,0.459,0.553,0.041,0.043,0.738,0.203,0.21,0.207,0.057,0.102,0.114,0.131,0.315,0.126,"1995",FALSE,0,0,47,FALSE
" 65","Chris Childs","PG",0.643,"NJN",0.646,0.134,0.289,0.103,0.128,0.507,0.102,0.141,0.328,0.068,0.087,0.422,0.503,0.073,0.075,0.753,0.027,0.055,0.045,0.188,0.171,0.008,0.164,0.313,0.109,"1995",FALSE,0,0,30,FALSE
" 66","Doug Christie","SG",0.571,"NYK",0.146,0,0.022,0.005,0.01,0.303,0.002,0.008,0.143,0.004,0.008,0.267,0.278,0.005,0.005,0.8,0.006,0.01,0.008,0.007,0.008,0.003,0.028,0.049,0.005,"1995",FALSE,0,0,55,FALSE
" 67","Derrick Coleman","PF",0.643,"NJN",0.683,0.659,0.595,0.359,0.403,0.565,0.07,0.135,0.233,0.357,0.426,0.454,0.489,0.497,0.504,0.767,0.319,0.421,0.386,0.161,0.142,0.25,0.371,0.437,0.405,"1995",FALSE,0,0,30,FALSE
" 68","Bimbo Coles","PG",0.619,"MIA",0.829,0.793,0.625,0.252,0.279,0.573,0.04,0.086,0.211,0.255,0.299,0.461,0.492,0.187,0.179,0.81,0.088,0.144,0.125,0.357,0.402,0.035,0.336,0.499,0.24,"1995",FALSE,0,0,32,FALSE
" 69","Steve Colter","PG",0.762,"CLE",0.695,0.085,0.213,0.065,0.078,0.528,0.02,0.04,0.229,0.061,0.076,0.44,0.467,0.071,0.073,0.761,0.025,0.046,0.039,0.087,0.122,0.016,0.078,0.143,0.069,"1995",FALSE,0,0,43,FALSE
" 70","Marty Conlon","C",0.643,"MIL",1,0.037,0.584,0.333,0.298,0.709,0.02,0.033,0.276,0.35,0.349,0.544,0.598,0.157,0.2,0.613,0.306,0.264,0.278,0.095,0.171,0.048,0.265,0.588,0.288,"1995",FALSE,0,0,34,FALSE
" 72","Tyrone Corbin","SF",0.762,"ATL",0.988,0.049,0.393,0.198,0.214,0.589,0.035,0.063,0.25,0.199,0.23,0.468,0.508,0.103,0.117,0.684,0.187,0.163,0.171,0.058,0.224,0.043,0.159,0.434,0.177,"1995",FALSE,0,0,42,FALSE
" 73","John Crotty","PG",0.595,"UTA",0.976,0,0.288,0.09,0.106,0.537,0.027,0.041,0.306,0.085,0.11,0.421,0.473,0.13,0.124,0.81,0.052,0.07,0.063,0.176,0.159,0.016,0.151,0.283,0.104,"1995",FALSE,0,0,60,FALSE
" 74","Corey Crowder","SF",0.595,"SAS",0.085,0,0.008,0.002,0.005,0.267,0,0.005,0,0.002,0.003,0.333,0.222,0.003,0.006,0.333,0.002,0.002,0.002,0.001,0.004,0,0.004,0.003,0.002,"1995",FALSE,0,0,62,FALSE
" 77","Dell Curry","SG",0.714,"CHH",0.841,0,0.486,0.332,0.358,0.588,0.383,0.407,0.427,0.197,0.235,0.453,0.6,0.126,0.114,0.856,0.078,0.126,0.11,0.097,0.224,0.048,0.211,0.388,0.33,"1995",FALSE,0,0,50,FALSE
" 81","Dale Davis","PF",0.595,"IND",0.902,0.854,0.664,0.313,0.265,0.751,0,0.001,0,0.337,0.324,0.563,0.626,0.183,0.266,0.533,0.495,0.434,0.455,0.05,0.293,0.309,0.267,0.598,0.278,"1995",FALSE,0,0,52,FALSE
" 82","Hubert Davis","SG",0.571,"NYK",1,0.049,0.48,0.286,0.284,0.64,0.326,0.325,0.455,0.172,0.186,0.502,0.651,0.128,0.123,0.808,0.057,0.079,0.072,0.129,0.142,0.029,0.188,0.394,0.29,"1995",FALSE,0,0,55,FALSE
" 83","Terry Davis","PF",0.643,"DAL",0.561,0.024,0.164,0.047,0.052,0.579,0,0.002,0,0.051,0.063,0.441,0.482,0.056,0.068,0.636,0.12,0.092,0.102,0.009,0.024,0.008,0.065,0.205,0.049,"1995",FALSE,0,0,36,FALSE
" 84","Johnny Dawkins","PG",0.738,"DET",0.61,0.11,0.331,0.121,0.124,0.617,0.062,0.082,0.342,0.104,0.111,0.508,0.566,0.066,0.057,0.909,0.054,0.084,0.074,0.176,0.211,0.003,0.185,0.199,0.115,"1995",FALSE,0,0,28,FALSE
" 85","Tony Dawson","SF",0.643,"BOS",0.024,0,0.004,0.003,0.004,0.5,0.002,0.003,0.333,0.002,0.003,0.4,0.487,0.001,0.001,1,0,0.003,0.002,0.001,0,0,0.004,0.011,0.003,"1995",FALSE,0,0,35,FALSE
" 86","Todd Day","SG",0.595,"MIL",1,0.988,0.769,0.43,0.483,0.565,0.405,0.472,0.39,0.293,0.356,0.447,0.558,0.34,0.351,0.754,0.182,0.225,0.21,0.115,0.423,0.168,0.338,0.763,0.463,"1995",FALSE,0,0,34,FALSE
" 87","Terry Dehere","PG",0.548,"LAC",0.976,0.341,0.502,0.27,0.315,0.543,0.119,0.184,0.294,0.24,0.294,0.443,0.491,0.303,0.3,0.784,0.067,0.116,0.099,0.193,0.183,0.019,0.338,0.539,0.295,"1995",FALSE,0,0,17,FALSE
" 88","Vinny Del Negro","SG",0.667,"SAS",0.915,0.866,0.668,0.36,0.353,0.648,0.164,0.183,0.407,0.318,0.341,0.507,0.588,0.169,0.167,0.79,0.054,0.163,0.125,0.194,0.248,0.037,0.121,0.482,0.331,"1995",FALSE,0,0,62,FALSE
" 90","Vlade Divac","C",0.619,"LAL",0.976,0.976,0.795,0.469,0.44,0.676,0.025,0.06,0.189,0.494,0.51,0.525,0.569,0.393,0.393,0.777,0.499,0.564,0.542,0.283,0.443,0.463,0.442,0.822,0.451,"1995",FALSE,0,0,48,FALSE
" 92","Sherman Douglas","PG",0.667,"BOS",0.793,0.524,0.58,0.353,0.354,0.633,0.05,0.093,0.244,0.359,0.387,0.502,0.542,0.27,0.305,0.689,0.092,0.121,0.111,0.383,0.325,0.005,0.349,0.41,0.337,"1995",FALSE,0,0,35,FALSE
" 95","Kevin Duckworth","C",0.714,"WSB",0.488,0.268,0.232,0.114,0.123,0.589,0.005,0.011,0.2,0.121,0.145,0.451,0.496,0.06,0.072,0.643,0.124,0.129,0.127,0.017,0.085,0.064,0.127,0.296,0.1,"1995",FALSE,0,0,21,FALSE
" 96","Chris Dudley","C",0.69,"POR",1,1,0.635,0.175,0.205,0.541,0,0.001,0,0.188,0.251,0.407,0.451,0.112,0.188,0.464,0.621,0.436,0.499,0.029,0.175,0.335,0.175,0.771,0.158,"1995",FALSE,0,0,44,FALSE
" 97","Joe Dumars","SG",0.738,"DET",0.817,0.817,0.72,0.403,0.446,0.573,0.256,0.381,0.305,0.327,0.356,0.497,0.537,0.366,0.354,0.805,0.09,0.11,0.103,0.316,0.293,0.019,0.472,0.412,0.429,"1995",FALSE,0,0,28,FALSE
" 98","Richard Dumas","SF",0.595,"PHO",0.183,0.012,0.047,0.036,0.034,0.676,0,0.001,0,0.039,0.041,0.514,0.563,0.011,0.016,0.5,0.034,0.011,0.019,0.006,0.041,0.005,0.019,0.059,0.029,"1995",FALSE,0,0,59,FALSE
" 99","Tony Dumas","SG",0.524,"DAL",0.707,0,0.174,0.093,0.115,0.512,0.055,0.082,0.301,0.077,0.1,0.418,0.476,0.066,0.079,0.649,0.061,0.03,0.041,0.049,0.053,0.011,0.108,0.21,0.093,"1995",FALSE,0,0,36,FALSE
"100","Pat Durham","SF",0.643,"MIN",0.72,0.024,0.241,0.113,0.109,0.659,0.012,0.029,0.192,0.117,0.119,0.531,0.56,0.083,0.099,0.656,0.071,0.057,0.061,0.046,0.146,0.085,0.097,0.307,0.107,"1995",FALSE,0,0,21,FALSE
"101","Ledell Eackles","SG",0.667,"MIA",0.659,0.073,0.254,0.138,0.15,0.585,0.045,0.046,0.439,0.13,0.161,0.439,0.518,0.12,0.13,0.722,0.063,0.062,0.062,0.062,0.077,0.005,0.114,0.237,0.139,"1995",FALSE,0,0,32,FALSE
"104","Doug Edwards","PF",0.571,"ATL",0.463,0,0.06,0.021,0.022,0.611,0,0.001,0,0.023,0.027,0.468,0.509,0.03,0.033,0.719,0.036,0.029,0.031,0.011,0.02,0.011,0.047,0.081,0.024,"1995",FALSE,0,0,42,FALSE
"106","Kevin Edwards","SG",0.69,"NJN",0.171,0.171,0.132,0.067,0.071,0.597,0.045,0.051,0.4,0.053,0.061,0.468,0.562,0.053,0.043,0.952,0.019,0.027,0.024,0.023,0.077,0.013,0.075,0.113,0.069,"1995",FALSE,0,0,30,FALSE
"107","Craig Ehlo","SG",0.786,"ATL",0.598,0,0.33,0.185,0.194,0.604,0.127,0.151,0.381,0.146,0.162,0.486,0.57,0.058,0.073,0.62,0.105,0.091,0.096,0.097,0.187,0.016,0.157,0.232,0.168,"1995",FALSE,0,0,42,FALSE
"109","Mario Elie","SF",0.738,"HOU",0.988,0.159,0.537,0.235,0.224,0.665,0.199,0.227,0.398,0.17,0.161,0.57,0.646,0.19,0.176,0.842,0.096,0.145,0.128,0.162,0.264,0.032,0.224,0.426,0.251,"1995",FALSE,0,0,47,FALSE
"110","Sean Elliott","SF",0.619,"SAS",0.988,0.988,0.809,0.485,0.493,0.624,0.338,0.376,0.408,0.381,0.417,0.495,0.591,0.431,0.416,0.807,0.12,0.222,0.188,0.177,0.317,0.101,0.325,0.582,0.518,"1995",FALSE,0,0,62,FALSE
"111","Dale Ellis","SF",0.81,"DEN",0.988,0.037,0.565,0.339,0.356,0.604,0.264,0.297,0.403,0.255,0.288,0.479,0.58,0.146,0.131,0.866,0.107,0.165,0.145,0.049,0.15,0.024,0.175,0.383,0.324,"1995",FALSE,0,0,41,FALSE
"112","Harold Ellis","SF",0.571,"LAC",0.841,0.085,0.186,0.088,0.087,0.641,0.002,0.015,0.077,0.094,0.099,0.511,0.538,0.091,0.12,0.59,0.107,0.032,0.058,0.034,0.272,0.032,0.106,0.275,0.089,"1995",FALSE,0,0,17,FALSE
"114","Pervis Ellison","C",0.643,"BOS",0.671,0.134,0.307,0.147,0.138,0.676,0,0.002,0,0.158,0.168,0.51,0.563,0.094,0.102,0.717,0.237,0.184,0.202,0.029,0.089,0.144,0.164,0.482,0.132,"1995",FALSE,0,0,35,FALSE
"115","Jo Jo English","SG",0.571,"CHI",0.098,0,0.036,0.015,0.018,0.513,0.007,0.014,0.25,0.012,0.015,0.444,0.47,0.013,0.013,0.769,0.002,0.002,0.002,0.006,0.028,0.003,0.013,0.051,0.015,"1995",FALSE,0,0,47,FALSE
"116","Patrick Ewing","C",0.762,"NYK",0.963,0.963,0.826,0.706,0.668,0.671,0.015,0.024,0.286,0.753,0.807,0.506,0.561,0.556,0.576,0.75,0.3,0.705,0.567,0.182,0.276,0.423,0.552,0.733,0.666,"1995",FALSE,2,0.219,55,TRUE
"117","Duane Ferrell","SF",0.69,"IND",0.683,0.012,0.172,0.08,0.08,0.64,0.002,0.007,0.167,0.085,0.094,0.491,0.537,0.085,0.087,0.753,0.096,0.038,0.058,0.027,0.106,0.016,0.093,0.213,0.082,"1995",FALSE,0,0,52,FALSE
"118","Danny Ferry","PF",0.667,"CLE",1,0.073,0.365,0.216,0.23,0.595,0.234,0.263,0.403,0.134,0.151,0.483,0.6,0.098,0.086,0.881,0.057,0.112,0.093,0.082,0.11,0.059,0.127,0.353,0.217,"1995",FALSE,0,0,43,FALSE
"119","Matt Fish","C",0.595,"LAC",0.317,0.098,0.105,0.047,0.047,0.635,0,0.001,0,0.051,0.058,0.48,0.529,0.033,0.038,0.676,0.061,0.052,0.055,0.015,0.065,0.019,0.06,0.189,0.043,"1995",FALSE,0,0,17,FALSE
"120","Vern Fleming","PG",0.762,"IND",0.671,0.012,0.194,0.09,0.087,0.66,0,0.008,0,0.097,0.102,0.514,0.55,0.086,0.093,0.722,0.038,0.068,0.058,0.094,0.11,0.003,0.093,0.216,0.089,"1995",FALSE,0,0,52,FALSE
"121","Sleepy Floyd","SG",0.81,"NJN",0.585,0.012,0.235,0.069,0.098,0.447,0.062,0.099,0.284,0.048,0.07,0.371,0.438,0.04,0.044,0.698,0.015,0.046,0.035,0.108,0.053,0.016,0.11,0.197,0.07,"1995",FALSE,0,0,30,FALSE
"122","Alphonso Ford","SG",0.548,"PHI",0.061,0,0.028,0.009,0.018,0.308,0,0.01,0,0.009,0.017,0.3,0.257,0.001,0.002,0.5,0.015,0.012,0.013,0.008,0.004,0,0.017,0.013,0.007,"1995",FALSE,0,0,24,FALSE
"124","Rick Fox","SF",0.595,"BOS",0.646,0.085,0.294,0.163,0.162,0.641,0.077,0.085,0.413,0.144,0.156,0.5,0.584,0.126,0.127,0.772,0.117,0.093,0.101,0.119,0.211,0.051,0.168,0.415,0.164,"1995",FALSE,0,0,35,FALSE
"125","Corey Gaines","SG",0.69,"PHI",0.134,0.098,0.079,0.023,0.023,0.628,0.005,0.017,0.133,0.023,0.02,0.611,0.544,0.007,0.011,0.455,0.002,0.017,0.012,0.028,0.033,0.003,0.03,0.062,0.019,"1995",FALSE,0,0,24,FALSE
"126","Kevin Gamble","SF",0.69,"MIA",0.939,0,0.346,0.213,0.207,0.652,0.097,0.111,0.398,0.188,0.199,0.514,0.591,0.115,0.114,0.784,0.055,0.092,0.08,0.102,0.211,0.027,0.106,0.35,0.2,"1995",FALSE,0,0,32,FALSE
"127","Winston Garland","PG",0.714,"MIN",0.89,0.707,0.547,0.164,0.189,0.553,0.047,0.085,0.253,0.157,0.189,0.451,0.487,0.118,0.115,0.795,0.092,0.119,0.11,0.273,0.289,0.035,0.226,0.496,0.158,"1995",FALSE,0,0,21,FALSE
"128","Chris Gatling","PF",0.643,"GSW",0.707,0.268,0.416,0.313,0.236,0.844,0,0.001,0,0.337,0.288,0.634,0.703,0.196,0.257,0.592,0.275,0.297,0.29,0.044,0.159,0.138,0.252,0.496,0.281,"1995",FALSE,0,0,26,FALSE
"129","Kenny Gattison","PF",0.714,"CHH",0.256,0,0.116,0.045,0.046,0.627,0,0.001,0,0.049,0.056,0.475,0.522,0.041,0.052,0.608,0.04,0.054,0.049,0.015,0.028,0.04,0.047,0.173,0.044,"1995",FALSE,0,0,50,FALSE
"130","Matt Geiger","C",0.595,"MIA",0.902,0.524,0.485,0.251,0.223,0.715,0.01,0.011,0.4,0.266,0.268,0.539,0.6,0.123,0.147,0.65,0.279,0.265,0.27,0.047,0.167,0.136,0.244,0.66,0.218,"1995",FALSE,0,0,32,FALSE
"131","Tate George","SG",0.619,"MIL",0.037,0,0.002,0.001,0.001,0.444,0,0.001,0,0.001,0.001,0.5,0.37,0.003,0.002,1,0.002,0,0.001,0,0,0,0.004,0.003,0.001,"1995",FALSE,0,0,34,FALSE
"132","Kendall Gill","SG",0.619,"SEA",0.89,0.707,0.601,0.379,0.395,0.609,0.157,0.193,0.368,0.342,0.387,0.479,0.549,0.205,0.215,0.742,0.189,0.19,0.19,0.165,0.476,0.074,0.297,0.501,0.354,"1995",FALSE,0,0,57,FALSE
"133","Armen Gilliam","PF",0.714,"NJN",1,0.366,0.7,0.44,0.416,0.671,0,0.002,0,0.473,0.509,0.504,0.559,0.399,0.403,0.77,0.367,0.418,0.401,0.085,0.272,0.237,0.328,0.461,0.428,"1995",FALSE,0,0,30,FALSE
"134","Greg Graham","SG",0.571,"PHI",0.61,0.085,0.219,0.092,0.103,0.568,0.015,0.032,0.214,0.093,0.11,0.456,0.488,0.073,0.075,0.753,0.036,0.043,0.041,0.057,0.118,0.016,0.103,0.205,0.089,"1995",FALSE,0,0,24,FALSE
"136","Brian Grant","PF",0.524,"SAC",0.976,0.72,0.648,0.399,0.372,0.681,0.002,0.005,0.25,0.429,0.454,0.512,0.568,0.306,0.373,0.636,0.396,0.388,0.391,0.085,0.199,0.309,0.351,0.744,0.374,"1995",FALSE,0,0,39,FALSE
"137","Gary Grant","PG",0.69,"LAC",0.402,0.024,0.133,0.075,0.076,0.627,0.01,0.018,0.25,0.077,0.085,0.493,0.536,0.06,0.057,0.818,0.015,0.027,0.023,0.08,0.118,0.008,0.095,0.178,0.072,"1995",FALSE,0,0,17,FALSE
"138","Greg Grant","PG",0.667,"DEN",0.171,0,0.043,0.01,0.015,0.404,0.005,0.008,0.286,0.008,0.015,0.308,0.37,0.012,0.012,0.75,0.004,0.007,0.006,0.037,0.024,0.005,0.03,0.054,0.011,"1995",FALSE,0,0,41,FALSE
"139","Harvey Grant","PF",0.69,"POR",0.915,0.171,0.501,0.277,0.286,0.615,0.02,0.029,0.308,0.289,0.336,0.467,0.519,0.136,0.15,0.705,0.197,0.18,0.186,0.07,0.228,0.141,0.134,0.439,0.241,"1995",FALSE,0,0,44,FALSE
"140","Horace Grant","PF",0.69,"ORL",0.902,0.902,0.762,0.388,0.325,0.756,0,0.009,0,0.417,0.394,0.574,0.63,0.193,0.217,0.692,0.426,0.489,0.467,0.149,0.309,0.234,0.183,0.547,0.335,"1995",FALSE,0,0,57,FALSE
"141","Jeff Grayer","SG",0.69,"PHI",0.573,0.305,0.311,0.158,0.175,0.571,0.012,0.017,0.333,0.164,0.206,0.432,0.482,0.077,0.085,0.699,0.111,0.09,0.097,0.064,0.11,0.011,0.121,0.216,0.137,"1995",FALSE,0,0,24,FALSE
"142","A.C. Green","SF",0.738,"PHO",1,0.634,0.761,0.301,0.284,0.672,0.107,0.143,0.339,0.279,0.276,0.547,0.599,0.332,0.353,0.732,0.371,0.472,0.437,0.109,0.224,0.082,0.246,0.394,0.323,"1995",FALSE,0,0,59,FALSE
"144","Andres Guibert","PF",0.619,"MIN",0.207,0,0.047,0.015,0.022,0.453,0,0.005,0,0.017,0.024,0.372,0.378,0.017,0.02,0.684,0.031,0.029,0.029,0.009,0.033,0.003,0.026,0.078,0.016,"1995",FALSE,0,0,21,FALSE
"145","Jack Haley","PF",0.738,"SAS",0.378,0,0.033,0.025,0.028,0.568,0,0.001,0,0.027,0.034,0.433,0.473,0.028,0.033,0.656,0.015,0.019,0.018,0.002,0.012,0.013,0.028,0.084,0.026,"1995",FALSE,0,0,62,FALSE
"147","Tom Hammonds","PF",0.643,"DEN",0.854,0.061,0.271,0.134,0.12,0.713,0,0.001,0,0.145,0.146,0.537,0.594,0.175,0.182,0.746,0.105,0.166,0.145,0.031,0.045,0.037,0.121,0.356,0.145,"1995",FALSE,0,0,41,FALSE
"148","Darrin Hancock","SF",0.548,"CHH",0.561,0.085,0.12,0.066,0.056,0.749,0.002,0.003,0.333,0.07,0.067,0.568,0.629,0.021,0.04,0.41,0.027,0.039,0.035,0.026,0.077,0.011,0.065,0.129,0.054,"1995",FALSE,0,0,50,FALSE
"149","Anfernee Hardaway","PG",0.548,"ORL",0.939,0.939,0.821,0.566,0.526,0.683,0.216,0.281,0.349,0.518,0.504,0.558,0.611,0.471,0.476,0.769,0.266,0.196,0.22,0.473,0.528,0.069,0.556,0.426,0.57,"1995",FALSE,0,0.022,57,TRUE
"150","Tim Hardaway","PG",0.667,"GSW",0.756,0.756,0.657,0.416,0.463,0.569,0.418,0.501,0.378,0.273,0.318,0.465,0.567,0.29,0.296,0.76,0.088,0.143,0.124,0.497,0.358,0.032,0.461,0.418,0.44,"1995",FALSE,0,0,26,FALSE
"151","Jerome Harmon","SG",0.595,"PHI",0.122,0,0.045,0.02,0.024,0.528,0.002,0.001,1,0.021,0.029,0.385,0.451,0.004,0.006,0.5,0.017,0.014,0.015,0.01,0.037,0,0.015,0.032,0.016,"1995",FALSE,0,0,24,FALSE
"152","Derek Harper","PG",0.786,"NYK",0.976,0.976,0.769,0.326,0.348,0.595,0.264,0.33,0.363,0.24,0.262,0.498,0.573,0.184,0.198,0.724,0.059,0.162,0.127,0.393,0.321,0.027,0.325,0.59,0.325,"1995",FALSE,0,0,55,FALSE
"153","Ron Harper","SG",0.738,"CHI",0.939,0.646,0.435,0.202,0.226,0.568,0.077,0.124,0.282,0.185,0.215,0.467,0.508,0.107,0.135,0.618,0.098,0.128,0.118,0.135,0.394,0.072,0.216,0.356,0.187,"1995",FALSE,0,0,47,FALSE
"154","Lucious Harris","SG",0.571,"DAL",0.963,0.378,0.48,0.271,0.281,0.612,0.137,0.16,0.387,0.234,0.264,0.481,0.56,0.18,0.175,0.8,0.163,0.134,0.144,0.113,0.236,0.037,0.166,0.283,0.265,"1995",FALSE,0,0,36,FALSE
"155","Tony Harris","SG",0.643,"BOS",0.037,0,0.005,0.003,0.004,0.5,0,0.001,0,0.003,0.004,0.429,0.417,0.011,0.009,0.889,0,0,0,0,0,0,0.002,0.005,0.005,"1995",FALSE,0,0,35,FALSE
"156","Antonio Harvey","PF",0.571,"LAL",0.72,0.098,0.162,0.074,0.081,0.584,0.002,0.001,1,0.079,0.099,0.434,0.489,0.032,0.046,0.533,0.075,0.063,0.067,0.02,0.061,0.109,0.054,0.235,0.063,"1995",FALSE,0,0,48,FALSE
"157","Hersey Hawkins","SG",0.667,"CHH",1,1,0.773,0.377,0.372,0.643,0.326,0.336,0.44,0.27,0.288,0.507,0.626,0.345,0.31,0.867,0.115,0.252,0.205,0.225,0.496,0.048,0.323,0.48,0.414,"1995",FALSE,0,0,50,FALSE
"158","Steve Henson","PG",0.619,"POR",0.451,0,0.108,0.036,0.04,0.573,0.057,0.059,0.442,0.015,0.019,0.412,0.627,0.029,0.026,0.88,0.006,0.023,0.017,0.073,0.037,0,0.065,0.14,0.042,"1995",FALSE,0,0,44,FALSE
"159","Carl Herrera","PF",0.667,"HOU",0.744,0.317,0.377,0.165,0.15,0.697,0,0.002,0,0.178,0.183,0.526,0.581,0.097,0.12,0.624,0.187,0.179,0.182,0.038,0.163,0.101,0.153,0.367,0.147,"1995",FALSE,0,0,47,FALSE
"160","Rod Higgins","SF",0.833,"GSW",0.061,0.024,0.013,0.003,0.006,0.333,0.002,0.007,0.167,0.002,0.003,0.333,0.324,0.004,0.004,0.75,0.008,0.003,0.005,0.003,0.004,0.003,0.002,0.019,0.004,"1995",FALSE,0,0,26,FALSE
"161","Sean Higgins","SF",0.619,"NJN",0.695,0.085,0.208,0.102,0.126,0.513,0.057,0.088,0.295,0.085,0.11,0.421,0.474,0.046,0.041,0.875,0.048,0.052,0.05,0.025,0.041,0.024,0.075,0.251,0.095,"1995",FALSE,0,0,30,FALSE
"162","Grant Hill","SF",0.524,"DET",0.854,0.841,0.758,0.491,0.49,0.636,0.01,0.03,0.148,0.524,0.585,0.486,0.532,0.495,0.526,0.732,0.239,0.318,0.291,0.303,0.504,0.165,0.435,0.547,0.492,"1995",FALSE,0,0,28,FALSE
"163","Tyrone Hill","C",0.619,"CLE",0.854,0.817,0.678,0.338,0.319,0.672,0,0.001,0,0.364,0.391,0.505,0.56,0.348,0.408,0.662,0.514,0.493,0.5,0.047,0.224,0.109,0.325,0.66,0.34,"1995",FALSE,0,0,43,FALSE
"164","Donald Hodge","C",0.595,"DAL",0.659,0,0.179,0.08,0.094,0.543,0.01,0.016,0.286,0.082,0.107,0.416,0.463,0.052,0.052,0.765,0.076,0.081,0.08,0.035,0.041,0.037,0.084,0.288,0.074,"1995",FALSE,0,0,36,FALSE
"165","Jeff Hornacek","SG",0.738,"UTA",0.988,0.988,0.763,0.466,0.431,0.685,0.221,0.247,0.406,0.409,0.405,0.547,0.624,0.376,0.331,0.882,0.101,0.156,0.137,0.298,0.524,0.045,0.312,0.488,0.472,"1995",FALSE,0,0,60,FALSE
"166","Robert Horry","PF",0.571,"HOU",0.78,0.744,0.587,0.232,0.247,0.596,0.214,0.256,0.379,0.16,0.175,0.497,0.586,0.114,0.116,0.761,0.155,0.241,0.212,0.186,0.382,0.202,0.263,0.434,0.23,"1995",FALSE,0,0,47,FALSE
"167","Allan Houston","SG",0.548,"DET",0.927,0.476,0.565,0.385,0.395,0.617,0.393,0.421,0.424,0.25,0.274,0.494,0.617,0.194,0.176,0.86,0.055,0.137,0.109,0.141,0.248,0.037,0.244,0.491,0.389,"1995",FALSE,0,0,28,FALSE
"168","Byron Houston","PF",0.595,"SEA",0.476,0,0.073,0.047,0.049,0.611,0.015,0.025,0.273,0.045,0.048,0.506,0.54,0.037,0.039,0.737,0.038,0.035,0.036,0.005,0.053,0.013,0.043,0.135,0.047,"1995",FALSE,0,0,57,FALSE
"170","Juwan Howard","PF",0.5,"WSB",0.793,0.634,0.665,0.44,0.428,0.652,0,0.008,0,0.473,0.521,0.492,0.543,0.257,0.3,0.664,0.352,0.358,0.356,0.142,0.211,0.04,0.358,0.636,0.39,"1995",FALSE,0,0,21,FALSE
"172","Lindsey Hunter","PG",0.571,"DET",0.512,0.317,0.267,0.115,0.146,0.499,0.09,0.122,0.333,0.086,0.118,0.395,0.479,0.053,0.057,0.727,0.046,0.051,0.049,0.137,0.207,0.019,0.17,0.253,0.111,"1995",FALSE,0,0,28,FALSE
"173","Bobby Hurley","PG",0.548,"SAC",0.829,0.073,0.313,0.1,0.131,0.484,0.052,0.086,0.276,0.085,0.117,0.394,0.444,0.077,0.078,0.763,0.027,0.056,0.046,0.194,0.118,0,0.237,0.213,0.101,"1995",FALSE,0,0,39,FALSE
"174","Jaren Jackson","SG",0.643,"PHI",0.256,0.012,0.073,0.024,0.031,0.491,0.01,0.017,0.267,0.022,0.03,0.396,0.441,0.021,0.025,0.667,0.034,0.024,0.027,0.016,0.037,0.013,0.037,0.089,0.025,"1995",FALSE,0,0,24,FALSE
"175","Jim Jackson","SG",0.571,"DAL",0.622,0.622,0.561,0.468,0.472,0.629,0.087,0.124,0.318,0.467,0.517,0.49,0.543,0.405,0.391,0.805,0.229,0.139,0.17,0.164,0.114,0.032,0.345,0.248,0.462,"1995",FALSE,0,0,36,FALSE
"176","Mark Jackson","PG",0.69,"IND",1,0.817,0.68,0.231,0.26,0.563,0.067,0.098,0.31,0.221,0.27,0.443,0.496,0.157,0.157,0.778,0.14,0.231,0.2,0.529,0.427,0.043,0.453,0.399,0.22,"1995",FALSE,0,0,52,FALSE
"177","Keith Jennings","PG",0.619,"GSW",0.976,0.293,0.487,0.184,0.196,0.596,0.187,0.23,0.368,0.12,0.125,0.52,0.594,0.177,0.157,0.876,0.05,0.121,0.097,0.32,0.386,0.005,0.259,0.358,0.208,"1995",FALSE,0,0,26,FALSE
"178","Avery Johnson","PG",0.69,"SAS",1,1,0.852,0.433,0.397,0.692,0.007,0.025,0.136,0.463,0.474,0.529,0.579,0.267,0.303,0.685,0.094,0.158,0.136,0.576,0.463,0.035,0.446,0.415,0.389,"1995",FALSE,0,0,62,FALSE
"179","Ervin Johnson","C",0.643,"SEA",0.78,0.366,0.257,0.082,0.088,0.591,0,0.001,0,0.088,0.108,0.445,0.492,0.038,0.047,0.63,0.193,0.187,0.189,0.014,0.069,0.178,0.116,0.439,0.07,"1995",FALSE,0,0,57,FALSE
"180","Kevin Johnson","PG",0.667,"PHO",0.573,0.427,0.383,0.238,0.241,0.627,0.01,0.029,0.154,0.252,0.28,0.487,0.527,0.31,0.297,0.81,0.061,0.082,0.075,0.309,0.191,0.048,0.226,0.237,0.258,"1995",FALSE,0,0,59,FALSE
"181","Larry Johnson","PF",0.595,"CHH",0.988,0.988,0.915,0.566,0.561,0.64,0.201,0.237,0.386,0.524,0.569,0.5,0.57,0.362,0.364,0.774,0.363,0.392,0.382,0.317,0.317,0.074,0.446,0.469,0.538,"1995",FALSE,0,0,50,FALSE
"182","Askia Jones","SG",0.548,"MIN",0.134,0,0.039,0.015,0.02,0.455,0.005,0.014,0.167,0.014,0.018,0.406,0.404,0.017,0.016,0.813,0.011,0.005,0.007,0.014,0.024,0,0.019,0.051,0.016,"1995",FALSE,0,0,21,FALSE
"184","Eddie Jones","SG",0.548,"LAL",0.78,0.707,0.561,0.331,0.342,0.613,0.226,0.278,0.37,0.261,0.281,0.504,0.579,0.161,0.174,0.722,0.151,0.169,0.163,0.11,0.533,0.109,0.162,0.472,0.317,"1995",FALSE,0,0,48,FALSE
"185","Popeye Jones","PF",0.571,"DAL",0.976,0.976,0.675,0.36,0.386,0.591,0.002,0.014,0.083,0.386,0.466,0.449,0.493,0.106,0.128,0.645,0.629,0.511,0.552,0.14,0.142,0.072,0.267,0.72,0.291,"1995",FALSE,0,0,36,FALSE
"186","Michael Jordan","SG",0.738,"CHI",0.207,0.207,0.189,0.161,0.186,0.548,0.04,0.036,0.5,0.156,0.21,0.403,0.479,0.144,0.14,0.801,0.048,0.091,0.076,0.077,0.122,0.035,0.075,0.127,0.161,"1995",FALSE,0,0.011,47,TRUE
"188","Shawn Kemp","PF",0.595,"SEA",1,0.963,0.758,0.527,0.459,0.729,0.005,0.008,0.286,0.565,0.558,0.548,0.609,0.579,0.602,0.749,0.608,0.571,0.584,0.128,0.415,0.324,0.558,0.908,0.54,"1995",FALSE,0,0,57,FALSE
"189","Steve Kerr","PG",0.69,"CHI",1,0,0.521,0.252,0.228,0.703,0.221,0.192,0.524,0.179,0.183,0.529,0.686,0.083,0.083,0.778,0.038,0.098,0.078,0.13,0.179,0.008,0.103,0.307,0.238,"1995",FALSE,0,0,47,FALSE
"190","Jerome Kersey","SF",0.762,"POR",0.768,0,0.324,0.196,0.225,0.553,0.017,0.03,0.259,0.204,0.261,0.424,0.469,0.126,0.128,0.766,0.178,0.162,0.167,0.07,0.211,0.093,0.138,0.466,0.179,"1995",FALSE,0,0,44,FALSE
"191","Randolph Keys","SF",0.667,"LAL",0.073,0,0.023,0.009,0.012,0.461,0,0.01,0,0.009,0.01,0.529,0.384,0.003,0.002,1,0.011,0.011,0.011,0.002,0.004,0.005,0.004,0.043,0.007,"1995",FALSE,0,0,48,FALSE
"192","Jason Kidd","PG",0.5,"DAL",0.963,0.963,0.755,0.319,0.394,0.513,0.174,0.29,0.272,0.271,0.338,0.433,0.473,0.254,0.283,0.698,0.291,0.276,0.281,0.521,0.614,0.064,0.539,0.394,0.326,"1995",FALSE,0,0.007,36,TRUE
"194","Stacey King","PF",0.667,"MIN",0.61,0.122,0.224,0.096,0.098,0.623,0,0.001,0,0.103,0.119,0.469,0.519,0.09,0.105,0.667,0.103,0.11,0.108,0.022,0.098,0.053,0.138,0.34,0.094,"1995",FALSE,0,0,21,FALSE
"196","Joe Kleine","C",0.786,"PHO",0.915,0.512,0.274,0.115,0.122,0.599,0,0.002,0,0.124,0.148,0.452,0.499,0.056,0.05,0.857,0.157,0.176,0.169,0.034,0.057,0.048,0.075,0.469,0.099,"1995",FALSE,0,0,59,FALSE
"198","Jon Koncak","C",0.738,"ATL",0.756,0.244,0.267,0.074,0.086,0.549,0.03,0.041,0.333,0.068,0.085,0.43,0.493,0.017,0.025,0.542,0.044,0.16,0.12,0.045,0.146,0.122,0.043,0.369,0.063,"1995",FALSE,0,0,42,FALSE
"200","Toni Kukoc","SF",0.619,"CHI",0.988,0.671,0.731,0.471,0.445,0.672,0.154,0.223,0.313,0.442,0.434,0.553,0.596,0.311,0.323,0.748,0.296,0.283,0.288,0.32,0.415,0.043,0.356,0.439,0.449,"1995",FALSE,0,0,47,FALSE
"201","Christian Laettner","C",0.595,"MIN",0.988,0.976,0.784,0.435,0.423,0.652,0.032,0.045,0.325,0.455,0.496,0.497,0.551,0.541,0.514,0.818,0.314,0.446,0.401,0.201,0.411,0.231,0.485,0.814,0.467,"1995",FALSE,0,0,21,FALSE
"202","Andrew Lang","C",0.667,"ATL",1,0.768,0.662,0.309,0.312,0.631,0.005,0.003,0.667,0.331,0.38,0.472,0.527,0.201,0.193,0.809,0.294,0.3,0.298,0.062,0.183,0.383,0.233,0.73,0.28,"1995",FALSE,0,0,42,FALSE
"204","Eric Leckner","C",0.667,"DET",0.695,0.134,0.176,0.084,0.076,0.703,0,0.002,0,0.091,0.092,0.534,0.586,0.067,0.074,0.708,0.09,0.126,0.114,0.012,0.061,0.04,0.084,0.329,0.079,"1995",FALSE,0,0,28,FALSE
"205","Doug Lee","SG",0.714,"SAC",0.268,0,0.021,0.009,0.012,0.48,0.017,0.02,0.389,0.002,0.004,0.286,0.556,0.024,0.022,0.857,0,0.005,0.003,0.004,0.024,0.008,0.011,0.049,0.015,"1995",FALSE,0,0,39,FALSE
"206","Tim Legler","SG",0.667,"GSW",0.293,0,0.105,0.058,0.053,0.696,0.065,0.056,0.52,0.035,0.037,0.523,0.706,0.04,0.035,0.882,0.023,0.028,0.026,0.023,0.049,0.003,0.043,0.089,0.062,"1995",FALSE,0,0,26,FALSE
"207","Jim Les","PG",0.738,"ATL",0.293,0,0.053,0.011,0.017,0.385,0.012,0.026,0.217,0.006,0.008,0.4,0.394,0.03,0.028,0.852,0.011,0.02,0.017,0.038,0.016,0,0.045,0.075,0.018,"1995",FALSE,0,0,42,FALSE
"208","Cliff Levingston","PF",0.81,"DEN",0.695,0,0.133,0.053,0.06,0.564,0,0.001,0,0.057,0.073,0.426,0.47,0.025,0.046,0.422,0.094,0.074,0.081,0.023,0.053,0.053,0.045,0.245,0.046,"1995",FALSE,0,0,41,FALSE
"209","Alton Lister","C",0.857,"MIL",0.732,0.39,0.22,0.064,0.062,0.657,0,0.001,0,0.069,0.075,0.496,0.548,0.046,0.072,0.5,0.128,0.168,0.154,0.01,0.065,0.152,0.082,0.394,0.059,"1995",FALSE,0,0,34,FALSE
"210","Brad Lohaus","PF",0.714,"MIA",0.744,0.012,0.207,0.094,0.106,0.56,0.157,0.175,0.406,0.035,0.043,0.447,0.618,0.013,0.015,0.667,0.054,0.073,0.067,0.037,0.081,0.066,0.062,0.229,0.094,"1995",FALSE,0,0,32,FALSE
"212","Luc Longley","C",0.619,"CHI",0.671,0,0.283,0.131,0.139,0.596,0,0.002,0,0.14,0.169,0.45,0.497,0.116,0.11,0.822,0.157,0.18,0.172,0.063,0.098,0.12,0.185,0.477,0.126,"1995",FALSE,0,0,47,FALSE
"213","Ryan Lorthridge","SG",0.524,"GSW",0.451,0.024,0.19,0.103,0.103,0.633,0.007,0.016,0.214,0.107,0.118,0.493,0.536,0.075,0.091,0.648,0.046,0.047,0.046,0.087,0.114,0.003,0.123,0.113,0.096,"1995",FALSE,0,0,26,FALSE
"214","George Lynch","SF",0.571,"LAL",0.683,0.183,0.27,0.133,0.136,0.624,0.007,0.024,0.143,0.14,0.155,0.493,0.526,0.082,0.088,0.721,0.143,0.108,0.12,0.053,0.207,0.027,0.157,0.232,0.12,"1995",FALSE,0,0,48,FALSE
"215","Don MacLean","PF",0.595,"WSB",0.476,0.244,0.298,0.153,0.166,0.584,0.025,0.045,0.25,0.154,0.181,0.461,0.502,0.138,0.14,0.765,0.088,0.118,0.108,0.044,0.061,0.008,0.095,0.261,0.152,"1995",FALSE,0,0,21,FALSE
"216","Mark Macon","SG",0.595,"DET",0.671,0.073,0.204,0.098,0.122,0.508,0.05,0.07,0.323,0.084,0.114,0.399,0.466,0.071,0.07,0.794,0.055,0.047,0.05,0.054,0.272,0.003,0.088,0.261,0.097,"1995",FALSE,0,0,28,FALSE
"217","Gerald Madkins","SG",0.595,"CLE",0.085,0,0.008,0.002,0.003,0.444,0.002,0.002,0.5,0.001,0.002,0.25,0.463,0.004,0.004,0.75,0,0,0,0.001,0.008,0,0.006,0.005,0.003,"1995",FALSE,0,0,43,FALSE
"218","Rick Mahorn","PF",0.857,"NJN",0.707,0.085,0.178,0.076,0.069,0.697,0.002,0.003,0.333,0.081,0.083,0.527,0.584,0.052,0.05,0.796,0.086,0.116,0.106,0.022,0.045,0.032,0.073,0.251,0.07,"1995",FALSE,0,0,30,FALSE
"219","Dan Majerle","SF",0.69,"PHO",1,0.561,0.875,0.424,0.474,0.567,0.495,0.619,0.363,0.249,0.272,0.495,0.579,0.272,0.29,0.73,0.199,0.269,0.245,0.292,0.39,0.101,0.226,0.418,0.452,"1995",FALSE,0,0,59,FALSE
"220","Jeff Malone","SG",0.786,"PHI",0.232,0.232,0.187,0.139,0.131,0.676,0.027,0.032,0.393,0.138,0.144,0.52,0.584,0.067,0.061,0.864,0.021,0.044,0.036,0.025,0.061,0,0.062,0.094,0.124,"1995",FALSE,0,0,24,FALSE
"221","Karl Malone","PF",0.738,"UTA",1,1,0.885,0.803,0.712,0.715,0.027,0.046,0.268,0.852,0.85,0.543,0.6,0.683,0.715,0.742,0.298,0.71,0.569,0.245,0.524,0.226,0.509,0.725,0.772,"1995",FALSE,14,0.507,60,TRUE
"222","Moses Malone","C",0.929,"SAS",0.207,0,0.042,0.013,0.016,0.495,0.002,0.002,0.5,0.012,0.019,0.364,0.429,0.029,0.033,0.688,0.038,0.026,0.03,0.005,0.008,0.008,0.024,0.04,0.017,"1995",FALSE,0,0,62,FALSE
"223","Danny Manning","PF",0.667,"PHO",0.561,0.232,0.427,0.329,0.286,0.729,0.015,0.024,0.286,0.348,0.339,0.556,0.612,0.18,0.208,0.673,0.185,0.178,0.18,0.132,0.167,0.152,0.261,0.474,0.29,"1995",FALSE,0,0,59,FALSE
"224","Sarunas Marciulionis","SG",0.714,"SEA",0.805,0.049,0.338,0.209,0.21,0.631,0.087,0.098,0.402,0.188,0.209,0.489,0.568,0.192,0.204,0.732,0.033,0.051,0.044,0.095,0.293,0.008,0.211,0.34,0.216,"1995",FALSE,0,0,57,FALSE
"227","Darrick Martin","PG",0.548,"MIN",0.415,0.11,0.227,0.092,0.107,0.544,0.017,0.043,0.184,0.092,0.11,0.451,0.47,0.075,0.067,0.877,0.027,0.05,0.042,0.114,0.138,0,0.134,0.237,0.09,"1995",FALSE,0,0,21,FALSE
"228","Jamal Mashburn","SF",0.524,"DAL",0.976,0.976,0.843,0.661,0.721,0.581,0.281,0.388,0.328,0.593,0.689,0.466,0.524,0.591,0.622,0.739,0.222,0.214,0.216,0.256,0.333,0.021,0.506,0.512,0.68,"1995",FALSE,0,0,36,FALSE
"229","Anthony Mason","PF",0.667,"NYK",0.939,0.134,0.706,0.278,0.233,0.755,0,0.001,0,0.299,0.285,0.567,0.629,0.253,0.307,0.641,0.348,0.465,0.425,0.206,0.28,0.056,0.265,0.682,0.27,"1995",FALSE,0,0,55,FALSE
"230","Tony Massenburg","C",0.643,"LAC",0.976,0.61,0.602,0.273,0.277,0.625,0,0.003,0,0.293,0.337,0.472,0.521,0.234,0.242,0.753,0.306,0.293,0.297,0.058,0.195,0.154,0.254,0.682,0.262,"1995",FALSE,0,0,17,FALSE
"231","Vernon Maxwell","SG",0.69,"HOU",0.78,0.659,0.577,0.296,0.358,0.525,0.356,0.498,0.324,0.17,0.19,0.485,0.54,0.131,0.148,0.688,0.034,0.145,0.107,0.235,0.305,0.035,0.295,0.423,0.302,"1995",FALSE,0,0,47,FALSE
"232","Lee Mayberry","PG",0.571,"MIL",1,0.61,0.494,0.166,0.188,0.563,0.179,0.2,0.407,0.104,0.13,0.433,0.567,0.077,0.085,0.699,0.04,0.061,0.054,0.237,0.207,0.011,0.228,0.332,0.167,"1995",FALSE,0,0,34,FALSE
"233","George McCloud","SF",0.643,"DAL",0.512,0.037,0.227,0.139,0.151,0.585,0.085,0.1,0.382,0.114,0.135,0.46,0.546,0.106,0.099,0.833,0.157,0.065,0.096,0.046,0.093,0.024,0.086,0.191,0.142,"1995",FALSE,0,0,36,FALSE
"234","Xavier McDaniel","SF",0.738,"BOS",0.829,0.183,0.405,0.238,0.251,0.601,0.015,0.024,0.286,0.25,0.296,0.457,0.507,0.118,0.129,0.712,0.18,0.205,0.196,0.093,0.122,0.053,0.192,0.394,0.207,"1995",FALSE,0,0,35,FALSE
"236","Derrick McKey","SF",0.667,"IND",0.988,0.988,0.794,0.397,0.383,0.657,0.08,0.1,0.36,0.394,0.42,0.509,0.57,0.292,0.306,0.744,0.239,0.267,0.258,0.237,0.508,0.13,0.362,0.701,0.38,"1995",FALSE,0,0,52,FALSE
"237","Aaron McKie","SG",0.524,"POR",0.549,0.244,0.234,0.112,0.12,0.592,0.027,0.032,0.393,0.109,0.131,0.451,0.518,0.066,0.075,0.685,0.067,0.093,0.084,0.076,0.146,0.043,0.084,0.261,0.103,"1995",FALSE,0,0,44,FALSE
"238","Nate McMillan","PG",0.714,"SEA",0.976,0.22,0.586,0.161,0.183,0.557,0.132,0.175,0.342,0.118,0.136,0.467,0.539,0.045,0.06,0.586,0.124,0.235,0.197,0.362,0.671,0.141,0.272,0.741,0.148,"1995",FALSE,0,0,57,FALSE
"240","Anthony Miller","PF",0.548,"LAL",0.561,0.012,0.149,0.068,0.061,0.707,0.005,0.006,0.4,0.071,0.072,0.535,0.598,0.062,0.078,0.618,0.128,0.084,0.099,0.03,0.081,0.019,0.082,0.208,0.067,"1995",FALSE,0,0,48,FALSE
"241","Oliver Miller","PF",0.571,"DET",0.78,0.268,0.441,0.224,0.192,0.74,0.007,0.015,0.231,0.238,0.228,0.565,0.621,0.103,0.128,0.629,0.31,0.311,0.31,0.08,0.244,0.309,0.248,0.585,0.192,"1995",FALSE,0,0,28,FALSE
"242","Reggie Miller","SG",0.69,"IND",0.988,0.988,0.754,0.488,0.503,0.616,0.485,0.53,0.415,0.323,0.351,0.498,0.613,0.507,0.439,0.897,0.057,0.179,0.137,0.208,0.398,0.043,0.325,0.423,0.561,"1995",FALSE,0,0,52,FALSE
"243","Chris Mills","SF",0.595,"CLE",0.976,0.963,0.796,0.347,0.393,0.56,0.234,0.271,0.392,0.276,0.347,0.431,0.528,0.23,0.219,0.817,0.189,0.265,0.239,0.132,0.24,0.093,0.259,0.652,0.348,"1995",FALSE,0,0,43,FALSE
"244","Terry Mills","PF",0.643,"DET",0.878,0.841,0.712,0.403,0.429,0.596,0.271,0.322,0.382,0.32,0.365,0.475,0.561,0.231,0.225,0.799,0.237,0.431,0.365,0.137,0.276,0.088,0.31,0.682,0.395,"1995",FALSE,0,0,28,FALSE
"245","Harold Miner","PG",0.548,"MIA",0.549,0.195,0.247,0.119,0.14,0.537,0.035,0.055,0.286,0.113,0.144,0.426,0.473,0.091,0.098,0.726,0.073,0.078,0.076,0.059,0.061,0.016,0.166,0.229,0.116,"1995",FALSE,0,0,32,FALSE
"246","Greg Minor","SG",0.548,"BOS",0.768,0.098,0.267,0.15,0.139,0.687,0.005,0.014,0.167,0.159,0.163,0.529,0.576,0.086,0.08,0.833,0.094,0.087,0.09,0.057,0.13,0.043,0.095,0.24,0.133,"1995",FALSE,0,0,35,FALSE
"247","Sam Mitchell","SF",0.738,"IND",0.988,0.146,0.39,0.194,0.19,0.649,0.002,0.011,0.1,0.208,0.227,0.496,0.542,0.167,0.179,0.724,0.182,0.147,0.159,0.052,0.175,0.053,0.116,0.555,0.187,"1995",FALSE,0,0,52,FALSE
"248","Eric Mobley","C",0.571,"MIL",0.561,0.317,0.166,0.075,0.061,0.788,0.005,0.002,1,0.079,0.073,0.585,0.664,0.029,0.046,0.489,0.105,0.097,0.1,0.018,0.033,0.072,0.052,0.17,0.064,"1995",FALSE,0,0,34,FALSE
"249","Eric Montross","C",0.548,"BOS",0.951,0.915,0.655,0.297,0.265,0.712,0,0.001,0,0.319,0.324,0.535,0.593,0.221,0.271,0.635,0.375,0.367,0.37,0.031,0.118,0.162,0.241,0.806,0.276,"1995",FALSE,0,0,35,FALSE
"250","Chris Morris","SF",0.69,"NJN",0.866,0.598,0.603,0.339,0.394,0.547,0.264,0.358,0.334,0.255,0.304,0.455,0.524,0.188,0.201,0.728,0.346,0.219,0.263,0.126,0.35,0.136,0.252,0.418,0.335,"1995",FALSE,0,0,30,FALSE
"251","Dwayne Morton","PG",0.548,"GSW",0.5,0.073,0.112,0.048,0.059,0.517,0.022,0.028,0.36,0.043,0.059,0.394,0.469,0.077,0.087,0.682,0.04,0.037,0.038,0.015,0.045,0.04,0.058,0.121,0.059,"1995",FALSE,0,0,26,FALSE
"252","Alonzo Mourning","C",0.571,"CHH",0.939,0.939,0.832,0.552,0.507,0.692,0.027,0.038,0.324,0.583,0.602,0.525,0.582,0.648,0.663,0.761,0.382,0.557,0.497,0.095,0.199,0.598,0.519,0.741,0.58,"1995",FALSE,0,0,50,FALSE
"253","Chris Mullin","SF",0.738,"GSW",0.305,0.28,0.252,0.164,0.16,0.652,0.104,0.105,0.452,0.133,0.144,0.502,0.61,0.124,0.11,0.879,0.048,0.089,0.075,0.107,0.154,0.051,0.2,0.143,0.168,"1995",FALSE,0,0,26,FALSE
"254","Eric Murdock","PG",0.619,"MIL",0.915,0.39,0.611,0.327,0.375,0.553,0.224,0.271,0.375,0.258,0.324,0.432,0.523,0.279,0.275,0.79,0.092,0.165,0.14,0.414,0.459,0.032,0.418,0.375,0.345,"1995",FALSE,0,0,34,FALSE
"256","Lamond Murray","SF",0.5,"LAC",0.988,0.744,0.723,0.425,0.503,0.536,0.162,0.246,0.298,0.389,0.494,0.427,0.479,0.263,0.272,0.754,0.252,0.22,0.231,0.114,0.293,0.146,0.351,0.485,0.403,"1995",FALSE,0,0,17,FALSE
"259","Pete Myers","SG",0.738,"CHI",0.866,0.171,0.359,0.115,0.132,0.553,0.025,0.044,0.256,0.113,0.14,0.44,0.48,0.093,0.117,0.614,0.109,0.081,0.091,0.127,0.236,0.04,0.19,0.337,0.112,"1995",FALSE,0,0,47,FALSE
"261","Johnny Newman","SF",0.738,"MIL",1,0.134,0.537,0.219,0.225,0.617,0.112,0.144,0.352,0.188,0.203,0.503,0.566,0.181,0.176,0.801,0.138,0.1,0.113,0.078,0.28,0.035,0.185,0.631,0.224,"1995",FALSE,0,0,34,FALSE
"262","Ken Norman","SF",0.714,"ATL",0.902,0.329,0.532,0.375,0.394,0.604,0.244,0.322,0.344,0.302,0.322,0.508,0.568,0.085,0.144,0.457,0.197,0.257,0.237,0.081,0.138,0.053,0.207,0.415,0.331,"1995",FALSE,0,0,42,FALSE
"264","Shaquille O'Neal","C",0.524,"ORL",0.963,0.963,0.827,0.899,0.734,0.777,0,0.006,0,0.968,0.896,0.585,0.648,0.602,0.879,0.533,0.627,0.569,0.589,0.184,0.297,0.511,0.44,0.695,0.817,"1995",FALSE,12,0.576,57,TRUE
"265","Charles Oakley","PF",0.738,"NYK",0.61,0.598,0.444,0.186,0.181,0.652,0.007,0.014,0.25,0.197,0.215,0.496,0.547,0.157,0.154,0.793,0.296,0.288,0.291,0.108,0.244,0.019,0.222,0.482,0.179,"1995",FALSE,0,0,55,FALSE
"266","Hakeem Olajuwon","C",0.762,"HOU",0.878,0.878,0.808,0.772,0.711,0.689,0.007,0.018,0.188,0.827,0.862,0.52,0.574,0.537,0.552,0.756,0.329,0.599,0.507,0.219,0.541,0.644,0.511,0.674,0.708,"1995",FALSE,1,0.14,47,TRUE
"268","Bo Outlaw","PF",0.548,"LAC",0.988,0.378,0.468,0.164,0.15,0.697,0,0.006,0,0.177,0.18,0.531,0.581,0.108,0.191,0.441,0.231,0.191,0.205,0.072,0.366,0.402,0.168,0.612,0.149,"1995",FALSE,0,0,17,FALSE
"269","Doug Overton","PG",0.595,"WSB",1,0.244,0.482,0.2,0.229,0.555,0.132,0.141,0.424,0.16,0.21,0.413,0.521,0.144,0.129,0.872,0.05,0.116,0.093,0.211,0.215,0.005,0.224,0.34,0.203,"1995",FALSE,0,0,21,FALSE
"270","Billy Owens","SG",0.595,"MIA",0.854,0.732,0.65,0.39,0.377,0.655,0.005,0.025,0.091,0.417,0.45,0.503,0.548,0.257,0.322,0.62,0.388,0.297,0.328,0.211,0.325,0.08,0.44,0.553,0.354,"1995",FALSE,0,0,32,FALSE
"271","Robert Pack","PG",0.595,"DEN",0.512,0.39,0.324,0.164,0.182,0.573,0.075,0.081,0.417,0.146,0.182,0.433,0.52,0.181,0.18,0.783,0.036,0.093,0.074,0.249,0.248,0.016,0.289,0.272,0.179,"1995",FALSE,0,0,41,FALSE
"273","Gary Payton","PG",0.619,"SEA",1,1,0.853,0.662,0.619,0.679,0.174,0.262,0.302,0.64,0.628,0.553,0.594,0.329,0.358,0.716,0.207,0.172,0.184,0.501,0.829,0.035,0.433,0.555,0.596,"1995",FALSE,0,0.032,57,TRUE
"274","Anthony Peeler","SG",0.595,"LAL",0.89,0.293,0.441,0.276,0.303,0.576,0.209,0.244,0.389,0.209,0.25,0.454,0.551,0.135,0.132,0.797,0.119,0.105,0.11,0.105,0.211,0.035,0.177,0.385,0.267,"1995",FALSE,0,0,48,FALSE
"276","Will Perdue","C",0.69,"CHI",0.951,0.951,0.451,0.246,0.211,0.737,0,0.001,0,0.264,0.258,0.555,0.614,0.149,0.2,0.582,0.403,0.309,0.341,0.077,0.106,0.149,0.25,0.593,0.219,"1995",FALSE,0,0,47,FALSE
"277","Sam Perkins","C",0.786,"SEA",1,0.451,0.667,0.335,0.341,0.621,0.338,0.387,0.397,0.219,0.225,0.526,0.62,0.284,0.277,0.799,0.184,0.3,0.26,0.116,0.293,0.12,0.166,0.501,0.368,"1995",FALSE,0,0,57,FALSE
"278","Elliot Perry","PG",0.595,"PHO",1,0.622,0.56,0.296,0.271,0.693,0.062,0.068,0.417,0.292,0.298,0.532,0.602,0.209,0.201,0.81,0.098,0.099,0.099,0.338,0.634,0.011,0.351,0.383,0.281,"1995",FALSE,0,0,59,FALSE
"279","Tim Perry","PF",0.69,"PHI",0.512,0.012,0.126,0.026,0.036,0.461,0,0.016,0,0.028,0.036,0.422,0.384,0.029,0.041,0.55,0.073,0.051,0.058,0.01,0.041,0.04,0.045,0.137,0.027,"1995",FALSE,0,0,24,FALSE
"280","Chuck Person","SF",0.714,"SAS",0.988,0.012,0.575,0.307,0.345,0.564,0.428,0.502,0.387,0.151,0.172,0.475,0.597,0.087,0.105,0.647,0.094,0.208,0.169,0.091,0.183,0.032,0.22,0.534,0.308,"1995",FALSE,0,0,62,FALSE
"281","Wesley Person","SG",0.548,"PHO",0.951,0.683,0.509,0.299,0.294,0.645,0.289,0.3,0.436,0.201,0.21,0.519,0.639,0.106,0.104,0.792,0.128,0.133,0.131,0.09,0.195,0.064,0.17,0.402,0.287,"1995",FALSE,0,0,59,FALSE
"283","Bobby Phills","SG",0.595,"CLE",0.976,0.963,0.708,0.327,0.376,0.552,0.047,0.062,0.345,0.332,0.429,0.419,0.473,0.242,0.242,0.779,0.172,0.174,0.173,0.155,0.467,0.066,0.244,0.555,0.31,"1995",FALSE,0,0,43,FALSE
"284","Eric Piatkowski","SG",0.571,"LAC",0.988,0.134,0.342,0.194,0.21,0.588,0.184,0.223,0.374,0.132,0.146,0.492,0.58,0.119,0.118,0.783,0.12,0.07,0.087,0.066,0.15,0.04,0.136,0.404,0.2,"1995",FALSE,0,0,17,FALSE
"285","Ricky Pierce","PG",0.833,"GSW",0.329,0.073,0.19,0.107,0.117,0.583,0.057,0.079,0.329,0.092,0.104,0.478,0.536,0.123,0.109,0.877,0.023,0.052,0.042,0.034,0.089,0.005,0.052,0.102,0.119,"1995",FALSE,0,0,26,FALSE
"287","Scottie Pippen","SF",0.69,"CHI",0.963,0.963,0.853,0.613,0.607,0.64,0.271,0.357,0.345,0.546,0.566,0.523,0.58,0.417,0.453,0.716,0.335,0.461,0.418,0.351,0.943,0.237,0.584,0.642,0.597,"1995",FALSE,1,0.079,47,TRUE
"288","Olden Polynice","C",0.714,"SAC",0.988,0.988,0.717,0.364,0.318,0.725,0.002,0.001,1,0.39,0.389,0.543,0.606,0.164,0.2,0.639,0.53,0.445,0.474,0.053,0.195,0.138,0.244,0.642,0.31,"1995",FALSE,0,0,39,FALSE
"289","Terry Porter","PG",0.738,"POR",0.427,0.11,0.218,0.102,0.123,0.524,0.109,0.129,0.386,0.063,0.086,0.399,0.529,0.077,0.084,0.707,0.034,0.063,0.053,0.114,0.122,0.005,0.125,0.162,0.11,"1995",FALSE,0,0,44,FALSE
"290","Mark Price","PG",0.714,"CLE",0.585,0.415,0.389,0.245,0.282,0.551,0.256,0.286,0.407,0.156,0.202,0.418,0.553,0.196,0.167,0.914,0.048,0.086,0.073,0.288,0.142,0.011,0.306,0.135,0.267,"1995",FALSE,0,0,43,FALSE
"292","Dino Radja","PF",0.643,"BOS",0.805,0.585,0.608,0.435,0.423,0.653,0,0.001,0,0.468,0.518,0.49,0.544,0.308,0.316,0.759,0.285,0.421,0.375,0.095,0.244,0.229,0.343,0.625,0.4,"1995",FALSE,0,0,35,FALSE
"295","Eldridge Recasner","SG",0.643,"DEN",0.037,0,0.004,0.001,0.003,0.223,0,0.001,0,0.001,0.003,0.2,0.186,0.005,0.004,1,0,0.002,0.001,0.001,0.012,0,0.004,0,0.002,"1995",FALSE,0,0,41,FALSE
"296","Khalid Reeves","PG",0.524,"MIA",0.817,0.207,0.414,0.199,0.214,0.591,0.167,0.193,0.392,0.145,0.166,0.473,0.572,0.185,0.202,0.714,0.099,0.133,0.122,0.247,0.313,0.027,0.284,0.375,0.219,"1995",FALSE,0,0,32,FALSE
"297","J.R. Reid","PF",0.619,"SAS",0.988,0.451,0.443,0.194,0.182,0.677,0.002,0.002,0.5,0.208,0.222,0.508,0.566,0.212,0.24,0.687,0.229,0.271,0.257,0.047,0.244,0.085,0.244,0.62,0.199,"1995",FALSE,0,0,62,FALSE
"298","Glen Rice","SF",0.643,"MIA",1,1,0.853,0.645,0.646,0.633,0.46,0.509,0.41,0.502,0.537,0.506,0.601,0.413,0.376,0.855,0.189,0.277,0.247,0.165,0.455,0.037,0.33,0.547,0.647,"1995",FALSE,0,0,32,FALSE
"299","Pooh Richardson","PG",0.667,"LAC",0.976,0.939,0.811,0.341,0.413,0.525,0.216,0.275,0.357,0.277,0.368,0.407,0.491,0.107,0.129,0.648,0.073,0.221,0.171,0.543,0.524,0.032,0.369,0.588,0.309,"1995",FALSE,0,0,17,FALSE
"300","Mitch Richmond","SG",0.69,"SAC",1,1,0.898,0.646,0.689,0.595,0.388,0.479,0.368,0.533,0.605,0.477,0.553,0.496,0.458,0.843,0.132,0.286,0.233,0.267,0.37,0.077,0.504,0.612,0.659,"1995",FALSE,0,0,39,FALSE
"301","Isaiah Rider","SG",0.548,"MIN",0.915,0.817,0.749,0.54,0.575,0.596,0.346,0.447,0.351,0.436,0.481,0.491,0.558,0.366,0.349,0.817,0.172,0.158,0.163,0.21,0.28,0.061,0.5,0.523,0.541,"1995",FALSE,0,0,21,FALSE
"302","Eric Riley","C",0.571,"LAC",0.488,0.049,0.123,0.063,0.067,0.597,0,0.001,0,0.068,0.081,0.451,0.498,0.062,0.066,0.734,0.086,0.067,0.073,0.009,0.069,0.093,0.067,0.21,0.062,"1995",FALSE,0,0,17,FALSE
"304","Fred Roberts","SF",0.81,"CLE",0.256,0,0.063,0.027,0.033,0.519,0.01,0.012,0.364,0.025,0.034,0.393,0.463,0.026,0.027,0.769,0.025,0.021,0.022,0.007,0.024,0.008,0.015,0.07,0.028,"1995",FALSE,0,0,43,FALSE
"305","Clifford Robinson","SF",0.667,"POR",0.915,0.89,0.771,0.577,0.607,0.603,0.353,0.432,0.371,0.473,0.528,0.486,0.562,0.351,0.393,0.694,0.291,0.269,0.276,0.17,0.321,0.218,0.341,0.647,0.565,"1995",FALSE,0,0,44,FALSE
"306","David Robinson","C",0.69,"SAS",0.988,0.988,0.87,0.762,0.684,0.707,0.015,0.023,0.3,0.814,0.827,0.533,0.591,0.868,0.871,0.774,0.447,0.639,0.573,0.203,0.545,0.697,0.502,0.62,0.79,"1995",TRUE,73,0.858,62,TRUE
"307","Glenn Robinson","SF",0.524,"MIL",0.976,0.927,0.837,0.615,0.649,0.601,0.214,0.302,0.321,0.572,0.644,0.482,0.536,0.525,0.513,0.796,0.323,0.342,0.335,0.169,0.467,0.059,0.675,0.631,0.62,"1995",FALSE,0,0,34,FALSE
"308","James Robinson","PG",0.571,"POR",0.866,0.305,0.436,0.247,0.287,0.545,0.189,0.252,0.341,0.186,0.226,0.446,0.522,0.086,0.113,0.591,0.08,0.089,0.086,0.155,0.195,0.035,0.274,0.383,0.23,"1995",FALSE,0,0,44,FALSE
"309","Dennis Rodman","PF",0.786,"SAS",0.598,0.317,0.444,0.132,0.11,0.761,0,0.002,0,0.143,0.134,0.576,0.634,0.099,0.114,0.676,0.524,0.545,0.538,0.083,0.126,0.061,0.211,0.429,0.123,"1995",FALSE,0,0.009,62,TRUE
"310","Carlos Rogers","C",0.548,"GSW",0.598,0.22,0.288,0.174,0.156,0.705,0.005,0.016,0.143,0.185,0.184,0.546,0.591,0.101,0.15,0.521,0.207,0.169,0.182,0.032,0.089,0.138,0.181,0.334,0.155,"1995",FALSE,0,0,26,FALSE
"311","Rodney Rogers","PF",0.548,"DEN",0.976,0.939,0.606,0.363,0.354,0.651,0.124,0.167,0.338,0.338,0.35,0.523,0.578,0.237,0.283,0.651,0.252,0.251,0.252,0.138,0.386,0.122,0.373,0.757,0.346,"1995",FALSE,0,0,41,FALSE
"313","Sean Rooks","C",0.595,"MIN",0.976,0.854,0.681,0.279,0.283,0.627,0,0.006,0,0.301,0.344,0.474,0.522,0.384,0.392,0.761,0.315,0.319,0.318,0.083,0.118,0.189,0.306,0.561,0.306,"1995",FALSE,0,0,21,FALSE
"314","Jalen Rose","SF",0.524,"DEN",0.988,0.451,0.509,0.22,0.23,0.605,0.09,0.129,0.316,0.199,0.218,0.495,0.544,0.229,0.241,0.739,0.109,0.159,0.142,0.334,0.264,0.059,0.345,0.555,0.234,"1995",FALSE,0,0,41,FALSE
"315","Donald Royal","SF",0.667,"ORL",0.854,0.829,0.521,0.199,0.2,0.633,0,0.005,0,0.214,0.243,0.479,0.528,0.295,0.308,0.746,0.159,0.195,0.182,0.17,0.183,0.043,0.269,0.42,0.224,"1995",FALSE,0,0,57,FALSE
"316","Clifford Rozier","C",0.524,"GSW",0.805,0.415,0.423,0.183,0.179,0.647,0.005,0.008,0.286,0.195,0.216,0.488,0.541,0.09,0.156,0.447,0.382,0.284,0.318,0.039,0.142,0.104,0.192,0.528,0.158,"1995",FALSE,0,0,26,FALSE
"317","Trevor Ruffin","PG",0.571,"PHO",0.598,0.012,0.09,0.081,0.091,0.568,0.095,0.112,0.384,0.048,0.055,0.469,0.581,0.036,0.039,0.711,0.015,0.015,0.015,0.041,0.057,0.005,0.101,0.14,0.082,"1995",FALSE,0,0,59,FALSE
"318","Bryon Russell","SF",0.571,"UTA",0.768,0.183,0.243,0.101,0.11,0.583,0.032,0.05,0.295,0.095,0.109,0.469,0.516,0.082,0.096,0.667,0.084,0.096,0.092,0.029,0.195,0.029,0.091,0.272,0.1,"1995",FALSE,0,0,60,FALSE
"320","Danny Schayes","C",0.833,"PHO",0.841,0.329,0.233,0.122,0.114,0.677,0.002,0.001,1,0.13,0.139,0.506,0.567,0.066,0.071,0.725,0.109,0.15,0.136,0.076,0.081,0.098,0.138,0.458,0.107,"1995",FALSE,0,0,59,FALSE
"323","Detlef Schrempf","SF",0.762,"SEA",1,1,0.817,0.504,0.459,0.697,0.231,0.204,0.514,0.445,0.46,0.525,0.632,0.578,0.536,0.839,0.258,0.37,0.332,0.266,0.378,0.093,0.379,0.679,0.555,"1995",FALSE,0,0,57,FALSE
"324","Byron Scott","PG",0.786,"IND",0.976,0.012,0.432,0.256,0.268,0.607,0.197,0.229,0.389,0.194,0.214,0.489,0.58,0.255,0.234,0.85,0.034,0.132,0.099,0.093,0.248,0.035,0.256,0.332,0.283,"1995",FALSE,0,0,52,FALSE
"325","Dennis Scott","SF",0.619,"ORL",0.756,0.122,0.424,0.274,0.297,0.585,0.373,0.397,0.426,0.138,0.165,0.454,0.617,0.114,0.117,0.754,0.048,0.12,0.095,0.113,0.183,0.037,0.123,0.321,0.283,"1995",FALSE,0,0,57,FALSE
"326","Malik Sealy","SG",0.571,"LAC",0.732,0.5,0.454,0.281,0.308,0.58,0.055,0.082,0.301,0.28,0.336,0.451,0.501,0.23,0.229,0.78,0.147,0.136,0.14,0.092,0.293,0.066,0.179,0.466,0.275,"1995",FALSE,0,0,17,FALSE
"329","Brian Shaw","PG",0.667,"ORL",0.951,0.11,0.52,0.186,0.227,0.519,0.119,0.208,0.261,0.15,0.175,0.465,0.486,0.093,0.098,0.737,0.099,0.188,0.158,0.349,0.297,0.048,0.397,0.496,0.177,"1995",FALSE,0,0,57,FALSE
"330","Lionel Simmons","SF",0.619,"SAC",0.707,0.037,0.301,0.127,0.144,0.56,0.015,0.018,0.375,0.13,0.167,0.422,0.477,0.078,0.086,0.702,0.117,0.134,0.128,0.076,0.114,0.061,0.151,0.318,0.115,"1995",FALSE,0,0,39,FALSE
"332","Scott Skiles","PG",0.714,"WSB",0.756,0.756,0.588,0.256,0.268,0.607,0.239,0.257,0.421,0.176,0.2,0.476,0.597,0.237,0.208,0.886,0.05,0.132,0.104,0.388,0.285,0.016,0.371,0.364,0.284,"1995",FALSE,0,0,21,FALSE
"334","Charles Smith","SF",0.69,"NYK",0.927,0.707,0.609,0.34,0.344,0.628,0.017,0.035,0.226,0.359,0.404,0.482,0.529,0.337,0.331,0.792,0.275,0.179,0.212,0.103,0.199,0.253,0.317,0.771,0.341,"1995",FALSE,0,0,55,FALSE
"335","Chris Smith","SG",0.571,"MIN",0.78,0.207,0.304,0.112,0.121,0.585,0.117,0.122,0.435,0.072,0.088,0.442,0.587,0.054,0.065,0.651,0.027,0.059,0.048,0.125,0.13,0.059,0.108,0.321,0.113,"1995",FALSE,0,0,21,FALSE
"336","Doug Smith","PF",0.595,"DAL",0.768,0,0.234,0.127,0.145,0.556,0.002,0.014,0.083,0.135,0.17,0.43,0.466,0.075,0.077,0.76,0.082,0.1,0.094,0.038,0.118,0.069,0.08,0.356,0.113,"1995",FALSE,0,0,36,FALSE
"337","Kenny Smith","PG",0.69,"HOU",0.988,0.988,0.575,0.278,0.273,0.645,0.353,0.374,0.429,0.151,0.148,0.553,0.671,0.167,0.152,0.851,0.052,0.127,0.101,0.277,0.289,0.027,0.265,0.294,0.297,"1995",FALSE,0,0,47,FALSE
"338","Michael Smith","PF",0.69,"LAC",0.354,0,0.09,0.061,0.062,0.627,0.002,0.009,0.125,0.065,0.071,0.492,0.527,0.034,0.031,0.867,0.025,0.043,0.037,0.017,0.024,0.005,0.039,0.111,0.054,"1995",FALSE,0,0,17,FALSE
"339","Michael Smith","PF",0.524,"SAC",1,0,0.491,0.213,0.187,0.723,0,0.002,0,0.229,0.228,0.545,0.602,0.168,0.27,0.485,0.333,0.31,0.318,0.058,0.248,0.13,0.228,0.633,0.2,"1995",FALSE,0,0,39,FALSE
"341","Tony Smith","SG",0.619,"LAL",0.744,0.049,0.29,0.128,0.142,0.569,0.08,0.103,0.352,0.104,0.123,0.459,0.532,0.058,0.065,0.698,0.082,0.064,0.07,0.088,0.187,0.019,0.108,0.299,0.12,"1995",FALSE,0,0,48,FALSE
"342","Rik Smits","C",0.667,"IND",0.951,0.951,0.674,0.54,0.488,0.701,0,0.002,0,0.581,0.597,0.527,0.584,0.376,0.388,0.753,0.367,0.406,0.393,0.095,0.163,0.21,0.407,0.749,0.494,"1995",FALSE,0,0,52,FALSE
"343","Elmore Spencer","C",0.595,"LAC",0.232,0.098,0.104,0.05,0.054,0.588,0,0.001,0,0.054,0.066,0.444,0.49,0.037,0.051,0.56,0.021,0.054,0.042,0.021,0.057,0.061,0.103,0.167,0.047,"1995",FALSE,0,0,17,FALSE
"345","Latrell Sprewell","SG",0.571,"GSW",0.841,0.841,0.784,0.474,0.539,0.557,0.224,0.368,0.276,0.416,0.477,0.473,0.508,0.463,0.461,0.781,0.111,0.197,0.167,0.24,0.455,0.122,0.496,0.291,0.501,"1995",FALSE,0,0,26,FALSE
"346","John Starks","SG",0.69,"NYK",0.976,0.951,0.771,0.405,0.489,0.527,0.54,0.69,0.355,0.21,0.254,0.448,0.552,0.222,0.235,0.737,0.065,0.184,0.143,0.353,0.374,0.011,0.345,0.693,0.432,"1995",FALSE,0,0,55,FALSE
"347","Larry Stewart","SF",0.619,"WSB",0.488,0,0.098,0.04,0.041,0.615,0,0.002,0,0.043,0.049,0.471,0.512,0.026,0.031,0.667,0.054,0.039,0.044,0.015,0.065,0.024,0.034,0.14,0.036,"1995",FALSE,0,0,21,FALSE
"348","Bryant Stith","SG",0.571,"DEN",0.988,0.622,0.659,0.302,0.304,0.629,0.05,0.077,0.294,0.304,0.334,0.492,0.541,0.353,0.333,0.824,0.182,0.172,0.175,0.131,0.37,0.048,0.237,0.383,0.322,"1995",FALSE,0,0,41,FALSE
"349","John Stockton","PG",0.762,"UTA",1,1,0.811,0.415,0.364,0.723,0.254,0.256,0.449,0.34,0.318,0.58,0.674,0.325,0.315,0.804,0.109,0.193,0.164,0.869,0.789,0.059,0.575,0.58,0.426,"1995",FALSE,1,0.045,60,TRUE
"351","Rod Strickland","PG",0.667,"POR",0.78,0.744,0.642,0.426,0.435,0.621,0.114,0.139,0.374,0.411,0.464,0.48,0.544,0.374,0.391,0.745,0.14,0.242,0.207,0.483,0.5,0.024,0.45,0.318,0.428,"1995",FALSE,0,0,44,FALSE
"352","Derek Strong","PF",0.619,"BOS",0.854,0.293,0.38,0.144,0.151,0.604,0.005,0.008,0.286,0.153,0.182,0.457,0.507,0.187,0.177,0.82,0.26,0.237,0.245,0.038,0.098,0.035,0.17,0.385,0.156,"1995",FALSE,0,0,35,FALSE
"353","Greg Sutton","PG",0.643,"CHH",0.646,0.049,0.195,0.091,0.106,0.545,0.107,0.13,0.374,0.053,0.065,0.443,0.558,0.042,0.046,0.711,0.015,0.048,0.037,0.078,0.134,0.005,0.11,0.307,0.093,"1995",FALSE,0,0,50,FALSE
"355","Zan Tabak","C",0.571,"HOU",0.451,0,0.052,0.023,0.024,0.604,0,0.001,0,0.025,0.029,0.462,0.503,0.036,0.045,0.614,0.044,0.034,0.037,0.003,0.008,0.019,0.039,0.1,0.026,"1995",FALSE,0,0,47,FALSE
"356","Roy Tarpley","C",0.714,"DAL",0.671,0.012,0.383,0.282,0.281,0.639,0.012,0.02,0.278,0.299,0.334,0.485,0.537,0.135,0.126,0.836,0.272,0.305,0.293,0.05,0.183,0.146,0.235,0.418,0.244,"1995",FALSE,0,0,36,FALSE
"357","Brooks Thompson","PG",0.571,"ORL",0.463,0.024,0.07,0.044,0.052,0.527,0.045,0.065,0.31,0.028,0.032,0.482,0.527,0.011,0.012,0.667,0.013,0.016,0.015,0.037,0.041,0.005,0.058,0.124,0.041,"1995",FALSE,0,0,57,FALSE
"360","Sedale Threatt","PG",0.786,"LAL",0.72,0.024,0.392,0.21,0.201,0.663,0.09,0.107,0.379,0.188,0.193,0.529,0.598,0.116,0.114,0.793,0.04,0.102,0.081,0.213,0.22,0.032,0.151,0.375,0.197,"1995",FALSE,0,0,48,FALSE
"362","Tom Tolbert","PF",0.69,"CHH",0.122,0,0.016,0.006,0.008,0.444,0,0.005,0,0.006,0.008,0.429,0.37,0.003,0.002,1,0.013,0.01,0.011,0.002,0,0,0.006,0.024,0.005,"1995",FALSE,0,0,50,FALSE
"364","Anthony Tucker","SF",0.595,"WSB",0.756,0.159,0.278,0.093,0.097,0.609,0,0.001,0,0.1,0.118,0.459,0.508,0.067,0.085,0.614,0.084,0.125,0.111,0.058,0.187,0.029,0.121,0.348,0.086,"1995",FALSE,0,0,21,FALSE
"365","Henry Turner","PF",0.667,"SAC",0.366,0,0.042,0.022,0.026,0.539,0.005,0.006,0.4,0.022,0.029,0.404,0.468,0.026,0.036,0.571,0.033,0.011,0.018,0.006,0.033,0.003,0.026,0.054,0.024,"1995",FALSE,0,0,39,FALSE
"366","Jeff Turner","PF",0.762,"ORL",0.598,0.061,0.163,0.071,0.082,0.547,0.067,0.085,0.36,0.048,0.058,0.447,0.54,0.034,0.03,0.897,0.044,0.073,0.063,0.033,0.049,0.008,0.047,0.275,0.07,"1995",FALSE,0,0,57,FALSE
"367","B.J. Tyler","PG",0.548,"PHI",0.671,0.098,0.229,0.07,0.087,0.508,0.04,0.058,0.314,0.058,0.078,0.406,0.47,0.046,0.051,0.7,0.025,0.049,0.041,0.149,0.146,0.005,0.209,0.156,0.069,"1995",FALSE,0,0,24,FALSE
"368","Nick Van Exel","PG",0.548,"LAL",0.976,0.976,0.833,0.45,0.509,0.56,0.455,0.577,0.358,0.293,0.336,0.473,0.559,0.311,0.309,0.783,0.052,0.195,0.146,0.567,0.394,0.016,0.474,0.423,0.476,"1995",FALSE,0,0,48,FALSE
"369","Loy Vaught","PF",0.619,"LAC",0.976,0.963,0.84,0.589,0.545,0.685,0.017,0.037,0.212,0.626,0.65,0.523,0.574,0.233,0.255,0.71,0.499,0.507,0.505,0.119,0.423,0.077,0.358,0.655,0.495,"1995",FALSE,0,0,17,FALSE
"370","Fred Vinson","SG",0.571,"ATL",0.061,0,0.008,0.001,0.003,0.191,0.002,0.007,0.167,0,0.001,0,0.238,0.001,0.001,1,0,0,0,0.001,0,0,0.004,0.011,0.001,"1995",FALSE,0,0,42,FALSE
"372","Rex Walters","SG",0.571,"NJN",0.976,0.366,0.406,0.199,0.216,0.585,0.177,0.221,0.362,0.14,0.154,0.495,0.572,0.053,0.053,0.769,0.034,0.074,0.061,0.104,0.15,0.043,0.153,0.364,0.185,"1995",FALSE,0,0,30,FALSE
"373","Charlie Ward","PG",0.571,"NYK",0.122,0,0.012,0.004,0.009,0.281,0.002,0.011,0.1,0.003,0.005,0.333,0.263,0.009,0.01,0.7,0.002,0.005,0.004,0.003,0.008,0,0.017,0.019,0.006,"1995",FALSE,0,0,55,FALSE
"374","Jamie Watson","SF",0.524,"UTA",0.732,0.012,0.19,0.074,0.07,0.667,0.012,0.021,0.263,0.074,0.075,0.534,0.573,0.05,0.058,0.679,0.031,0.058,0.048,0.051,0.142,0.029,0.11,0.232,0.069,"1995",FALSE,0,0,60,FALSE
"375","Clarence Weatherspoon","SF",0.571,"PHI",0.927,0.927,0.847,0.525,0.57,0.585,0.01,0.024,0.19,0.561,0.686,0.443,0.489,0.374,0.388,0.751,0.275,0.379,0.344,0.185,0.467,0.178,0.412,0.526,0.485,"1995",FALSE,0,0,24,FALSE
"376","Spud Webb","PG",0.738,"SAC",0.927,0.927,0.696,0.292,0.317,0.584,0.119,0.164,0.331,0.264,0.307,0.467,0.526,0.299,0.249,0.934,0.055,0.144,0.114,0.402,0.305,0.021,0.399,0.399,0.31,"1995",FALSE,0,0,39,FALSE
"377","Chris Webber","PF",0.5,"WSB",0.659,0.634,0.585,0.449,0.432,0.66,0.1,0.164,0.276,0.441,0.447,0.535,0.573,0.155,0.24,0.502,0.382,0.316,0.339,0.22,0.337,0.226,0.36,0.501,0.383,"1995",FALSE,0,0,21,FALSE
"378","Bill Wennington","C",0.738,"CHI",0.89,0.012,0.271,0.151,0.146,0.656,0,0.005,0,0.162,0.177,0.498,0.547,0.067,0.065,0.81,0.122,0.125,0.124,0.034,0.089,0.045,0.084,0.534,0.128,"1995",FALSE,0,0,47,FALSE
"379","David Wesley","PG",0.571,"BOS",0.622,0.439,0.391,0.124,0.144,0.545,0.127,0.134,0.429,0.08,0.109,0.397,0.544,0.094,0.097,0.755,0.059,0.085,0.076,0.229,0.333,0.024,0.188,0.388,0.133,"1995",FALSE,0,0,35,FALSE
"380","Doug West","SG",0.643,"MIN",0.866,0.793,0.659,0.339,0.351,0.615,0.027,0.069,0.18,0.354,0.395,0.485,0.52,0.272,0.253,0.837,0.115,0.166,0.148,0.159,0.264,0.064,0.272,0.674,0.325,"1995",FALSE,0,0,21,FALSE
"382","Ennis Whatley","PG",0.762,"ATL",0.329,0.024,0.083,0.023,0.024,0.604,0.005,0.009,0.25,0.023,0.025,0.489,0.524,0.026,0.033,0.625,0.017,0.021,0.02,0.046,0.077,0,0.041,0.1,0.025,"1995",FALSE,0,0,42,FALSE
"383","Chris Whitney","PG",0.548,"SAS",0.305,0,0.051,0.014,0.022,0.397,0.007,0.021,0.158,0.011,0.016,0.393,0.367,0.015,0.011,1,0.008,0.009,0.008,0.024,0.016,0,0.039,0.092,0.015,"1995",FALSE,0,0,62,FALSE
"385","Dominique Wilkins","SF",0.833,"BOS",0.939,0.78,0.686,0.48,0.538,0.565,0.279,0.326,0.388,0.4,0.496,0.436,0.524,0.352,0.35,0.782,0.3,0.242,0.262,0.143,0.248,0.037,0.373,0.35,0.484,"1995",FALSE,0,0,35,FALSE
"386","Aaron Williams","PF",0.548,"MIL",0.183,0,0.02,0.008,0.011,0.444,0,0.001,0,0.008,0.013,0.348,0.37,0.011,0.012,0.667,0.01,0.014,0.012,0,0.008,0.016,0.015,0.038,0.008,"1995",FALSE,0,0,34,FALSE
"387","Buck Williams","PF",0.81,"POR",1,1,0.686,0.299,0.278,0.683,0.002,0.002,0.5,0.32,0.34,0.512,0.569,0.183,0.211,0.673,0.48,0.415,0.437,0.067,0.272,0.184,0.256,0.685,0.267,"1995",FALSE,0,0,44,FALSE
"389","Hot Rod Williams","PF",0.762,"CLE",0.902,0.89,0.748,0.354,0.373,0.603,0.002,0.006,0.2,0.38,0.454,0.453,0.502,0.259,0.294,0.685,0.331,0.332,0.331,0.165,0.337,0.269,0.321,0.569,0.328,"1995",FALSE,0,0,43,FALSE
"390","Jayson Williams","PF",0.619,"NJN",0.915,0.073,0.278,0.144,0.149,0.615,0,0.006,0,0.155,0.179,0.469,0.512,0.086,0.126,0.533,0.342,0.244,0.278,0.03,0.106,0.088,0.127,0.431,0.128,"1995",FALSE,0,0,30,FALSE
"391","John Williams","SF",0.667,"IND",0.415,0,0.114,0.04,0.053,0.476,0.01,0.014,0.333,0.039,0.058,0.359,0.416,0.019,0.026,0.56,0.044,0.039,0.041,0.023,0.041,0.005,0.075,0.129,0.035,"1995",FALSE,0,0,52,FALSE
"394","Monty Williams","SF",0.548,"NYK",0.5,0.28,0.142,0.058,0.061,0.601,0,0.009,0,0.062,0.071,0.48,0.501,0.022,0.039,0.447,0.08,0.056,0.064,0.042,0.081,0.011,0.088,0.235,0.048,"1995",FALSE,0,0,55,FALSE
"395","Reggie Williams","SF",0.714,"DEN",0.902,0.854,0.622,0.375,0.389,0.612,0.211,0.3,0.32,0.315,0.327,0.522,0.566,0.175,0.179,0.759,0.18,0.233,0.215,0.198,0.463,0.178,0.267,0.712,0.351,"1995",FALSE,0,0,41,FALSE
"396","Scott Williams","PF",0.619,"PHI",0.939,0.524,0.504,0.199,0.2,0.633,0,0.008,0,0.214,0.241,0.482,0.528,0.104,0.11,0.738,0.331,0.31,0.317,0.051,0.289,0.106,0.181,0.639,0.173,"1995",FALSE,0,0,24,FALSE
"397","Walt Williams","SF",0.571,"SAC",0.939,0.939,0.775,0.43,0.459,0.595,0.256,0.334,0.348,0.356,0.396,0.487,0.552,0.352,0.374,0.731,0.191,0.243,0.225,0.271,0.5,0.168,0.524,0.714,0.445,"1995",FALSE,0,0,39,FALSE
"400","David Wingate","SG",0.738,"CHH",0.634,0.11,0.146,0.048,0.056,0.547,0.01,0.025,0.182,0.048,0.056,0.46,0.473,0.024,0.025,0.75,0.021,0.049,0.039,0.048,0.077,0.016,0.058,0.162,0.043,"1995",FALSE,0,0,50,FALSE
"401","Dontonio Wingfield","SF",0.476,"SEA",0.244,0,0.023,0.017,0.023,0.471,0.005,0.014,0.167,0.017,0.022,0.41,0.414,0.011,0.01,0.8,0.021,0.019,0.02,0.003,0.02,0.008,0.017,0.04,0.016,"1995",FALSE,0,0,57,FALSE
"402","Joe Wolf","PF",0.714,"CHH",0.768,0.073,0.165,0.037,0.037,0.625,0.005,0.007,0.333,0.037,0.042,0.48,0.534,0.016,0.016,0.75,0.065,0.094,0.084,0.032,0.037,0.016,0.047,0.272,0.032,"1995",FALSE,0,0,50,FALSE
"403","David Wood","PF",0.714,"GSW",0.951,0.159,0.378,0.148,0.15,0.625,0.077,0.103,0.341,0.127,0.133,0.519,0.574,0.12,0.12,0.778,0.159,0.157,0.158,0.056,0.114,0.035,0.114,0.585,0.151,"1995",FALSE,0,0,26,FALSE
"404","Randy Woods","PG",0.571,"LAC",0.756,0.037,0.14,0.036,0.054,0.421,0.055,0.084,0.297,0.016,0.024,0.349,0.456,0.037,0.039,0.737,0.019,0.034,0.029,0.115,0.167,0,0.119,0.235,0.044,"1995",FALSE,0,0,17,FALSE
"405","Haywoode Workman","PG",0.69,"IND",0.841,0.171,0.291,0.098,0.124,0.5,0.087,0.111,0.357,0.069,0.096,0.386,0.49,0.073,0.076,0.743,0.04,0.089,0.073,0.167,0.24,0.013,0.157,0.31,0.103,"1995",FALSE,0,0,52,FALSE
"406","Sharone Wright","C",0.524,"PHI",0.963,0.598,0.579,0.349,0.357,0.62,0,0.009,0,0.376,0.433,0.47,0.517,0.241,0.29,0.645,0.365,0.279,0.308,0.041,0.15,0.277,0.325,0.663,0.319,"1995",FALSE,0,0,24,FALSE
"407","Danny Young","PG",0.762,"MIL",0.085,0,0.022,0.009,0.008,0.705,0.012,0.014,0.417,0.004,0.003,0.8,0.751,0.001,0.001,1,0.002,0.004,0.003,0.01,0.016,0,0.009,0.022,0.008,"1995",FALSE,0,0,34,FALSE
"  1","Mahmoud Abdul-Rauf","PG",0.619,"DEN",0.695,0.646,0.574,0.4,0.439,0.579,0.301,0.349,0.392,0.305,0.364,0.454,0.552,0.193,0.162,0.93,0.05,0.111,0.09,0.334,0.26,0.008,0.248,0.315,0.387,"1996",FALSE,0,0,35,FALSE
"  2","Michael Adams","PG",0.786,"CHH",0.256,0.037,0.093,0.036,0.038,0.595,0.035,0.046,0.341,0.024,0.024,0.548,0.589,0.034,0.036,0.743,0.01,0.017,0.014,0.058,0.085,0.011,0.054,0.067,0.04,"1996",FALSE,0,0,41,FALSE
"  3","Rafael Addison","SF",0.738,"CHH",0.646,0,0.146,0.074,0.076,0.623,0,0.01,0,0.08,0.088,0.494,0.519,0.022,0.023,0.773,0.048,0.065,0.059,0.026,0.037,0.024,0.058,0.199,0.06,"1996",FALSE,0,0,41,FALSE
"  4","Cory Alexander","PG",0.524,"SAS",0.732,0,0.159,0.061,0.071,0.541,0.065,0.074,0.394,0.039,0.05,0.416,0.544,0.021,0.026,0.64,0.017,0.033,0.027,0.104,0.11,0.005,0.147,0.253,0.059,"1996",FALSE,0,0,59,FALSE
"  5","Jerome Allen","SG",0.548,"MIN",0.5,0,0.102,0.035,0.048,0.457,0.025,0.037,0.303,0.027,0.041,0.361,0.433,0.034,0.037,0.722,0.01,0.02,0.016,0.042,0.085,0.013,0.073,0.113,0.038,"1996",FALSE,0,0,26,FALSE
"  6","Derrick Alston","C",0.548,"PHI",0.89,0.5,0.457,0.191,0.178,0.683,0.002,0.003,0.333,0.205,0.217,0.513,0.57,0.073,0.115,0.491,0.243,0.174,0.197,0.052,0.228,0.138,0.127,0.515,0.16,"1996",FALSE,0,0,18,FALSE
"  8","Ashraf Amaya","PF",0.571,"VAN",0.659,0.415,0.312,0.117,0.116,0.64,0,0.001,0,0.126,0.142,0.482,0.533,0.128,0.153,0.651,0.218,0.188,0.198,0.028,0.089,0.027,0.123,0.407,0.12,"1996",FALSE,0,0,15,FALSE
"  9","Greg Anderson","PF",0.738,"SAS",0.561,0.085,0.097,0.023,0.022,0.681,0,0.001,0,0.025,0.026,0.522,0.568,0.008,0.026,0.24,0.055,0.071,0.065,0.009,0.037,0.064,0.047,0.178,0.019,"1996",FALSE,0,0,59,FALSE
" 11","Nick Anderson","SG",0.667,"ORL",0.939,0.939,0.769,0.387,0.416,0.589,0.418,0.485,0.391,0.241,0.267,0.489,0.594,0.22,0.247,0.692,0.176,0.321,0.271,0.24,0.492,0.122,0.304,0.364,0.4,"1996",FALSE,0,0,60,FALSE
" 13","Greg Anthony","PG",0.667,"VAN",0.841,0.829,0.593,0.313,0.359,0.553,0.224,0.306,0.332,0.243,0.288,0.459,0.524,0.303,0.306,0.771,0.055,0.144,0.114,0.409,0.472,0.029,0.345,0.369,0.341,"1996",FALSE,0,0,15,FALSE
" 14","B.J. Armstrong","PG",0.667,"GSW",1,0.78,0.64,0.329,0.335,0.624,0.244,0.234,0.473,0.252,0.293,0.465,0.594,0.31,0.287,0.839,0.042,0.161,0.12,0.345,0.276,0.016,0.276,0.396,0.357,"1996",FALSE,0,0,36,FALSE
" 15","Darrell Armstrong","PG",0.643,"ORL",0.159,0,0.012,0.015,0.015,0.667,0.015,0.014,0.5,0.01,0.011,0.5,0.66,0.005,0.004,1,0,0.002,0.001,0.004,0.024,0,0.013,0.011,0.015,"1996",FALSE,0,0,60,FALSE
" 16","Vincent Askew","SG",0.69,"SEA",0.841,0.024,0.488,0.208,0.201,0.657,0.072,0.097,0.337,0.194,0.197,0.531,0.584,0.163,0.166,0.764,0.124,0.152,0.142,0.14,0.191,0.04,0.207,0.48,0.206,"1996",FALSE,0,0,64,FALSE
" 17","Keith Askins","SF",0.667,"MIA",0.915,0.171,0.537,0.152,0.18,0.536,0.246,0.267,0.418,0.06,0.087,0.377,0.587,0.06,0.059,0.789,0.216,0.21,0.212,0.104,0.195,0.162,0.177,0.73,0.162,"1996",FALSE,0,0,42,FALSE
" 18","Stacey Augmon","SF",0.643,"ATL",0.939,0.598,0.649,0.35,0.34,0.655,0.002,0.005,0.25,0.376,0.414,0.492,0.546,0.332,0.326,0.792,0.262,0.166,0.199,0.118,0.431,0.082,0.297,0.507,0.345,"1996",FALSE,0,0,46,FALSE
" 20","Vin Baker","PF",0.571,"MIL",1,1,0.939,0.676,0.658,0.652,0.025,0.054,0.208,0.717,0.779,0.499,0.548,0.425,0.493,0.67,0.503,0.541,0.528,0.182,0.276,0.242,0.466,0.733,0.611,"1996",FALSE,0,0,25,FALSE
" 21","Steve Bardo","SG",0.643,"DET",0.11,0,0.035,0.009,0.011,0.521,0,0.005,0,0.009,0.011,0.474,0.434,0.005,0.006,0.667,0.004,0.02,0.014,0.013,0.016,0.003,0.011,0.046,0.008,"1996",FALSE,0,0,46,FALSE
" 22","Charles Barkley","PF",0.762,"PHO",0.866,0.866,0.745,0.561,0.534,0.667,0.122,0.198,0.28,0.553,0.556,0.539,0.579,0.582,0.582,0.777,0.465,0.574,0.537,0.225,0.463,0.149,0.47,0.561,0.582,"1996",FALSE,0,0.007,41,TRUE
" 23","Dana Barros","PG",0.667,"BOS",0.976,0.305,0.659,0.367,0.371,0.627,0.373,0.415,0.408,0.238,0.247,0.523,0.626,0.172,0.151,0.884,0.04,0.17,0.125,0.263,0.236,0.008,0.259,0.313,0.367,"1996",FALSE,0,0,33,FALSE
" 24","Brent Barry","SG",0.571,"LAC",0.963,0.537,0.537,0.274,0.275,0.632,0.306,0.334,0.416,0.166,0.17,0.532,0.641,0.147,0.141,0.81,0.073,0.129,0.11,0.198,0.386,0.059,0.259,0.528,0.282,"1996",FALSE,0,0,29,FALSE
" 25","Jon Barry","SG",0.619,"GSW",0.829,0,0.202,0.088,0.085,0.656,0.109,0.105,0.473,0.049,0.052,0.511,0.679,0.041,0.038,0.838,0.033,0.046,0.041,0.073,0.134,0.029,0.091,0.137,0.091,"1996",FALSE,0,0,36,FALSE
" 29","Mario Bennett","SF",0.524,"PHO",0.232,0.171,0.065,0.028,0.029,0.604,0,0.001,0,0.03,0.036,0.46,0.503,0.036,0.043,0.643,0.04,0.028,0.032,0.005,0.045,0.029,0.024,0.124,0.03,"1996",FALSE,0,0,41,FALSE
" 30","David Benoit","SF",0.643,"UTA",0.988,0.768,0.555,0.247,0.267,0.585,0.159,0.217,0.333,0.199,0.219,0.491,0.549,0.115,0.115,0.777,0.172,0.291,0.25,0.07,0.175,0.13,0.153,0.447,0.233,"1996",FALSE,0,0,55,FALSE
" 31","Travis Best","PG",0.548,"IND",0.72,0.012,0.162,0.067,0.075,0.564,0.02,0.028,0.32,0.063,0.078,0.442,0.498,0.099,0.093,0.833,0.021,0.033,0.029,0.083,0.081,0.008,0.136,0.216,0.078,"1996",FALSE,0,0,52,FALSE
" 32","Mookie Blaylock","PG",0.667,"ATL",0.988,0.988,0.819,0.44,0.517,0.54,0.575,0.703,0.371,0.233,0.282,0.448,0.564,0.168,0.175,0.747,0.21,0.22,0.217,0.411,0.862,0.045,0.405,0.407,0.448,"1996",FALSE,0,0,46,FALSE
" 33","Corie Blount","PF",0.643,"LAL",0.695,0.024,0.202,0.076,0.077,0.631,0,0.002,0,0.082,0.093,0.479,0.526,0.033,0.045,0.568,0.132,0.1,0.111,0.036,0.102,0.093,0.101,0.294,0.065,"1996",FALSE,0,0,53,FALSE
" 34","Muggsy Bogues","PG",0.738,"CHH",0.073,0,0.022,0.006,0.007,0.5,0,0.001,0,0.006,0.008,0.4,0.417,0.003,0.002,1,0.011,0.001,0.005,0.016,0.008,0,0.013,0.011,0.005,"1996",FALSE,0,0,41,FALSE
" 36","Melvin Booker","PG",0.548,"HOU",0.134,0,0.037,0.015,0.023,0.427,0.007,0.021,0.158,0.014,0.017,0.419,0.389,0.012,0.011,0.818,0.002,0.008,0.006,0.018,0.02,0.003,0.026,0.049,0.016,"1996",FALSE,0,0,48,FALSE
" 37","Anthony Bowie","SG",0.762,"ORL",0.902,0.049,0.305,0.124,0.125,0.628,0.03,0.035,0.387,0.121,0.136,0.481,0.548,0.053,0.047,0.87,0.076,0.082,0.08,0.09,0.138,0.027,0.119,0.302,0.109,"1996",FALSE,0,0,60,FALSE
" 38","Donnie Boyce","SG",0.524,"ATL",0.098,0,0.012,0.009,0.011,0.521,0.01,0.009,0.5,0.005,0.008,0.333,0.531,0.003,0.004,0.5,0.01,0.005,0.007,0.003,0.012,0.003,0.013,0.005,0.008,"1996",FALSE,0,0,46,FALSE
" 41","Terrell Brandon","PG",0.595,"CLE",0.915,0.915,0.727,0.493,0.504,0.62,0.226,0.265,0.387,0.436,0.486,0.487,0.563,0.447,0.392,0.887,0.09,0.2,0.162,0.418,0.537,0.088,0.306,0.394,0.512,"1996",FALSE,0,0.003,47,TRUE
" 42","Tim Breaux","SF",0.595,"HOU",0.659,0.049,0.161,0.057,0.074,0.488,0.037,0.052,0.326,0.046,0.065,0.383,0.459,0.037,0.046,0.622,0.042,0.038,0.039,0.021,0.045,0.021,0.065,0.113,0.057,"1996",FALSE,0,0,48,FALSE
" 43","Frank Brickowski","C",0.857,"SEA",0.768,0.098,0.279,0.119,0.116,0.651,0.08,0.089,0.405,0.095,0.098,0.526,0.613,0.081,0.088,0.709,0.05,0.124,0.099,0.05,0.106,0.021,0.168,0.499,0.12,"1996",FALSE,0,0,64,FALSE
" 44","Scott Brooks","PG",0.714,"DAL",0.841,0,0.203,0.13,0.135,0.609,0.062,0.07,0.403,0.113,0.13,0.472,0.556,0.078,0.071,0.855,0.021,0.03,0.027,0.086,0.171,0.008,0.093,0.143,0.124,"1996",FALSE,0,0,26,FALSE
" 45","Chucky Brown","PF",0.643,"HOU",1,1,0.571,0.29,0.255,0.721,0.002,0.009,0.125,0.311,0.309,0.547,0.601,0.138,0.154,0.693,0.256,0.305,0.288,0.076,0.191,0.101,0.203,0.439,0.249,"1996",FALSE,0,0,48,FALSE
" 46","Dee Brown","PG",0.643,"BOS",0.793,0.28,0.45,0.238,0.283,0.532,0.169,0.248,0.309,0.185,0.223,0.449,0.506,0.179,0.163,0.854,0.069,0.099,0.089,0.125,0.325,0.032,0.159,0.321,0.245,"1996",FALSE,0,0,33,FALSE
" 48","P.J. Brown","C",0.619,"NJN",0.988,0.988,0.833,0.342,0.367,0.592,0.007,0.017,0.2,0.365,0.442,0.448,0.494,0.27,0.273,0.77,0.411,0.343,0.366,0.142,0.321,0.266,0.287,0.671,0.323,"1996",FALSE,0,0,30,FALSE
" 49","Randy Brown","PG",0.643,"CHI",0.829,0,0.19,0.075,0.088,0.541,0.002,0.012,0.091,0.08,0.102,0.425,0.454,0.037,0.047,0.609,0.033,0.049,0.043,0.063,0.232,0.032,0.067,0.237,0.065,"1996",FALSE,0,0,72,FALSE
" 50","Mark Bryant","PF",0.714,"HOU",0.866,0.11,0.449,0.234,0.205,0.724,0,0.002,0,0.252,0.25,0.545,0.603,0.168,0.182,0.718,0.25,0.218,0.229,0.045,0.126,0.051,0.183,0.631,0.216,"1996",FALSE,0,0,48,FALSE
" 51","Jud Buechler","SF",0.643,"CHI",0.902,0,0.209,0.108,0.111,0.617,0.1,0.102,0.444,0.075,0.086,0.474,0.606,0.019,0.023,0.636,0.086,0.066,0.073,0.048,0.138,0.019,0.084,0.189,0.098,"1996",FALSE,0,0,72,FALSE
" 52","Matt Bullard","PF",0.667,"ATL",0.561,0,0.13,0.064,0.075,0.543,0.065,0.081,0.361,0.042,0.051,0.444,0.542,0.021,0.021,0.8,0.034,0.042,0.039,0.015,0.069,0.029,0.052,0.135,0.061,"1996",FALSE,0,0,46,FALSE
" 53","Scott Burrell","SF",0.595,"CHH",0.244,0.244,0.196,0.089,0.095,0.596,0.092,0.111,0.378,0.057,0.061,0.509,0.596,0.056,0.058,0.75,0.05,0.071,0.064,0.04,0.11,0.035,0.093,0.205,0.093,"1996",FALSE,0,0,41,FALSE
" 55","Mitchell Butler","SG",0.595,"WSB",0.744,0.037,0.243,0.085,0.105,0.512,0.032,0.068,0.217,0.078,0.095,0.444,0.459,0.063,0.085,0.578,0.055,0.088,0.077,0.058,0.167,0.032,0.144,0.28,0.084,"1996",FALSE,0,0,39,FALSE
" 56","Jason Caffey","PF",0.524,"CHI",0.695,0,0.154,0.069,0.075,0.584,0,0.001,0,0.074,0.091,0.441,0.487,0.053,0.07,0.588,0.098,0.06,0.073,0.021,0.049,0.019,0.103,0.245,0.064,"1996",FALSE,0,0,72,FALSE
" 57","Michael Cage","C",0.81,"CLE",1,0.976,0.745,0.213,0.182,0.741,0,0.001,0,0.229,0.223,0.557,0.618,0.066,0.095,0.543,0.551,0.438,0.476,0.046,0.354,0.21,0.116,0.58,0.173,"1996",FALSE,0,0,47,FALSE
" 59","Elden Campbell","PF",0.643,"LAL",1,1,0.764,0.432,0.409,0.671,0,0.006,0,0.465,0.498,0.506,0.559,0.329,0.359,0.713,0.31,0.458,0.407,0.155,0.358,0.564,0.295,0.809,0.404,"1996",FALSE,0,0,53,FALSE
" 60","Antoine Carr","SF",0.81,"UTA",0.976,0,0.434,0.225,0.235,0.609,0,0.003,0,0.242,0.286,0.46,0.508,0.151,0.148,0.792,0.136,0.128,0.131,0.064,0.114,0.173,0.168,0.685,0.205,"1996",FALSE,0,0,55,FALSE
" 61","Chris Carr","SG",0.5,"PHO",0.732,0.122,0.167,0.087,0.1,0.553,0.027,0.047,0.262,0.082,0.099,0.451,0.489,0.065,0.062,0.817,0.052,0.074,0.067,0.037,0.041,0.013,0.086,0.208,0.085,"1996",FALSE,0,0,41,FALSE
" 62","Sam Cassell","PG",0.619,"HOU",0.744,0,0.476,0.279,0.303,0.585,0.182,0.237,0.348,0.225,0.253,0.482,0.55,0.311,0.293,0.825,0.098,0.136,0.123,0.239,0.215,0.011,0.338,0.447,0.313,"1996",FALSE,0,0,48,FALSE
" 63","Duane Causwell","C",0.643,"SAC",0.89,0.317,0.295,0.087,0.099,0.556,0,0.001,0,0.094,0.121,0.419,0.463,0.093,0.099,0.729,0.164,0.161,0.162,0.017,0.11,0.207,0.114,0.466,0.088,"1996",FALSE,0,0,39,FALSE
" 64","Cedric Ceballos","SF",0.619,"LAL",0.951,0.866,0.744,0.617,0.554,0.707,0.127,0.208,0.277,0.611,0.575,0.576,0.613,0.435,0.421,0.804,0.411,0.319,0.35,0.102,0.382,0.059,0.36,0.388,0.585,"1996",FALSE,0,0,53,FALSE
" 65","Rex Chapman","SG",0.667,"MIA",0.683,0.61,0.528,0.279,0.312,0.568,0.311,0.38,0.371,0.171,0.193,0.48,0.576,0.11,0.116,0.735,0.042,0.122,0.095,0.143,0.183,0.027,0.17,0.315,0.278,"1996",FALSE,0,0,42,FALSE
" 66","Calbert Cheaney","SF",0.571,"WSB",0.854,0.854,0.658,0.412,0.416,0.628,0.129,0.174,0.338,0.389,0.424,0.498,0.554,0.2,0.22,0.706,0.128,0.171,0.156,0.132,0.272,0.048,0.278,0.553,0.373,"1996",FALSE,0,0,39,FALSE
" 67","Pete Chilcutt","PF",0.643,"HOU",0.902,0,0.184,0.071,0.082,0.544,0.092,0.111,0.378,0.037,0.046,0.444,0.568,0.022,0.027,0.654,0.098,0.104,0.102,0.022,0.077,0.037,0.047,0.175,0.071,"1996",FALSE,0,0,48,FALSE
" 68","Randolph Childress","PG",0.548,"POR",0.341,0,0.071,0.024,0.036,0.421,0.032,0.053,0.277,0.012,0.018,0.375,0.443,0.029,0.028,0.815,0.002,0.018,0.012,0.027,0.033,0.003,0.06,0.059,0.03,"1996",FALSE,0,0,44,FALSE
" 69","Chris Childs","PG",0.667,"NJN",0.951,0.659,0.682,0.313,0.358,0.555,0.236,0.292,0.367,0.238,0.293,0.441,0.531,0.343,0.313,0.852,0.098,0.193,0.16,0.471,0.451,0.021,0.496,0.663,0.354,"1996",FALSE,0,0,30,FALSE
" 74","Derrick Coleman","PF",0.667,"PHI",0.134,0.134,0.083,0.046,0.054,0.543,0.017,0.024,0.333,0.043,0.055,0.423,0.484,0.026,0.033,0.625,0.025,0.059,0.047,0.027,0.016,0.027,0.06,0.081,0.043,"1996",FALSE,0,0,18,FALSE
" 76","Marty Conlon","C",0.667,"MIL",0.902,0.012,0.271,0.148,0.15,0.624,0.012,0.034,0.167,0.154,0.168,0.498,0.529,0.111,0.113,0.764,0.111,0.118,0.116,0.058,0.081,0.029,0.17,0.34,0.139,"1996",FALSE,0,0,25,FALSE
" 77","Anthony Cook","PF",0.667,"POR",0.134,0,0.017,0.007,0.007,0.584,0,0.002,0,0.007,0.008,0.5,0.487,0.001,0.004,0.25,0.01,0.007,0.008,0.002,0,0.003,0.002,0.022,0.005,"1996",FALSE,0,0,44,FALSE
" 80","John Crotty","PG",0.619,"CLE",0.707,0.049,0.175,0.049,0.052,0.596,0.02,0.03,0.296,0.045,0.049,0.494,0.536,0.082,0.074,0.861,0.038,0.034,0.035,0.088,0.089,0.016,0.11,0.162,0.061,"1996",FALSE,0,0,47,FALSE
" 81","Terry Cummings","PF",0.81,"MIL",0.988,0.159,0.503,0.261,0.269,0.616,0.002,0.008,0.143,0.28,0.325,0.466,0.514,0.138,0.165,0.65,0.31,0.281,0.291,0.076,0.228,0.08,0.149,0.709,0.228,"1996",FALSE,0,0,25,FALSE
" 82","Dell Curry","SG",0.738,"CHH",1,0.354,0.671,0.426,0.448,0.604,0.408,0.458,0.404,0.288,0.32,0.488,0.597,0.193,0.176,0.854,0.13,0.195,0.173,0.151,0.439,0.066,0.28,0.466,0.421,"1996",FALSE,0,0,41,FALSE
" 84","Rastko Cvetkovic","C",0.595,"DEN",0.171,0,0.014,0.005,0.007,0.417,0,0.001,0,0.005,0.008,0.333,0.348,0,0.004,0,0.008,0.007,0.007,0.003,0.008,0.003,0.006,0.03,0.004,"1996",FALSE,0,0,35,FALSE
" 85","Sasha Danilovic","SG",0.595,"MIA",0.232,0.22,0.153,0.08,0.085,0.601,0.085,0.088,0.436,0.051,0.06,0.462,0.603,0.073,0.074,0.764,0.023,0.034,0.03,0.04,0.061,0.008,0.08,0.132,0.09,"1996",FALSE,0,0,42,FALSE
" 87","Antonio Davis","PF",0.643,"IND",1,0.171,0.592,0.228,0.222,0.653,0.002,0.002,0.5,0.245,0.271,0.49,0.546,0.325,0.355,0.713,0.359,0.311,0.327,0.037,0.134,0.176,0.188,0.668,0.254,"1996",FALSE,0,0,52,FALSE
" 89","Hubert Davis","SG",0.595,"NYK",0.902,0.171,0.502,0.266,0.26,0.648,0.316,0.301,0.476,0.154,0.169,0.495,0.664,0.148,0.133,0.868,0.067,0.087,0.08,0.088,0.126,0.021,0.136,0.323,0.279,"1996",FALSE,0,0,47,FALSE
" 90","Mark Davis","SF",0.524,"MIN",0.695,0,0.162,0.053,0.069,0.492,0.01,0.015,0.308,0.053,0.077,0.375,0.426,0.098,0.119,0.638,0.107,0.069,0.082,0.04,0.163,0.059,0.147,0.248,0.066,"1996",FALSE,0,0,26,FALSE
" 93","Andrew DeClercq","C",0.524,"GSW",0.268,0.012,0.057,0.023,0.023,0.64,0,0.001,0,0.025,0.028,0.49,0.533,0.015,0.02,0.579,0.034,0.021,0.025,0.008,0.028,0.013,0.009,0.081,0.021,"1996",FALSE,0,0,36,FALSE
" 94","Terry Dehere","PG",0.571,"LAC",1,0.122,0.571,0.305,0.316,0.612,0.346,0.357,0.44,0.183,0.209,0.476,0.622,0.327,0.336,0.755,0.078,0.101,0.093,0.301,0.22,0.043,0.412,0.644,0.359,"1996",FALSE,0,0,29,FALSE
" 95","Vinny Del Negro","SG",0.69,"SAS",1,1,0.783,0.462,0.443,0.663,0.142,0.169,0.38,0.438,0.458,0.518,0.586,0.235,0.22,0.832,0.069,0.234,0.178,0.271,0.346,0.016,0.216,0.447,0.421,"1996",FALSE,0,0,59,FALSE
" 96","Bison Dele","C",0.619,"LAC",0.793,0.793,0.611,0.402,0.353,0.724,0.002,0.007,0.167,0.432,0.429,0.546,0.604,0.259,0.275,0.734,0.285,0.341,0.322,0.105,0.285,0.146,0.409,0.609,0.363,"1996",FALSE,0,0,29,FALSE
" 97","Dell Demps","SG",0.595,"SAS",0.195,0,0.025,0.018,0.015,0.768,0.002,0.002,0.5,0.019,0.017,0.581,0.657,0.019,0.017,0.824,0.004,0.007,0.006,0.007,0.012,0.003,0.026,0.027,0.019,"1996",FALSE,0,0,59,FALSE
" 98","Vlade Divac","C",0.643,"LAL",0.963,0.963,0.699,0.4,0.371,0.684,0.007,0.02,0.167,0.428,0.445,0.521,0.572,0.25,0.303,0.641,0.379,0.478,0.444,0.224,0.309,0.348,0.429,0.739,0.36,"1996",FALSE,0,0,53,FALSE
"100","Clyde Drexler","SG",0.786,"HOU",0.634,0.622,0.565,0.32,0.352,0.577,0.194,0.265,0.332,0.263,0.298,0.478,0.538,0.351,0.348,0.784,0.185,0.274,0.244,0.259,0.427,0.064,0.289,0.412,0.355,"1996",FALSE,0,0,48,FALSE
"102","Chris Dudley","C",0.714,"POR",0.976,0.744,0.545,0.157,0.165,0.604,0,0.001,0,0.169,0.201,0.454,0.503,0.106,0.162,0.51,0.457,0.478,0.471,0.032,0.167,0.266,0.17,0.677,0.143,"1996",FALSE,0,0,44,FALSE
"103","Joe Dumars","PG",0.762,"DET",0.817,0.488,0.621,0.247,0.275,0.568,0.301,0.336,0.406,0.139,0.169,0.447,0.587,0.214,0.203,0.822,0.054,0.109,0.09,0.228,0.175,0.008,0.209,0.286,0.28,"1996",FALSE,0,0,46,FALSE
"104","Richard Dumas","PF",0.619,"PHI",0.476,0.171,0.209,0.092,0.093,0.624,0.005,0.01,0.222,0.097,0.109,0.479,0.526,0.065,0.072,0.7,0.08,0.057,0.065,0.038,0.171,0.016,0.106,0.213,0.085,"1996",FALSE,0,0,18,FALSE
"105","Tony Dumas","SG",0.548,"DAL",0.817,0.146,0.363,0.265,0.301,0.557,0.184,0.234,0.357,0.208,0.253,0.446,0.528,0.204,0.264,0.599,0.111,0.057,0.075,0.085,0.171,0.035,0.166,0.345,0.274,"1996",FALSE,0,0,26,FALSE
"106","Ledell Eackles","SG",0.69,"WSB",0.671,0.317,0.35,0.156,0.173,0.569,0.134,0.144,0.422,0.111,0.14,0.43,0.554,0.13,0.121,0.831,0.084,0.103,0.097,0.074,0.114,0.008,0.123,0.226,0.167,"1996",FALSE,0,0,39,FALSE
"107","Acie Earl","C",0.595,"TOR",0.512,0.085,0.185,0.113,0.127,0.565,0,0.003,0,0.122,0.154,0.429,0.471,0.108,0.117,0.719,0.098,0.077,0.084,0.023,0.073,0.098,0.106,0.197,0.112,"1996",FALSE,0,0,21,FALSE
"108","Tyus Edney","PG",0.524,"SAC",0.976,0.732,0.702,0.295,0.341,0.549,0.132,0.163,0.368,0.262,0.336,0.423,0.498,0.261,0.259,0.782,0.12,0.137,0.131,0.422,0.362,0.008,0.414,0.547,0.304,"1996",FALSE,0,0,39,FALSE
"109","Blue Edwards","SF",0.714,"VAN",1,1,0.785,0.388,0.44,0.559,0.209,0.277,0.343,0.33,0.401,0.446,0.514,0.208,0.214,0.755,0.187,0.246,0.226,0.182,0.48,0.122,0.366,0.655,0.368,"1996",FALSE,0,0,15,FALSE
"110","Doug Edwards","PF",0.595,"VAN",0.378,0,0.147,0.031,0.042,0.469,0,0.005,0,0.033,0.049,0.368,0.391,0.038,0.039,0.763,0.067,0.052,0.057,0.034,0.041,0.048,0.062,0.137,0.033,"1996",FALSE,0,0,15,FALSE
"112","Kevin Edwards","SG",0.714,"NJN",0.415,0.402,0.285,0.137,0.179,0.485,0.104,0.117,0.404,0.104,0.161,0.35,0.464,0.09,0.086,0.81,0.027,0.061,0.049,0.061,0.22,0.019,0.147,0.181,0.139,"1996",FALSE,0,0,30,FALSE
"113","Craig Ehlo","SG",0.81,"ATL",0.963,0.098,0.498,0.245,0.272,0.571,0.204,0.249,0.371,0.178,0.209,0.462,0.552,0.107,0.106,0.786,0.124,0.19,0.167,0.119,0.346,0.024,0.224,0.372,0.236,"1996",FALSE,0,0,46,FALSE
"114","Howard Eisley","PG",0.548,"UTA",0.793,0,0.272,0.101,0.111,0.573,0.035,0.07,0.226,0.094,0.102,0.5,0.51,0.086,0.079,0.844,0.042,0.056,0.051,0.125,0.118,0.008,0.166,0.35,0.101,"1996",FALSE,0,0,55,FALSE
"115","Mario Elie","SF",0.762,"HOU",0.549,0.195,0.392,0.174,0.164,0.672,0.102,0.143,0.323,0.145,0.13,0.604,0.624,0.13,0.118,0.852,0.09,0.107,0.101,0.119,0.183,0.029,0.127,0.251,0.176,"1996",FALSE,0,0,48,FALSE
"116","Sean Elliott","SF",0.643,"SAS",0.939,0.939,0.821,0.508,0.519,0.621,0.4,0.442,0.411,0.379,0.415,0.495,0.597,0.431,0.435,0.771,0.132,0.325,0.259,0.181,0.28,0.088,0.427,0.48,0.543,"1996",FALSE,0,0,59,FALSE
"117","Dale Ellis","SF",0.833,"DEN",0.988,0.634,0.743,0.444,0.441,0.639,0.373,0.411,0.412,0.322,0.336,0.519,0.619,0.18,0.184,0.76,0.168,0.225,0.206,0.119,0.232,0.019,0.211,0.515,0.425,"1996",FALSE,0,0,35,FALSE
"118","LaPhonso Ellis","SF",0.595,"DEN",0.549,0.341,0.359,0.183,0.199,0.584,0.01,0.025,0.182,0.193,0.231,0.451,0.491,0.118,0.152,0.601,0.178,0.227,0.21,0.064,0.146,0.088,0.179,0.439,0.166,"1996",FALSE,0,0,35,FALSE
"121","Vincenzo Esposito","PG",0.643,"TOR",0.366,0,0.08,0.035,0.046,0.48,0.032,0.063,0.232,0.024,0.025,0.523,0.472,0.041,0.04,0.795,0.008,0.012,0.01,0.02,0.028,0,0.084,0.073,0.041,"1996",FALSE,0,0,21,FALSE
"122","Patrick Ewing","C",0.786,"NYK",0.927,0.927,0.788,0.656,0.67,0.621,0.01,0.032,0.143,0.701,0.805,0.472,0.519,0.464,0.474,0.761,0.3,0.644,0.527,0.137,0.276,0.489,0.476,0.666,0.604,"1996",FALSE,0,0,47,FALSE
"123","Duane Ferrell","SF",0.714,"IND",0.659,0.073,0.167,0.077,0.076,0.643,0,0.009,0,0.083,0.089,0.506,0.536,0.056,0.059,0.737,0.061,0.061,0.061,0.026,0.093,0.008,0.073,0.224,0.071,"1996",FALSE,0,0,52,FALSE
"124","Danny Ferry","PF",0.69,"CLE",1,0.963,0.759,0.408,0.423,0.612,0.356,0.41,0.394,0.29,0.314,0.502,0.597,0.136,0.138,0.769,0.136,0.236,0.202,0.164,0.232,0.098,0.263,0.628,0.385,"1996",FALSE,0,0,47,FALSE
"125","Michael Finley","SF",0.524,"PHO",1,0.878,0.909,0.45,0.449,0.635,0.152,0.21,0.328,0.42,0.446,0.511,0.564,0.32,0.332,0.749,0.266,0.233,0.244,0.248,0.346,0.082,0.287,0.536,0.435,"1996",FALSE,0,0,41,FALSE
"127","Vern Fleming","PG",0.786,"NJN",0.939,0.037,0.494,0.22,0.241,0.577,0.007,0.032,0.107,0.233,0.28,0.452,0.484,0.176,0.182,0.751,0.094,0.12,0.111,0.219,0.167,0.013,0.263,0.31,0.208,"1996",FALSE,0,0,30,FALSE
"128","Sherell Ford","SF",0.548,"SEA",0.341,0.012,0.039,0.029,0.037,0.5,0.01,0.028,0.16,0.027,0.031,0.473,0.444,0.034,0.035,0.765,0.023,0.012,0.016,0.004,0.033,0.003,0.013,0.073,0.032,"1996",FALSE,0,0,64,FALSE
"129","Greg Foster","C",0.643,"UTA",0.89,0.024,0.227,0.103,0.112,0.585,0.002,0.009,0.125,0.11,0.133,0.449,0.49,0.081,0.074,0.847,0.101,0.124,0.116,0.021,0.028,0.059,0.125,0.323,0.097,"1996",FALSE,0,0,55,FALSE
"130","Rick Fox","SF",0.619,"BOS",0.988,0.988,0.733,0.407,0.427,0.605,0.246,0.307,0.364,0.335,0.37,0.491,0.563,0.259,0.261,0.772,0.302,0.29,0.294,0.317,0.459,0.109,0.466,0.782,0.401,"1996",FALSE,0,0,33,FALSE
"132","Kevin Garnett","SF",0.452,"MIN",0.976,0.524,0.649,0.349,0.338,0.655,0.02,0.032,0.286,0.367,0.399,0.499,0.552,0.139,0.153,0.705,0.335,0.324,0.327,0.125,0.35,0.348,0.237,0.509,0.295,"1996",FALSE,0,0,26,FALSE
"135","Matt Geiger","C",0.619,"CHH",0.939,0.61,0.665,0.345,0.306,0.715,0.007,0.009,0.375,0.368,0.371,0.538,0.598,0.197,0.211,0.727,0.384,0.445,0.424,0.052,0.187,0.168,0.295,0.782,0.306,"1996",FALSE,0,0,41,FALSE
"137","Armen Gilliam","SF",0.738,"NJN",0.951,0.927,0.808,0.557,0.56,0.632,0,0.001,0,0.599,0.685,0.474,0.527,0.366,0.36,0.791,0.461,0.469,0.466,0.12,0.297,0.141,0.381,0.485,0.505,"1996",FALSE,0,0,30,FALSE
"139","Anthony Goldwire","PG",0.571,"CHH",0.512,0.098,0.176,0.074,0.087,0.536,0.082,0.094,0.398,0.045,0.06,0.406,0.543,0.061,0.062,0.767,0.015,0.035,0.028,0.096,0.065,0,0.136,0.213,0.082,"1996",FALSE,0,0,41,FALSE
"142","Brian Grant","PF",0.548,"SAC",0.951,0.915,0.679,0.413,0.387,0.676,0.01,0.019,0.235,0.44,0.465,0.513,0.567,0.347,0.368,0.732,0.335,0.367,0.356,0.109,0.163,0.274,0.399,0.725,0.395,"1996",FALSE,0,0,39,FALSE
"143","Gary Grant","PG",0.714,"NYK",0.573,0.012,0.169,0.085,0.083,0.648,0.02,0.027,0.333,0.083,0.089,0.51,0.564,0.063,0.06,0.828,0.023,0.04,0.034,0.059,0.159,0.008,0.097,0.245,0.082,"1996",FALSE,0,0,47,FALSE
"145","Harvey Grant","PF",0.714,"POR",0.927,0.915,0.678,0.304,0.312,0.616,0.052,0.076,0.313,0.305,0.345,0.479,0.531,0.079,0.113,0.545,0.224,0.242,0.236,0.095,0.244,0.114,0.177,0.466,0.25,"1996",FALSE,0,0,44,FALSE
"146","Horace Grant","PF",0.714,"ORL",0.768,0.756,0.647,0.336,0.312,0.684,0.002,0.007,0.167,0.36,0.378,0.516,0.57,0.201,0.213,0.734,0.34,0.399,0.379,0.146,0.252,0.197,0.138,0.388,0.299,"1996",FALSE,0,0,60,FALSE
"147","A.C. Green","SF",0.762,"PHO",1,0.439,0.598,0.208,0.204,0.645,0.035,0.059,0.269,0.209,0.221,0.513,0.556,0.222,0.244,0.709,0.317,0.385,0.362,0.062,0.183,0.061,0.17,0.38,0.216,"1996",FALSE,0,0,41,FALSE
"148","Tom Gugliotta","PF",0.619,"MIN",0.951,0.951,0.802,0.457,0.462,0.628,0.065,0.097,0.302,0.465,0.518,0.487,0.538,0.382,0.385,0.773,0.337,0.51,0.451,0.204,0.565,0.255,0.504,0.714,0.445,"1996",FALSE,0,0,26,FALSE
"153","Darrin Hancock","SF",0.571,"CHH",0.768,0.085,0.237,0.108,0.098,0.697,0.002,0.003,0.333,0.116,0.119,0.526,0.584,0.062,0.075,0.644,0.076,0.058,0.064,0.04,0.114,0.013,0.121,0.253,0.096,"1996",FALSE,0,0,41,FALSE
"154","Anfernee Hardaway","PG",0.571,"ORL",1,1,0.853,0.603,0.559,0.684,0.221,0.319,0.314,0.556,0.526,0.573,0.61,0.589,0.597,0.767,0.247,0.223,0.231,0.5,0.675,0.109,0.494,0.431,0.629,"1996",FALSE,2,0.319,60,TRUE
"156","Derek Harper","PG",0.81,"NYK",1,1,0.819,0.422,0.432,0.619,0.301,0.367,0.372,0.328,0.346,0.513,0.588,0.206,0.212,0.757,0.061,0.169,0.132,0.302,0.533,0.013,0.384,0.542,0.406,"1996",FALSE,0,0,47,FALSE
"157","Ron Harper","PG",0.762,"CHI",0.976,0.976,0.534,0.226,0.231,0.623,0.07,0.117,0.269,0.214,0.224,0.519,0.55,0.13,0.143,0.705,0.141,0.138,0.139,0.179,0.427,0.085,0.157,0.369,0.21,"1996",FALSE,0,0,72,FALSE
"158","Lucious Harris","SG",0.595,"DAL",0.744,0.012,0.288,0.177,0.183,0.615,0.117,0.141,0.376,0.142,0.153,0.5,0.578,0.09,0.09,0.782,0.078,0.08,0.08,0.068,0.142,0.008,0.099,0.151,0.17,"1996",FALSE,0,0,26,FALSE
"160","Hersey Hawkins","SG",0.69,"SEA",1,1,0.799,0.428,0.431,0.631,0.363,0.429,0.384,0.309,0.314,0.534,0.612,0.329,0.293,0.874,0.164,0.21,0.194,0.187,0.606,0.037,0.353,0.464,0.452,"1996",FALSE,0,0,64,FALSE
"162","Alan Henderson","PF",0.548,"ATL",0.963,0.049,0.401,0.186,0.2,0.589,0,0.003,0,0.2,0.243,0.445,0.491,0.157,0.206,0.595,0.314,0.191,0.233,0.044,0.179,0.114,0.188,0.585,0.178,"1996",FALSE,0,0,46,FALSE
"163","Carl Herrera","PF",0.69,"SAS",0.537,0.073,0.111,0.039,0.045,0.549,0,0.001,0,0.042,0.054,0.417,0.458,0.007,0.017,0.294,0.057,0.051,0.053,0.014,0.037,0.021,0.062,0.164,0.03,"1996",FALSE,0,0,59,FALSE
"164","Sean Higgins","SF",0.643,"PHI",0.537,0.049,0.259,0.13,0.149,0.553,0.119,0.146,0.372,0.089,0.109,0.443,0.543,0.046,0.038,0.946,0.038,0.071,0.06,0.047,0.098,0.029,0.106,0.243,0.124,"1996",FALSE,0,0,18,FALSE
"165","Grant Hill","SF",0.548,"DET",0.976,0.976,0.923,0.545,0.562,0.616,0.012,0.029,0.192,0.582,0.674,0.468,0.516,0.642,0.665,0.751,0.243,0.651,0.512,0.471,0.407,0.128,0.567,0.652,0.571,"1996",FALSE,0,0.056,46,TRUE
"168","Fred Hoiberg","SG",0.548,"IND",0.183,0.012,0.024,0.008,0.009,0.561,0.002,0.003,0.333,0.007,0.009,0.438,0.497,0.02,0.019,0.833,0.008,0.005,0.006,0.007,0.024,0.003,0.015,0.032,0.011,"1996",FALSE,0,0,52,FALSE
"169","Jeff Hornacek","SG",0.762,"UTA",1,0.72,0.733,0.427,0.405,0.669,0.259,0.252,0.466,0.352,0.371,0.514,0.623,0.343,0.298,0.893,0.119,0.146,0.137,0.292,0.431,0.053,0.274,0.461,0.44,"1996",FALSE,0,0,55,FALSE
"170","Robert Horry","SF",0.595,"HOU",0.866,0.866,0.746,0.29,0.337,0.547,0.353,0.438,0.366,0.164,0.194,0.459,0.563,0.147,0.147,0.776,0.185,0.313,0.269,0.241,0.472,0.29,0.345,0.531,0.301,"1996",FALSE,0,0,48,FALSE
"171","Allan Houston","SG",0.571,"DET",1,0.915,0.87,0.545,0.572,0.604,0.475,0.505,0.427,0.388,0.45,0.468,0.589,0.394,0.372,0.823,0.103,0.244,0.196,0.215,0.248,0.043,0.502,0.628,0.571,"1996",FALSE,0,0,46,FALSE
"172","Byron Houston","PF",0.619,"SAC",0.305,0,0.078,0.031,0.029,0.667,0.002,0.003,0.333,0.032,0.034,0.508,0.564,0.028,0.027,0.808,0.059,0.053,0.055,0.006,0.053,0.019,0.037,0.159,0.03,"1996",FALSE,0,0,39,FALSE
"173","Juwan Howard","PF",0.524,"WSB",0.988,0.988,0.932,0.709,0.69,0.652,0.01,0.015,0.308,0.759,0.839,0.49,0.544,0.422,0.438,0.749,0.359,0.469,0.431,0.309,0.272,0.104,0.653,0.725,0.632,"1996",FALSE,0,0,39,FALSE
"174","Lindsey Hunter","PG",0.595,"DET",0.976,0.585,0.605,0.231,0.289,0.508,0.291,0.326,0.405,0.127,0.191,0.36,0.527,0.111,0.123,0.7,0.084,0.149,0.127,0.162,0.341,0.048,0.172,0.499,0.24,"1996",FALSE,0,0,46,FALSE
"175","Bobby Hurley","PG",0.571,"SAC",0.878,0.268,0.3,0.063,0.106,0.377,0.055,0.086,0.289,0.045,0.087,0.279,0.367,0.09,0.087,0.8,0.023,0.063,0.049,0.186,0.114,0.008,0.185,0.326,0.078,"1996",FALSE,0,0,39,FALSE
"176","Jaren Jackson","SG",0.667,"HOU",0.049,0,0.009,0,0.004,0,0,0.006,0,0,0.002,0,0,0.011,0.01,0.8,0,0.003,0.002,0,0.004,0,0,0.013,0.003,"1996",FALSE,0,0,48,FALSE
"177","Jim Jackson","SG",0.595,"DAL",1,1,0.798,0.55,0.602,0.58,0.301,0.376,0.363,0.466,0.55,0.459,0.534,0.456,0.43,0.825,0.331,0.235,0.268,0.202,0.191,0.059,0.412,0.445,0.566,"1996",FALSE,0,0,26,FALSE
"178","Mark Jackson","PG",0.714,"IND",0.988,0.988,0.748,0.286,0.288,0.631,0.159,0.168,0.43,0.241,0.269,0.486,0.582,0.198,0.197,0.785,0.126,0.239,0.201,0.546,0.407,0.013,0.433,0.412,0.285,"1996",FALSE,0,0,52,FALSE
"179","Henry James","PF",0.714,"HOU",0.085,0,0.016,0.01,0.011,0.556,0.012,0.017,0.333,0.005,0.005,0.556,0.579,0.007,0.005,1,0.006,0.003,0.004,0.002,0,0,0.009,0.035,0.011,"1996",FALSE,0,0,48,FALSE
"180","Avery Johnson","PG",0.714,"SAS",1,1,0.873,0.424,0.408,0.659,0.015,0.035,0.194,0.45,0.483,0.505,0.552,0.25,0.27,0.721,0.071,0.168,0.135,0.678,0.484,0.056,0.42,0.482,0.378,"1996",FALSE,0,0,59,FALSE
"181","Darryl Johnson","PG",0.714,"CLE",0.134,0,0.008,0.005,0.006,0.556,0,0.001,0,0.005,0.006,0.455,0.463,0.003,0.002,1,0.004,0,0.001,0.001,0,0,0.002,0.008,0.004,"1996",FALSE,0,0,47,FALSE
"182","Eddie Johnson","SF",0.857,"IND",0.756,0.012,0.284,0.174,0.201,0.551,0.112,0.144,0.352,0.14,0.174,0.438,0.516,0.093,0.081,0.886,0.086,0.107,0.1,0.059,0.081,0.011,0.121,0.28,0.168,"1996",FALSE,0,0,52,FALSE
"183","Ervin Johnson","C",0.667,"SEA",0.988,0.732,0.43,0.174,0.162,0.681,0.002,0.003,0.333,0.186,0.197,0.513,0.57,0.112,0.131,0.669,0.247,0.302,0.283,0.041,0.163,0.343,0.211,0.66,0.157,"1996",FALSE,0,0,64,FALSE
"184","Kevin Johnson","PG",0.69,"PHO",0.683,0.671,0.568,0.331,0.31,0.676,0.052,0.064,0.368,0.334,0.348,0.52,0.581,0.452,0.409,0.859,0.08,0.178,0.144,0.444,0.333,0.035,0.366,0.388,0.37,"1996",FALSE,0,0,41,FALSE
"185","Larry Johnson","PF",0.619,"CHH",0.988,0.988,0.927,0.564,0.564,0.635,0.167,0.207,0.366,0.537,0.588,0.495,0.559,0.565,0.58,0.757,0.476,0.431,0.446,0.305,0.224,0.114,0.392,0.466,0.586,"1996",FALSE,0,0,41,FALSE
"186","Magic Johnson","PF",0.857,"LAL",0.39,0.11,0.271,0.132,0.135,0.621,0.055,0.065,0.379,0.12,0.133,0.487,0.559,0.228,0.207,0.856,0.076,0.142,0.12,0.189,0.106,0.035,0.222,0.129,0.165,"1996",FALSE,0,0.007,53,TRUE
"188","Eddie Jones","SG",0.571,"LAL",0.854,0.805,0.618,0.326,0.315,0.656,0.206,0.256,0.366,0.264,0.258,0.555,0.614,0.18,0.189,0.739,0.086,0.187,0.152,0.211,0.524,0.12,0.213,0.437,0.315,"1996",FALSE,0,0,53,FALSE
"189","Popeye Jones","PF",0.595,"DAL",0.829,0.829,0.657,0.316,0.337,0.595,0.035,0.044,0.359,0.326,0.391,0.451,0.507,0.135,0.137,0.767,0.497,0.474,0.482,0.113,0.22,0.072,0.235,0.706,0.272,"1996",FALSE,0,0,26,FALSE
"190","Michael Jordan","SG",0.762,"CHI",1,1,0.875,0.886,0.851,0.66,0.276,0.293,0.427,0.838,0.897,0.506,0.583,0.725,0.676,0.834,0.283,0.392,0.355,0.302,0.732,0.112,0.425,0.526,0.88,"1996",TRUE,109,0.986,72,TRUE
"192","Adam Keefe","PF",0.595,"UTA",1,0,0.483,0.174,0.159,0.693,0,0.005,0,0.187,0.193,0.526,0.578,0.184,0.207,0.692,0.337,0.277,0.297,0.055,0.207,0.109,0.19,0.469,0.176,"1996",FALSE,0,0,55,FALSE
"193","Shawn Kemp","PF",0.619,"SEA",0.963,0.927,0.745,0.509,0.431,0.748,0.012,0.014,0.417,0.542,0.522,0.563,0.627,0.652,0.683,0.742,0.528,0.624,0.591,0.149,0.378,0.338,0.679,0.806,0.547,"1996",FALSE,0,0.065,64,TRUE
"195","Steve Kerr","PG",0.714,"CHI",1,0,0.543,0.236,0.222,0.675,0.303,0.267,0.515,0.127,0.138,0.498,0.703,0.103,0.086,0.929,0.048,0.084,0.072,0.165,0.256,0.005,0.091,0.294,0.243,"1996",FALSE,0,0,72,FALSE
"196","Jerome Kersey","SF",0.786,"GSW",0.927,0.707,0.459,0.198,0.23,0.547,0.007,0.019,0.176,0.21,0.272,0.418,0.459,0.128,0.151,0.66,0.294,0.208,0.237,0.098,0.37,0.12,0.162,0.553,0.18,"1996",FALSE,0,0,36,FALSE
"197","Randolph Keys","SF",0.69,"MIL",0.841,0.012,0.231,0.084,0.096,0.557,0.055,0.08,0.31,0.068,0.077,0.474,0.523,0.048,0.044,0.837,0.078,0.083,0.082,0.056,0.13,0.037,0.071,0.375,0.082,"1996",FALSE,0,0,25,FALSE
"198","Jason Kidd","PG",0.524,"DAL",0.988,0.988,0.859,0.477,0.595,0.508,0.331,0.447,0.336,0.375,0.506,0.401,0.481,0.303,0.341,0.692,0.388,0.348,0.361,0.673,0.711,0.069,0.707,0.418,0.476,"1996",FALSE,0,0,26,FALSE
"199","Chris King","SF",0.619,"VAN",0.976,0.805,0.546,0.242,0.269,0.569,0.109,0.128,0.389,0.214,0.266,0.436,0.517,0.119,0.14,0.662,0.195,0.182,0.186,0.089,0.276,0.088,0.222,0.439,0.224,"1996",FALSE,0,0,15,FALSE
"200","Frankie King","PG",0.548,"LAL",0.073,0,0.006,0.003,0.005,0.364,0,0.001,0,0.003,0.006,0.3,0.303,0.001,0.003,0.333,0.002,0.001,0.001,0.002,0.008,0,0.004,0.011,0.002,"1996",FALSE,0,0,53,FALSE
"201","Jimmy King","SG",0.524,"TOR",0.756,0.012,0.246,0.106,0.117,0.575,0.012,0.038,0.147,0.109,0.125,0.475,0.49,0.071,0.079,0.701,0.082,0.067,0.072,0.076,0.085,0.035,0.129,0.205,0.099,"1996",FALSE,0,0,21,FALSE
"203","Joe Kleine","C",0.81,"PHO",0.683,0.11,0.188,0.069,0.078,0.56,0.005,0.008,0.286,0.072,0.091,0.426,0.473,0.026,0.026,0.8,0.069,0.095,0.086,0.038,0.053,0.016,0.08,0.305,0.058,"1996",FALSE,0,0,41,FALSE
"204","Jon Koncak","C",0.762,"ORL",0.817,0.427,0.365,0.081,0.081,0.64,0.007,0.01,0.333,0.084,0.094,0.488,0.543,0.042,0.059,0.561,0.12,0.208,0.178,0.044,0.11,0.117,0.088,0.609,0.072,"1996",FALSE,0,0,60,FALSE
"205","Toni Kukoc","SF",0.643,"CHI",0.988,0.244,0.595,0.373,0.362,0.653,0.216,0.244,0.403,0.311,0.322,0.524,0.607,0.272,0.275,0.772,0.22,0.207,0.211,0.247,0.26,0.074,0.246,0.404,0.376,"1996",FALSE,0,0,72,FALSE
"208","Antonio Lang","SF",0.548,"CLE",0.5,0,0.104,0.04,0.035,0.709,0,0.002,0,0.043,0.042,0.547,0.591,0.045,0.048,0.723,0.033,0.036,0.035,0.01,0.057,0.032,0.052,0.164,0.041,"1996",FALSE,0,0,47,FALSE
"210","Tim Legler","SG",0.69,"WSB",0.939,0,0.502,0.225,0.212,0.676,0.318,0.277,0.522,0.109,0.121,0.488,0.718,0.175,0.157,0.863,0.055,0.11,0.092,0.117,0.183,0.032,0.097,0.38,0.256,"1996",FALSE,0,0,39,FALSE
"211","Voshon Lenard","SG",0.524,"MIA",0.366,0,0.091,0.051,0.065,0.501,0.09,0.114,0.356,0.018,0.023,0.425,0.56,0.045,0.044,0.791,0.023,0.04,0.034,0.027,0.024,0.003,0.05,0.084,0.062,"1996",FALSE,0,0,42,FALSE
"213","Martin Lewis","SF",0.476,"TOR",0.195,0,0.053,0.028,0.028,0.644,0.005,0.008,0.286,0.028,0.03,0.509,0.556,0.02,0.026,0.6,0.029,0.014,0.019,0.003,0.033,0.008,0.03,0.057,0.026,"1996",FALSE,0,0,21,FALSE
"216","Grant Long","PF",0.69,"ATL",1,1,0.851,0.382,0.386,0.628,0.077,0.097,0.36,0.379,0.424,0.484,0.544,0.34,0.347,0.763,0.474,0.536,0.515,0.157,0.439,0.09,0.338,0.628,0.381,"1996",FALSE,0,0,46,FALSE
"218","George Lynch","SF",0.595,"LAL",0.927,0.073,0.286,0.113,0.125,0.573,0.01,0.015,0.308,0.118,0.146,0.436,0.487,0.07,0.082,0.663,0.157,0.126,0.137,0.044,0.191,0.027,0.086,0.286,0.103,"1996",FALSE,0,0,53,FALSE
"219","Sam Mack","SF",0.595,"HOU",0.378,0.244,0.246,0.117,0.132,0.563,0.134,0.152,0.4,0.07,0.086,0.441,0.573,0.052,0.047,0.848,0.034,0.079,0.064,0.068,0.089,0.024,0.06,0.202,0.118,"1996",FALSE,0,0,48,FALSE
"220","Don MacLean","SF",0.619,"DEN",0.683,0.061,0.313,0.225,0.252,0.568,0.035,0.055,0.286,0.228,0.281,0.44,0.488,0.192,0.204,0.732,0.119,0.142,0.134,0.076,0.085,0.013,0.147,0.283,0.221,"1996",FALSE,0,0,35,FALSE
"221","Mark Macon","PG",0.619,"DET",0.28,0,0.081,0.028,0.031,0.577,0.017,0.017,0.467,0.023,0.029,0.423,0.539,0.012,0.011,0.818,0.019,0.012,0.014,0.014,0.061,0,0.019,0.092,0.026,"1996",FALSE,0,0,46,FALSE
"222","Rick Mahorn","C",0.881,"NJN",0.61,0,0.127,0.042,0.056,0.469,0,0.001,0,0.045,0.068,0.355,0.391,0.045,0.048,0.723,0.059,0.078,0.072,0.014,0.057,0.035,0.065,0.194,0.042,"1996",FALSE,0,0,30,FALSE
"223","Dan Majerle","SF",0.714,"CLE",1,0.183,0.67,0.293,0.344,0.54,0.363,0.467,0.353,0.163,0.188,0.47,0.559,0.159,0.174,0.71,0.134,0.233,0.199,0.184,0.329,0.09,0.2,0.353,0.308,"1996",FALSE,0,0,47,FALSE
"225","Karl Malone","PF",0.762,"UTA",1,1,0.881,0.763,0.699,0.692,0.04,0.045,0.4,0.804,0.835,0.522,0.582,0.677,0.728,0.723,0.335,0.625,0.525,0.296,0.561,0.149,0.429,0.66,0.744,"1996",FALSE,1,0.075,55,TRUE
"226","Danny Manning","PF",0.69,"PHO",0.402,0.049,0.231,0.172,0.179,0.612,0.007,0.016,0.214,0.182,0.211,0.468,0.514,0.108,0.112,0.752,0.057,0.112,0.093,0.056,0.154,0.064,0.166,0.326,0.156,"1996",FALSE,0,0,41,FALSE
"227","Rich Manning","PF",0.595,"VAN",0.354,0,0.088,0.047,0.052,0.579,0,0.001,0,0.051,0.063,0.438,0.482,0.012,0.014,0.643,0.031,0.039,0.036,0.006,0.012,0.016,0.037,0.1,0.038,"1996",FALSE,0,0,15,FALSE
"228","Sarunas Marciulionis","SG",0.738,"SAC",0.646,0,0.294,0.17,0.179,0.603,0.159,0.177,0.408,0.117,0.131,0.483,0.594,0.205,0.206,0.775,0.038,0.057,0.05,0.101,0.211,0.011,0.207,0.302,0.202,"1996",FALSE,0,0,39,FALSE
"229","Donny Marshall","SF",0.548,"CLE",0.415,0,0.059,0.023,0.031,0.471,0.017,0.034,0.233,0.018,0.021,0.447,0.449,0.029,0.036,0.629,0.017,0.017,0.017,0.006,0.033,0.005,0.015,0.07,0.027,"1996",FALSE,0,0,47,FALSE
"230","Donyell Marshall","SF",0.524,"GSW",0.756,0.073,0.264,0.121,0.145,0.531,0.07,0.106,0.298,0.101,0.124,0.441,0.492,0.085,0.085,0.771,0.124,0.147,0.139,0.042,0.089,0.082,0.103,0.224,0.121,"1996",FALSE,0,0,36,FALSE
"231","Cuonzo Martin","SG",0.571,"VAN",0.049,0,0.005,0.003,0.002,0.8,0.007,0.003,1,0,0.001,0,1,0,0.002,0,0.002,0.001,0.001,0.002,0.004,0,0.002,0.003,0.003,"1996",FALSE,0,0,15,FALSE
"233","Jamal Mashburn","SF",0.548,"DAL",0.22,0.22,0.189,0.14,0.176,0.505,0.087,0.115,0.343,0.114,0.158,0.391,0.471,0.128,0.137,0.729,0.071,0.06,0.063,0.043,0.057,0.008,0.119,0.105,0.149,"1996",FALSE,0,0,26,FALSE
"236","Vernon Maxwell","PG",0.714,"PHI",0.915,0.695,0.698,0.397,0.484,0.52,0.363,0.519,0.317,0.275,0.334,0.446,0.51,0.332,0.342,0.756,0.075,0.189,0.15,0.284,0.39,0.032,0.463,0.491,0.43,"1996",FALSE,0,0,18,FALSE
"237","Lee Mayberry","PG",0.595,"MIL",1,0.244,0.483,0.148,0.168,0.56,0.187,0.213,0.397,0.081,0.099,0.446,0.581,0.054,0.07,0.603,0.04,0.069,0.059,0.259,0.26,0.027,0.192,0.388,0.149,"1996",FALSE,0,0,25,FALSE
"238","Bob McCann","PF",0.738,"WSB",0.756,0,0.185,0.074,0.07,0.663,0.002,0.002,0.5,0.078,0.085,0.497,0.556,0.046,0.076,0.473,0.088,0.096,0.093,0.021,0.085,0.04,0.091,0.313,0.066,"1996",FALSE,0,0,39,FALSE
"239","George McCloud","SF",0.667,"DAL",0.963,0.768,0.806,0.513,0.59,0.552,0.639,0.765,0.379,0.284,0.34,0.453,0.571,0.238,0.23,0.804,0.222,0.261,0.248,0.182,0.459,0.101,0.358,0.571,0.529,"1996",FALSE,0,0,26,FALSE
"240","Clint McDaniel","SG",0.548,"SAC",0.146,0,0.02,0.008,0.011,0.464,0.005,0.007,0.333,0.006,0.01,0.353,0.434,0.016,0.016,0.75,0.006,0.007,0.007,0.006,0.02,0,0.004,0.027,0.011,"1996",FALSE,0,0,39,FALSE
"241","Antonio McDyess","PF",0.5,"DEN",0.927,0.915,0.645,0.413,0.405,0.647,0,0.005,0,0.444,0.495,0.487,0.539,0.22,0.25,0.683,0.438,0.341,0.374,0.064,0.22,0.303,0.332,0.674,0.36,"1996",FALSE,0,0,35,FALSE
"243","Derrick McKey","SF",0.69,"IND",0.915,0.915,0.691,0.335,0.328,0.648,0.042,0.077,0.25,0.342,0.363,0.511,0.553,0.225,0.227,0.769,0.235,0.236,0.236,0.225,0.337,0.117,0.308,0.663,0.31,"1996",FALSE,0,0,52,FALSE
"244","Aaron McKie","SG",0.548,"POR",0.988,0.89,0.639,0.326,0.332,0.623,0.095,0.132,0.325,0.311,0.341,0.494,0.548,0.201,0.205,0.764,0.164,0.216,0.199,0.176,0.374,0.056,0.291,0.553,0.305,"1996",FALSE,0,0,44,FALSE
"245","Nate McMillan","PG",0.738,"SEA",0.671,0.171,0.357,0.097,0.11,0.56,0.114,0.137,0.38,0.056,0.066,0.462,0.574,0.038,0.042,0.707,0.078,0.168,0.137,0.169,0.386,0.048,0.162,0.385,0.097,"1996",FALSE,0,0,64,FALSE
"246","Loren Meyer","C",0.548,"DAL",0.878,0.256,0.358,0.14,0.152,0.585,0.007,0.012,0.273,0.148,0.18,0.445,0.493,0.093,0.105,0.686,0.218,0.204,0.208,0.049,0.081,0.085,0.144,0.604,0.128,"1996",FALSE,0,0,26,FALSE
"247","Anthony Miller","PF",0.571,"LAL",0.329,0,0.035,0.015,0.016,0.572,0,0.002,0,0.016,0.019,0.455,0.477,0.008,0.01,0.6,0.021,0.014,0.016,0.003,0.016,0.003,0.017,0.051,0.013,"1996",FALSE,0,0,53,FALSE
"248","Oliver Miller","PF",0.595,"TOR",0.927,0.878,0.712,0.404,0.366,0.701,0,0.012,0,0.435,0.442,0.533,0.584,0.193,0.227,0.661,0.338,0.382,0.367,0.188,0.439,0.38,0.435,0.747,0.347,"1996",FALSE,0,0,21,FALSE
"249","Reggie Miller","SG",0.714,"IND",0.927,0.927,0.742,0.487,0.491,0.631,0.418,0.463,0.41,0.35,0.37,0.512,0.613,0.569,0.512,0.863,0.073,0.175,0.14,0.217,0.313,0.035,0.407,0.472,0.567,"1996",FALSE,0,0,52,FALSE
"250","Chris Mills","SF",0.619,"CLE",0.976,0.976,0.866,0.439,0.447,0.624,0.197,0.237,0.376,0.39,0.429,0.493,0.564,0.288,0.271,0.829,0.214,0.329,0.29,0.162,0.297,0.138,0.261,0.65,0.425,"1996",FALSE,0,0,47,FALSE
"251","Terry Mills","PF",0.667,"DET",1,0.061,0.469,0.274,0.311,0.559,0.204,0.234,0.396,0.209,0.264,0.429,0.533,0.16,0.162,0.771,0.207,0.242,0.23,0.084,0.171,0.053,0.211,0.531,0.272,"1996",FALSE,0,0,46,FALSE
"252","Harold Miner","SG",0.571,"CLE",0.232,0,0.038,0.022,0.024,0.589,0.005,0.011,0.2,0.022,0.024,0.5,0.513,0.017,0.013,1,0.008,0.008,0.008,0.007,0,0,0.03,0.062,0.022,"1996",FALSE,0,0,47,FALSE
"253","Greg Minor","SG",0.571,"BOS",0.951,0.573,0.498,0.309,0.295,0.667,0.017,0.03,0.259,0.326,0.346,0.511,0.561,0.131,0.134,0.762,0.178,0.163,0.168,0.125,0.146,0.029,0.168,0.434,0.263,"1996",FALSE,0,0,33,FALSE
"254","Sam Mitchell","SF",0.762,"MIN",0.951,0.512,0.607,0.293,0.284,0.653,0.002,0.02,0.056,0.314,0.338,0.503,0.546,0.313,0.299,0.814,0.205,0.23,0.222,0.064,0.199,0.069,0.188,0.593,0.298,"1996",FALSE,0,0,26,FALSE
"257","Tracy Moore","SG",0.714,"HOU",0.098,0.024,0.054,0.029,0.035,0.527,0.032,0.034,0.433,0.018,0.026,0.37,0.533,0.024,0.02,0.947,0.019,0.012,0.014,0.005,0.008,0,0.017,0.043,0.032,"1996",FALSE,0,0,48,FALSE
"258","Chris Morris","SG",0.714,"UTA",0.805,0.402,0.403,0.256,0.279,0.583,0.157,0.222,0.32,0.21,0.231,0.494,0.543,0.13,0.131,0.772,0.191,0.128,0.15,0.066,0.256,0.053,0.153,0.377,0.244,"1996",FALSE,0,0,55,FALSE
"259","Lawrence Moten","SG",0.548,"VAN",0.537,0.037,0.162,0.108,0.114,0.604,0.045,0.062,0.327,0.098,0.108,0.49,0.544,0.065,0.077,0.653,0.069,0.025,0.04,0.043,0.118,0.021,0.095,0.146,0.103,"1996",FALSE,0,0,15,FALSE
"260","Alonzo Mourning","C",0.595,"MIA",0.854,0.854,0.756,0.544,0.495,0.697,0.022,0.034,0.3,0.576,0.59,0.53,0.586,0.646,0.733,0.685,0.417,0.505,0.475,0.137,0.285,0.503,0.565,0.66,0.573,"1996",FALSE,0,0.005,42,TRUE
"261","Chris Mullin","SF",0.762,"GSW",0.671,0.232,0.458,0.26,0.248,0.665,0.147,0.169,0.393,0.219,0.219,0.54,0.616,0.181,0.165,0.856,0.084,0.114,0.104,0.167,0.305,0.085,0.263,0.342,0.259,"1996",FALSE,0,0,36,FALSE
"264","Gheorghe Muresan","C",0.571,"WSB",0.927,0.927,0.635,0.451,0.367,0.779,0,0.001,0,0.485,0.45,0.585,0.649,0.228,0.286,0.619,0.474,0.477,0.476,0.048,0.211,0.457,0.308,0.801,0.39,"1996",FALSE,0,0,39,FALSE
"265","Lamond Murray","SF",0.524,"LAC",0.939,0.39,0.514,0.249,0.265,0.596,0.092,0.131,0.319,0.229,0.259,0.479,0.532,0.131,0.136,0.75,0.17,0.156,0.161,0.072,0.248,0.066,0.233,0.407,0.23,"1996",FALSE,0,0,29,FALSE
"266","Tracy Murray","SF",0.571,"TOR",1,0.451,0.696,0.48,0.503,0.605,0.376,0.404,0.422,0.359,0.414,0.47,0.581,0.241,0.225,0.831,0.218,0.236,0.23,0.113,0.354,0.106,0.284,0.561,0.468,"1996",FALSE,0,0,21,FALSE
"267","Dikembe Mutombo","C",0.69,"DEN",0.902,0.902,0.768,0.275,0.262,0.665,0,0.001,0,0.296,0.32,0.5,0.554,0.325,0.364,0.695,0.476,0.618,0.569,0.093,0.154,0.883,0.323,0.695,0.287,"1996",FALSE,0,0,35,FALSE
"269","Howard Nathan","PG",0.571,"ATL",0.061,0,0.004,0.005,0.004,0.741,0,0.001,0,0.005,0.005,0.625,0.618,0.004,0.004,0.75,0,0,0,0.002,0.012,0,0.017,0.005,0.005,"1996",FALSE,0,0,46,FALSE
"270","Johnny Newman","SG",0.762,"MIL",1,1,0.761,0.31,0.299,0.66,0.152,0.183,0.377,0.271,0.275,0.534,0.602,0.246,0.239,0.802,0.126,0.133,0.131,0.132,0.366,0.04,0.233,0.693,0.314,"1996",FALSE,0,0,25,FALSE
"271","Ken Norman","SF",0.738,"ATL",0.415,0.341,0.218,0.123,0.126,0.62,0.082,0.095,0.393,0.098,0.107,0.497,0.584,0.022,0.049,0.354,0.076,0.091,0.086,0.054,0.061,0.043,0.099,0.183,0.107,"1996",FALSE,0,0,46,FALSE
"272","Ed O'Bannon","SG",0.548,"NJN",0.78,0.354,0.355,0.151,0.184,0.52,0.025,0.063,0.179,0.152,0.194,0.424,0.448,0.102,0.111,0.713,0.124,0.102,0.11,0.054,0.179,0.029,0.134,0.256,0.141,"1996",FALSE,0,0,30,FALSE
"273","Shaquille O'Neal","C",0.548,"ORL",0.659,0.634,0.551,0.573,0.475,0.764,0.002,0.002,0.5,0.615,0.582,0.573,0.638,0.329,0.526,0.487,0.348,0.411,0.39,0.133,0.138,0.306,0.334,0.52,0.506,"1996",FALSE,0,0.056,60,TRUE
"274","Dan O'Sullivan","C",0.643,"TOR",0.061,0.024,0.039,0.013,0.016,0.495,0,0.001,0,0.014,0.019,0.382,0.412,0.009,0.008,0.875,0.025,0.019,0.021,0.002,0.008,0.011,0.011,0.035,0.012,"1996",FALSE,0,0,21,FALSE
"275","Charles Oakley","PF",0.762,"NYK",0.646,0.622,0.502,0.204,0.206,0.628,0.017,0.029,0.269,0.212,0.238,0.483,0.532,0.231,0.216,0.833,0.31,0.296,0.301,0.118,0.236,0.037,0.224,0.526,0.213,"1996",FALSE,0,0,47,FALSE
"276","Hakeem Olajuwon","C",0.786,"HOU",0.878,0.878,0.792,0.743,0.688,0.685,0.007,0.016,0.214,0.796,0.835,0.517,0.572,0.525,0.564,0.724,0.337,0.604,0.512,0.221,0.459,0.551,0.532,0.652,0.684,"1996",FALSE,1,0.211,48,TRUE
"278","Bo Outlaw","PF",0.571,"LAC",0.976,0.037,0.279,0.103,0.086,0.767,0,0.003,0,0.111,0.103,0.585,0.639,0.095,0.167,0.444,0.166,0.112,0.131,0.043,0.179,0.242,0.097,0.342,0.101,"1996",FALSE,0,0,29,FALSE
"279","Doug Overton","PG",0.619,"DEN",0.671,0,0.172,0.065,0.082,0.501,0.02,0.029,0.308,0.061,0.086,0.388,0.443,0.053,0.057,0.727,0.015,0.055,0.041,0.091,0.053,0.013,0.086,0.132,0.064,"1996",FALSE,0,0,35,FALSE
"281","Robert Pack","PG",0.619,"WSB",0.378,0.378,0.307,0.184,0.204,0.571,0.065,0.111,0.265,0.171,0.195,0.474,0.508,0.204,0.187,0.846,0.055,0.102,0.086,0.208,0.252,0.003,0.246,0.183,0.198,"1996",FALSE,0,0,39,FALSE
"283","Cherokee Parks","C",0.548,"DAL",0.78,0.037,0.246,0.098,0.114,0.545,0.017,0.029,0.269,0.098,0.125,0.425,0.47,0.054,0.064,0.661,0.126,0.149,0.141,0.025,0.102,0.085,0.067,0.27,0.088,"1996",FALSE,0,0,26,FALSE
"284","Gary Payton","PG",0.643,"SEA",0.988,0.988,0.895,0.598,0.587,0.645,0.244,0.337,0.328,0.541,0.551,0.532,0.581,0.303,0.315,0.748,0.199,0.233,0.222,0.522,0.939,0.051,0.56,0.596,0.552,"1996",FALSE,0,0.087,64,TRUE
"285","Anthony Peeler","SG",0.619,"LAL",0.89,0.146,0.455,0.263,0.277,0.603,0.261,0.287,0.413,0.174,0.196,0.48,0.599,0.081,0.088,0.709,0.086,0.091,0.09,0.101,0.24,0.027,0.121,0.375,0.251,"1996",FALSE,0,0,53,FALSE
"287","Will Perdue","C",0.714,"SAS",0.976,0.268,0.395,0.167,0.152,0.697,0,0.001,0,0.18,0.186,0.524,0.581,0.089,0.129,0.536,0.335,0.308,0.317,0.028,0.114,0.199,0.185,0.493,0.146,"1996",FALSE,0,0,59,FALSE
"288","Sam Perkins","PF",0.81,"SEA",1,0.244,0.614,0.314,0.367,0.544,0.321,0.41,0.355,0.204,0.245,0.452,0.543,0.253,0.248,0.793,0.193,0.264,0.24,0.103,0.337,0.128,0.177,0.469,0.343,"1996",FALSE,0,0,64,FALSE
"289","Elliot Perry","PG",0.619,"PHO",0.988,0.317,0.472,0.252,0.253,0.633,0.06,0.067,0.407,0.247,0.276,0.484,0.552,0.2,0.2,0.778,0.065,0.101,0.089,0.303,0.354,0.013,0.315,0.377,0.246,"1996",FALSE,0,0,41,FALSE
"291","Chuck Person","SF",0.738,"SAS",0.976,0.195,0.603,0.298,0.324,0.583,0.473,0.523,0.41,0.123,0.136,0.488,0.636,0.089,0.107,0.644,0.145,0.335,0.27,0.086,0.199,0.069,0.196,0.531,0.308,"1996",FALSE,0,0,59,FALSE
"292","Wesley Person","SG",0.571,"PHO",1,0.573,0.738,0.377,0.404,0.593,0.291,0.353,0.374,0.284,0.318,0.484,0.568,0.196,0.198,0.771,0.107,0.263,0.21,0.119,0.224,0.059,0.192,0.399,0.369,"1996",FALSE,0,0,41,FALSE
"293","Bobby Phills","SG",0.619,"CLE",0.878,0.841,0.716,0.373,0.38,0.623,0.231,0.238,0.441,0.305,0.347,0.476,0.582,0.246,0.247,0.775,0.119,0.198,0.171,0.233,0.415,0.072,0.272,0.518,0.371,"1996",FALSE,0,0,47,FALSE
"294","Eric Piatkowski","SG",0.595,"LAC",0.793,0.012,0.222,0.095,0.111,0.54,0.095,0.129,0.333,0.062,0.072,0.469,0.537,0.089,0.084,0.817,0.076,0.063,0.067,0.041,0.098,0.027,0.097,0.224,0.106,"1996",FALSE,0,0,29,FALSE
"295","Ricky Pierce","SG",0.857,"IND",0.927,0.024,0.397,0.255,0.272,0.596,0.087,0.117,0.337,0.238,0.274,0.471,0.53,0.23,0.211,0.849,0.076,0.095,0.089,0.087,0.232,0.016,0.2,0.507,0.26,"1996",FALSE,0,0,52,FALSE
"297","Scottie Pippen","SF",0.714,"CHI",0.939,0.939,0.8,0.544,0.56,0.617,0.373,0.453,0.374,0.43,0.46,0.507,0.583,0.291,0.333,0.679,0.291,0.342,0.324,0.388,0.541,0.152,0.446,0.534,0.528,"1996",FALSE,0,0.2,72,TRUE
"298","Olden Polynice","C",0.738,"SAC",0.988,0.976,0.691,0.417,0.376,0.703,0.002,0.003,0.333,0.447,0.46,0.528,0.587,0.161,0.209,0.601,0.491,0.503,0.499,0.05,0.211,0.176,0.274,0.674,0.348,"1996",FALSE,0,0,39,FALSE
"299","Terry Porter","PG",0.762,"MIN",1,0.488,0.586,0.26,0.28,0.589,0.177,0.255,0.314,0.206,0.215,0.518,0.557,0.217,0.215,0.785,0.069,0.175,0.139,0.388,0.362,0.04,0.373,0.415,0.273,"1996",FALSE,0,0,26,FALSE
"300","Brent Price","PG",0.643,"WSB",0.988,0.61,0.578,0.244,0.246,0.629,0.346,0.34,0.462,0.118,0.131,0.485,0.669,0.221,0.197,0.874,0.073,0.189,0.149,0.357,0.317,0.011,0.33,0.496,0.286,"1996",FALSE,0,0,39,FALSE
"301","Mark Price","PG",0.738,"WSB",0.085,0.012,0.036,0.017,0.028,0.4,0.025,0.034,0.333,0.008,0.017,0.267,0.426,0.013,0.01,1,0.002,0.006,0.005,0.015,0.024,0,0.022,0.019,0.02,"1996",FALSE,0,0,39,FALSE
"302","Kevin Pritchard","PG",0.667,"WSB",0.024,0,0.006,0.002,0.001,0.889,0.002,0.001,1,0.001,0.001,0.5,0.926,0.003,0.003,0.667,0,0.002,0.001,0.006,0.008,0,0,0.008,0.002,"1996",FALSE,0,0,39,FALSE
"304","Theo Ratliff","C",0.524,"DET",0.915,0.024,0.369,0.124,0.106,0.743,0,0.001,0,0.133,0.129,0.559,0.619,0.112,0.123,0.708,0.21,0.186,0.194,0.011,0.065,0.309,0.121,0.388,0.12,"1996",FALSE,0,0,46,FALSE
"305","Eldridge Recasner","SG",0.667,"HOU",0.768,0.329,0.361,0.144,0.165,0.553,0.201,0.216,0.424,0.071,0.095,0.405,0.587,0.075,0.068,0.864,0.059,0.112,0.094,0.146,0.093,0.013,0.131,0.299,0.154,"1996",FALSE,0,0,48,FALSE
"306","Bryant Reeves","C",0.524,"VAN",0.939,0.768,0.696,0.388,0.404,0.609,0,0.003,0,0.417,0.493,0.459,0.508,0.29,0.308,0.732,0.34,0.389,0.373,0.094,0.175,0.146,0.338,0.609,0.361,"1996",FALSE,0,0,15,FALSE
"311","Shawn Respert","SG",0.548,"MIL",0.756,0,0.239,0.109,0.134,0.516,0.104,0.138,0.344,0.074,0.096,0.418,0.51,0.046,0.043,0.833,0.054,0.046,0.048,0.058,0.13,0.011,0.091,0.181,0.107,"1996",FALSE,0,0,25,FALSE
"312","Jerry Reynolds","SF",0.786,"MIL",0.232,0,0.054,0.02,0.024,0.528,0.002,0.011,0.1,0.021,0.024,0.465,0.451,0.017,0.022,0.619,0.025,0.02,0.022,0.01,0.061,0.016,0.034,0.054,0.02,"1996",FALSE,0,0,25,FALSE
"313","Glen Rice","SF",0.667,"CHH",0.963,0.963,0.889,0.59,0.596,0.628,0.425,0.455,0.424,0.457,0.504,0.492,0.597,0.422,0.392,0.837,0.164,0.29,0.247,0.199,0.37,0.051,0.351,0.585,0.604,"1996",FALSE,0,0,41,FALSE
"314","Pooh Richardson","PG",0.69,"LAC",0.768,0.744,0.57,0.272,0.306,0.564,0.234,0.277,0.384,0.195,0.236,0.446,0.549,0.103,0.108,0.743,0.067,0.122,0.103,0.292,0.313,0.035,0.205,0.361,0.259,"1996",FALSE,0,0,29,FALSE
"315","Mitch Richmond","SG",0.714,"SAC",0.988,0.988,0.834,0.591,0.63,0.596,0.56,0.581,0.437,0.402,0.481,0.453,0.588,0.562,0.505,0.866,0.103,0.214,0.176,0.219,0.508,0.051,0.474,0.628,0.661,"1996",FALSE,0,0.003,39,TRUE
"316","Isaiah Rider","SG",0.571,"MIN",0.915,0.829,0.734,0.542,0.555,0.619,0.254,0.31,0.371,0.477,0.525,0.492,0.563,0.328,0.305,0.838,0.189,0.209,0.202,0.183,0.195,0.061,0.433,0.55,0.519,"1996",FALSE,0,0,26,FALSE
"317","Eric Riley","C",0.595,"MIN",0.305,0.122,0.088,0.034,0.034,0.631,0,0.001,0,0.036,0.041,0.479,0.526,0.029,0.029,0.786,0.061,0.044,0.05,0.004,0.033,0.043,0.037,0.113,0.032,"1996",FALSE,0,0,26,FALSE
"318","Doc Rivers","PG",0.81,"SAS",0.951,0,0.35,0.104,0.133,0.496,0.117,0.155,0.343,0.063,0.086,0.399,0.503,0.063,0.066,0.75,0.057,0.107,0.09,0.106,0.297,0.056,0.123,0.472,0.11,"1996",FALSE,0,0,59,FALSE
"319","Fred Roberts","C",0.833,"LAL",0.402,0.012,0.09,0.046,0.045,0.66,0.01,0.016,0.286,0.046,0.047,0.53,0.572,0.029,0.029,0.786,0.034,0.029,0.031,0.022,0.065,0.011,0.052,0.065,0.043,"1996",FALSE,0,0,53,FALSE
"321","Alvin Robertson","SG",0.786,"TOR",0.939,0.841,0.701,0.276,0.279,0.627,0.102,0.17,0.272,0.254,0.257,0.535,0.559,0.142,0.163,0.677,0.21,0.23,0.224,0.277,0.675,0.096,0.394,0.722,0.254,"1996",FALSE,0,0,21,FALSE
"322","Clifford Robinson","SF",0.69,"POR",0.951,0.927,0.843,0.535,0.601,0.564,0.443,0.532,0.378,0.39,0.471,0.449,0.547,0.476,0.558,0.664,0.235,0.318,0.29,0.163,0.35,0.181,0.418,0.668,0.581,"1996",FALSE,0,0,44,FALSE
"323","David Robinson","C",0.714,"SAS",1,1,0.855,0.688,0.634,0.688,0.007,0.01,0.333,0.737,0.772,0.517,0.574,0.828,0.847,0.761,0.61,0.676,0.654,0.212,0.451,0.721,0.409,0.706,0.724,"1996",FALSE,0,0.508,59,TRUE
"324","Glenn Robinson","SF",0.548,"MIL",1,1,0.92,0.606,0.636,0.605,0.224,0.297,0.342,0.559,0.631,0.48,0.54,0.418,0.4,0.812,0.26,0.365,0.329,0.252,0.386,0.112,0.608,0.636,0.586,"1996",FALSE,0,0,25,FALSE
"325","James Robinson","PG",0.595,"POR",0.927,0.061,0.461,0.221,0.264,0.532,0.254,0.321,0.359,0.132,0.164,0.438,0.542,0.118,0.139,0.659,0.084,0.112,0.103,0.129,0.138,0.043,0.239,0.394,0.229,"1996",FALSE,0,0,44,FALSE
"326","Rumeal Robinson","PG",0.69,"POR",0.524,0.171,0.202,0.089,0.102,0.555,0.075,0.089,0.38,0.065,0.08,0.437,0.538,0.044,0.052,0.647,0.036,0.059,0.051,0.122,0.106,0.013,0.155,0.213,0.087,"1996",FALSE,0,0,44,FALSE
"327","Dennis Rodman","PF",0.81,"CHI",0.78,0.695,0.591,0.141,0.14,0.64,0.007,0.03,0.111,0.149,0.156,0.516,0.539,0.074,0.109,0.528,0.681,0.592,0.622,0.137,0.146,0.072,0.297,0.528,0.124,"1996",FALSE,0,0.004,72,TRUE
"328","Lou Roe","SF",0.548,"DET",0.598,0.024,0.105,0.031,0.041,0.475,0.005,0.01,0.222,0.031,0.046,0.37,0.408,0.032,0.033,0.75,0.057,0.048,0.051,0.013,0.041,0.021,0.037,0.113,0.032,"1996",FALSE,0,0,46,FALSE
"329","Carlos Rogers","PF",0.571,"TOR",0.683,0.22,0.295,0.172,0.158,0.689,0.007,0.024,0.143,0.182,0.182,0.542,0.58,0.094,0.134,0.546,0.153,0.089,0.111,0.03,0.102,0.128,0.131,0.235,0.152,"1996",FALSE,0,0,21,FALSE
"330","Rodney Rogers","SF",0.571,"LAC",0.817,0.622,0.552,0.296,0.295,0.636,0.122,0.173,0.32,0.267,0.275,0.527,0.573,0.149,0.185,0.628,0.216,0.172,0.187,0.143,0.305,0.093,0.31,0.582,0.273,"1996",FALSE,0,0,29,FALSE
"332","Jalen Rose","SG",0.548,"DEN",0.976,0.451,0.604,0.28,0.278,0.64,0.08,0.122,0.296,0.268,0.28,0.52,0.563,0.253,0.285,0.69,0.088,0.213,0.17,0.425,0.215,0.104,0.504,0.617,0.284,"1996",FALSE,0,0,35,FALSE
"333","Donald Royal","SF",0.69,"ORL",0.78,0.085,0.273,0.103,0.099,0.655,0,0.002,0,0.11,0.121,0.495,0.546,0.165,0.169,0.762,0.109,0.095,0.1,0.036,0.118,0.04,0.112,0.261,0.119,"1996",FALSE,0,0,60,FALSE
"334","Clifford Rozier","C",0.548,"GSW",0.72,0.012,0.205,0.076,0.062,0.78,0,0.002,0,0.082,0.075,0.594,0.65,0.034,0.057,0.473,0.136,0.099,0.112,0.019,0.077,0.08,0.086,0.364,0.065,"1996",FALSE,0,0,36,FALSE
"335","Trevor Ruffin","PG",0.595,"PHI",0.744,0.28,0.439,0.254,0.298,0.541,0.259,0.321,0.366,0.165,0.205,0.437,0.54,0.196,0.187,0.813,0.04,0.11,0.086,0.231,0.175,0.005,0.321,0.356,0.275,"1996",FALSE,0,0,18,FALSE
"337","Bryon Russell","SF",0.595,"UTA",0.72,0.11,0.163,0.054,0.065,0.525,0.035,0.045,0.35,0.044,0.058,0.412,0.493,0.063,0.069,0.716,0.054,0.062,0.059,0.025,0.118,0.021,0.078,0.178,0.061,"1996",FALSE,0,0,55,FALSE
"338","Arvydas Sabonis","C",0.738,"POR",0.89,0.256,0.491,0.381,0.333,0.727,0.097,0.117,0.375,0.369,0.349,0.574,0.636,0.306,0.314,0.757,0.281,0.438,0.384,0.112,0.26,0.207,0.332,0.569,0.374,"1996",FALSE,0,0,44,FALSE
"341","Steve Scheffler","C",0.667,"SEA",0.427,0.024,0.051,0.023,0.021,0.711,0.002,0.006,0.2,0.024,0.023,0.575,0.604,0.012,0.02,0.474,0.029,0.018,0.022,0.002,0.024,0.005,0.017,0.067,0.02,"1996",FALSE,0,0,64,FALSE
"343","Detlef Schrempf","SF",0.786,"SEA",0.768,0.732,0.623,0.348,0.341,0.648,0.182,0.202,0.408,0.299,0.316,0.512,0.596,0.38,0.381,0.776,0.14,0.253,0.214,0.237,0.228,0.021,0.315,0.482,0.381,"1996",FALSE,0,0,64,FALSE
"344","Byron Scott","SG",0.81,"VAN",0.976,0,0.536,0.262,0.311,0.535,0.184,0.249,0.335,0.205,0.257,0.433,0.507,0.269,0.25,0.835,0.076,0.151,0.125,0.106,0.256,0.059,0.216,0.34,0.289,"1996",FALSE,0,0,15,FALSE
"345","Dennis Scott","SF",0.643,"ORL",1,1,0.861,0.475,0.514,0.587,0.664,0.709,0.425,0.233,0.276,0.458,0.621,0.241,0.228,0.82,0.12,0.244,0.202,0.209,0.366,0.077,0.263,0.456,0.505,"1996",FALSE,0,0,60,FALSE
"346","Malik Sealy","SF",0.595,"LAC",0.756,0.585,0.453,0.263,0.301,0.553,0.052,0.113,0.21,0.261,0.313,0.452,0.479,0.194,0.189,0.799,0.145,0.163,0.157,0.1,0.341,0.074,0.244,0.404,0.251,"1996",FALSE,0,0,29,FALSE
"347","Rony Seikaly","C",0.714,"GSW",0.78,0.732,0.513,0.276,0.261,0.669,0.005,0.003,0.667,0.294,0.319,0.501,0.56,0.27,0.29,0.723,0.317,0.331,0.326,0.061,0.163,0.184,0.388,0.59,0.274,"1996",FALSE,0,0,36,FALSE
"348","Brian Shaw","PG",0.69,"ORL",0.915,0.012,0.475,0.176,0.224,0.499,0.102,0.163,0.285,0.147,0.193,0.412,0.463,0.12,0.117,0.798,0.111,0.165,0.146,0.289,0.236,0.029,0.373,0.431,0.175,"1996",FALSE,0,0,60,FALSE
"349","Lionel Simmons","SF",0.643,"SAC",0.659,0.061,0.229,0.083,0.1,0.528,0.047,0.058,0.373,0.07,0.094,0.404,0.489,0.073,0.077,0.733,0.078,0.103,0.095,0.071,0.126,0.053,0.11,0.229,0.087,"1996",FALSE,0,0,39,FALSE
"350","Dickey Simpkins","PF",0.548,"CHI",0.732,0.146,0.194,0.074,0.074,0.641,0.002,0.001,1,0.079,0.09,0.478,0.538,0.081,0.1,0.629,0.126,0.089,0.102,0.033,0.037,0.021,0.121,0.21,0.076,"1996",FALSE,0,0,72,FALSE
"351","Scott Skiles","PG",0.738,"PHI",0.122,0.11,0.067,0.019,0.026,0.468,0.037,0.038,0.441,0.005,0.013,0.217,0.536,0.011,0.01,0.8,0.002,0.015,0.01,0.033,0.028,0,0.034,0.057,0.022,"1996",FALSE,0,0,18,FALSE
"353","Charles Smith","PG",0.667,"MIN",0.098,0,0.011,0.003,0.005,0.4,0,0.003,0,0.003,0.004,0.429,0.333,0,0.002,0,0,0.005,0.003,0.005,0.004,0,0.011,0.019,0.002,"1996",FALSE,0,0,26,FALSE
"356","Joe Smith","PF",0.476,"GSW",1,1,0.798,0.454,0.471,0.611,0.025,0.032,0.357,0.478,0.562,0.461,0.514,0.401,0.403,0.773,0.574,0.414,0.469,0.068,0.346,0.356,0.297,0.604,0.442,"1996",FALSE,0,0,36,FALSE
"357","Kenny Smith","PG",0.714,"HOU",0.829,0.683,0.458,0.194,0.214,0.577,0.226,0.269,0.382,0.114,0.127,0.487,0.59,0.115,0.109,0.821,0.04,0.074,0.063,0.21,0.191,0.008,0.216,0.313,0.205,"1996",FALSE,0,0,48,FALSE
"358","Michael Smith","PF",0.548,"SAC",0.793,0,0.392,0.139,0.11,0.807,0.002,0.001,1,0.149,0.134,0.603,0.674,0.09,0.182,0.384,0.273,0.244,0.254,0.095,0.191,0.122,0.155,0.447,0.126,"1996",FALSE,0,0,39,FALSE
"359","Steve Smith","SG",0.619,"ATL",0.976,0.976,0.808,0.478,0.526,0.576,0.348,0.477,0.331,0.368,0.406,0.492,0.548,0.421,0.396,0.826,0.237,0.201,0.213,0.192,0.276,0.045,0.325,0.558,0.511,"1996",FALSE,0,0,46,FALSE
"361","Rik Smits","C",0.69,"IND",0.768,0.768,0.538,0.451,0.411,0.695,0.002,0.006,0.2,0.484,0.501,0.523,0.58,0.306,0.301,0.788,0.228,0.312,0.283,0.095,0.085,0.12,0.345,0.609,0.411,"1996",FALSE,0,0,52,FALSE
"362","Eric Snow","PG",0.524,"SEA",0.524,0.012,0.11,0.041,0.046,0.56,0.005,0.011,0.2,0.042,0.051,0.444,0.478,0.038,0.05,0.592,0.017,0.034,0.028,0.063,0.114,0,0.082,0.143,0.041,"1996",FALSE,0,0,64,FALSE
"365","Latrell Sprewell","SG",0.595,"GSW",0.951,0.951,0.867,0.498,0.553,0.571,0.226,0.318,0.323,0.441,0.519,0.461,0.518,0.466,0.459,0.789,0.237,0.254,0.248,0.282,0.516,0.12,0.478,0.404,0.52,"1996",FALSE,0,0,36,FALSE
"366","Jerry Stackhouse","SG",0.5,"PHI",0.878,0.866,0.765,0.437,0.502,0.552,0.231,0.33,0.318,0.374,0.451,0.449,0.508,0.512,0.533,0.747,0.172,0.174,0.173,0.239,0.309,0.21,0.543,0.482,0.489,"1996",FALSE,0,0,18,FALSE
"367","John Starks","SG",0.714,"NYK",0.988,0.866,0.705,0.363,0.389,0.591,0.356,0.447,0.361,0.241,0.254,0.516,0.587,0.173,0.179,0.753,0.059,0.205,0.155,0.271,0.419,0.029,0.336,0.609,0.362,"1996",FALSE,0,0,47,FALSE
"368","Bryant Stith","SG",0.595,"DEN",1,0.939,0.795,0.367,0.419,0.555,0.102,0.167,0.277,0.352,0.43,0.443,0.488,0.423,0.39,0.844,0.239,0.273,0.261,0.207,0.463,0.043,0.338,0.504,0.395,"1996",FALSE,0,0,35,FALSE
"369","John Stockton","PG",0.786,"UTA",1,1,0.825,0.426,0.376,0.717,0.236,0.254,0.422,0.359,0.334,0.582,0.662,0.31,0.29,0.83,0.103,0.171,0.148,0.787,0.569,0.04,0.53,0.558,0.427,"1996",FALSE,0,0.011,55,TRUE
"370","Damon Stoudamire","PG",0.524,"TOR",0.854,0.854,0.811,0.465,0.52,0.568,0.331,0.38,0.395,0.362,0.447,0.439,0.539,0.312,0.305,0.797,0.113,0.22,0.184,0.561,0.398,0.051,0.575,0.447,0.47,"1996",FALSE,0,0,21,FALSE
"371","Rod Strickland","PG",0.69,"POR",0.817,0.768,0.715,0.456,0.471,0.613,0.095,0.125,0.342,0.451,0.514,0.475,0.532,0.365,0.435,0.652,0.17,0.207,0.194,0.55,0.394,0.043,0.55,0.364,0.444,"1996",FALSE,0,0,44,FALSE
"372","Derek Strong","PF",0.643,"LAL",0.768,0,0.211,0.07,0.078,0.568,0.002,0.01,0.111,0.074,0.09,0.444,0.477,0.091,0.087,0.812,0.115,0.117,0.116,0.027,0.073,0.032,0.043,0.216,0.076,"1996",FALSE,0,0,53,FALSE
"373","Bob Sura","SG",0.524,"CLE",0.963,0.037,0.326,0.143,0.166,0.548,0.067,0.088,0.346,0.126,0.159,0.429,0.499,0.131,0.145,0.702,0.065,0.1,0.088,0.2,0.228,0.056,0.248,0.34,0.149,"1996",FALSE,0,0,47,FALSE
"376","Zan Tabak","C",0.595,"TOR",0.817,0.22,0.377,0.218,0.191,0.724,0,0.001,0,0.234,0.233,0.545,0.603,0.085,0.117,0.561,0.224,0.202,0.209,0.053,0.098,0.082,0.218,0.55,0.181,"1996",FALSE,0,0,21,FALSE
"377","Kurt Thomas","PF",0.548,"MIA",0.902,0.512,0.468,0.265,0.252,0.668,0,0.002,0,0.285,0.307,0.503,0.557,0.156,0.183,0.663,0.233,0.315,0.287,0.04,0.191,0.096,0.211,0.73,0.235,"1996",FALSE,0,0,42,FALSE
"378","Brooks Thompson","PG",0.595,"ORL",0.402,0,0.07,0.046,0.047,0.621,0.062,0.072,0.391,0.024,0.022,0.59,0.652,0.025,0.028,0.704,0.008,0.02,0.016,0.027,0.049,0,0.052,0.094,0.049,"1996",FALSE,0,0,60,FALSE
"381","Otis Thorpe","PF",0.786,"DET",1,1,0.804,0.437,0.393,0.707,0,0.005,0,0.47,0.479,0.532,0.589,0.34,0.372,0.71,0.403,0.474,0.45,0.136,0.215,0.104,0.42,0.809,0.41,"1996",FALSE,0,0,46,FALSE
"382","Sedale Threatt","PG",0.81,"LAL",1,0.098,0.477,0.233,0.242,0.611,0.149,0.191,0.355,0.188,0.201,0.507,0.572,0.071,0.073,0.761,0.038,0.074,0.062,0.231,0.276,0.029,0.159,0.48,0.21,"1996",FALSE,0,0,53,FALSE
"384","Andy Toolson","SF",0.714,"UTA",0.159,0,0.015,0.008,0.01,0.485,0.007,0.014,0.25,0.005,0.006,0.5,0.48,0.004,0.004,0.75,0,0.006,0.004,0.001,0,0,0.004,0.032,0.008,"1996",FALSE,0,0,55,FALSE
"385","Keith Tower","C",0.595,"LAC",0.415,0.012,0.086,0.031,0.033,0.592,0,0.001,0,0.033,0.04,0.451,0.493,0.024,0.027,0.692,0.042,0.029,0.033,0.004,0.016,0.029,0.034,0.135,0.029,"1996",FALSE,0,0,29,FALSE
"386","Gary Trent","PF",0.5,"POR",0.841,0.122,0.345,0.213,0.197,0.684,0,0.01,0,0.229,0.237,0.524,0.57,0.103,0.145,0.553,0.161,0.153,0.156,0.043,0.102,0.029,0.198,0.313,0.183,"1996",FALSE,0,0,44,FALSE
"387","Jeff Turner","PF",0.786,"ORL",0.159,0,0.054,0.017,0.023,0.471,0.022,0.03,0.333,0.009,0.014,0.375,0.49,0.003,0.002,1,0.019,0.018,0.018,0.005,0.008,0.003,0.024,0.089,0.017,"1996",FALSE,0,0,60,FALSE
"388","Nick Van Exel","PG",0.571,"LAL",0.902,0.902,0.711,0.383,0.437,0.556,0.358,0.455,0.357,0.262,0.309,0.461,0.548,0.216,0.21,0.799,0.055,0.151,0.118,0.437,0.285,0.027,0.336,0.31,0.388,"1996",FALSE,0,0,53,FALSE
"389","Logan Vander Velden","SF",0.571,"LAC",0.183,0,0.009,0.003,0.006,0.285,0,0.006,0,0.003,0.005,0.333,0.238,0.004,0.004,0.75,0.002,0.005,0.004,0.001,0,0,0,0.011,0.003,"1996",FALSE,0,0,29,FALSE
"390","David Vaughn","PF",0.524,"ORL",0.402,0,0.075,0.026,0.037,0.451,0,0.001,0,0.028,0.045,0.342,0.376,0.013,0.019,0.556,0.063,0.047,0.052,0.007,0.024,0.04,0.039,0.183,0.023,"1996",FALSE,0,0,60,FALSE
"391","Loy Vaught","PF",0.643,"LAC",0.976,0.951,0.84,0.552,0.5,0.7,0.017,0.021,0.368,0.587,0.602,0.528,0.588,0.197,0.211,0.727,0.39,0.6,0.528,0.096,0.354,0.106,0.341,0.65,0.458,"1996",FALSE,0,0,29,FALSE
"392","Rasheed Wallace","PF",0.5,"WSB",0.793,0.622,0.506,0.266,0.26,0.649,0.067,0.093,0.329,0.258,0.272,0.513,0.568,0.103,0.123,0.65,0.178,0.209,0.198,0.073,0.171,0.144,0.222,0.555,0.231,"1996",FALSE,0,0,39,FALSE
"394","Charlie Ward","PG",0.595,"NYK",0.756,0.012,0.223,0.084,0.1,0.532,0.082,0.112,0.333,0.056,0.067,0.454,0.528,0.049,0.056,0.685,0.055,0.072,0.067,0.113,0.22,0.016,0.17,0.264,0.086,"1996",FALSE,0,0,47,FALSE
"395","Jamie Watson","SF",0.548,"UTA",0.195,0,0.061,0.017,0.02,0.559,0.007,0.008,0.429,0.016,0.02,0.417,0.503,0.012,0.013,0.692,0.01,0.022,0.018,0.021,0.033,0.005,0.037,0.081,0.017,"1996",FALSE,0,0,55,FALSE
"396","Clarence Weatherspoon","SF",0.595,"PHI",0.951,0.915,0.876,0.475,0.467,0.645,0,0.002,0,0.511,0.571,0.485,0.538,0.421,0.438,0.746,0.453,0.512,0.492,0.136,0.455,0.287,0.386,0.577,0.459,"1996",FALSE,0,0,18,FALSE
"398","Chris Webber","PF",0.524,"WSB",0.183,0.183,0.158,0.145,0.127,0.724,0.037,0.038,0.441,0.14,0.136,0.558,0.634,0.054,0.071,0.594,0.071,0.076,0.075,0.064,0.11,0.024,0.106,0.137,0.126,"1996",FALSE,0,0,39,FALSE
"400","Bill Wennington","C",0.762,"CHI",0.866,0.244,0.301,0.163,0.158,0.657,0.002,0.001,1,0.175,0.193,0.491,0.549,0.049,0.044,0.86,0.111,0.115,0.114,0.04,0.085,0.043,0.08,0.461,0.133,"1996",FALSE,0,0,72,FALSE
"402","David Wesley","PG",0.595,"BOS",1,0.646,0.596,0.327,0.339,0.612,0.289,0.307,0.426,0.231,0.262,0.478,0.598,0.287,0.296,0.753,0.13,0.195,0.173,0.335,0.407,0.029,0.343,0.558,0.356,"1996",FALSE,0,0,33,FALSE
"403","Doug West","SG",0.667,"MIN",0.89,0.195,0.464,0.169,0.181,0.593,0.002,0.015,0.077,0.181,0.214,0.458,0.497,0.151,0.148,0.792,0.092,0.112,0.105,0.102,0.122,0.045,0.175,0.615,0.164,"1996",FALSE,0,0,26,FALSE
"406","Chris Whitney","PG",0.571,"WSB",0.256,0,0.095,0.044,0.046,0.607,0.047,0.05,0.432,0.027,0.031,0.473,0.612,0.054,0.045,0.932,0.004,0.031,0.022,0.044,0.073,0.003,0.05,0.124,0.053,"1996",FALSE,0,0,39,FALSE
"407","Gerald Wilkins","SG",0.762,"VAN",0.341,0.171,0.209,0.074,0.094,0.501,0.035,0.072,0.219,0.066,0.08,0.447,0.456,0.026,0.024,0.87,0.042,0.043,0.042,0.058,0.089,0.005,0.08,0.148,0.066,"1996",FALSE,0,0,15,FALSE
"408","Buck Williams","PF",0.833,"POR",0.854,0.122,0.473,0.186,0.177,0.667,0.005,0.003,0.667,0.198,0.215,0.499,0.559,0.165,0.192,0.668,0.304,0.243,0.264,0.036,0.163,0.125,0.194,0.504,0.18,"1996",FALSE,0,0,44,FALSE
"409","Eric Williams","SF",0.548,"BOS",0.78,0.073,0.416,0.233,0.251,0.588,0.007,0.011,0.3,0.248,0.302,0.444,0.493,0.265,0.307,0.671,0.176,0.124,0.142,0.06,0.228,0.029,0.19,0.396,0.242,"1996",FALSE,0,0,33,FALSE
"411","Hot Rod Williams","C",0.786,"PHO",0.756,0.707,0.468,0.174,0.183,0.604,0,0.001,0,0.187,0.223,0.455,0.503,0.126,0.134,0.731,0.247,0.241,0.243,0.053,0.187,0.239,0.134,0.458,0.161,"1996",FALSE,0,0,41,FALSE
"412","Jayson Williams","PF",0.643,"NJN",0.976,0.073,0.526,0.27,0.304,0.564,0.005,0.008,0.286,0.288,0.368,0.424,0.471,0.213,0.28,0.592,0.654,0.458,0.525,0.04,0.142,0.152,0.228,0.642,0.255,"1996",FALSE,0,0,30,FALSE
"413","Lorenzo Williams","C",0.619,"DAL",0.793,0.744,0.511,0.084,0.098,0.543,0,0.001,0,0.091,0.12,0.408,0.452,0.032,0.072,0.343,0.447,0.285,0.341,0.073,0.195,0.324,0.168,0.609,0.07,"1996",FALSE,0,0,26,FALSE
"414","Micheal Williams","PG",0.69,"MIN",0.11,0.085,0.053,0.013,0.018,0.433,0.002,0.003,0.333,0.012,0.021,0.324,0.376,0.037,0.034,0.848,0.006,0.02,0.015,0.027,0.02,0.008,0.05,0.1,0.019,"1996",FALSE,0,0,26,FALSE
"416","Reggie Williams","SF",0.738,"DEN",0.634,0.061,0.231,0.091,0.117,0.493,0.05,0.1,0.225,0.077,0.093,0.448,0.454,0.044,0.04,0.846,0.048,0.096,0.08,0.064,0.138,0.056,0.11,0.369,0.085,"1996",FALSE,0,0,35,FALSE
"417","Scott Williams","PF",0.643,"PHI",0.159,0.012,0.055,0.015,0.013,0.689,0,0.002,0,0.016,0.015,0.556,0.574,0.013,0.012,0.833,0.025,0.033,0.03,0.004,0.024,0.019,0.017,0.073,0.014,"1996",FALSE,0,0,18,FALSE
"419","Corliss Williamson","SF",0.524,"SAC",0.646,0.037,0.172,0.121,0.123,0.621,0,0.003,0,0.13,0.149,0.472,0.518,0.062,0.086,0.56,0.107,0.058,0.075,0.02,0.045,0.024,0.164,0.31,0.105,"1996",FALSE,0,0,39,FALSE
"422","David Wingate","SG",0.762,"SEA",0.732,0.037,0.197,0.085,0.098,0.553,0.037,0.038,0.441,0.076,0.1,0.41,0.5,0.042,0.042,0.78,0.033,0.039,0.037,0.05,0.081,0.011,0.091,0.178,0.079,"1996",FALSE,0,0,64,FALSE
"423","Dontonio Wingfield","SF",0.5,"POR",0.537,0.024,0.138,0.058,0.072,0.509,0.047,0.071,0.302,0.043,0.053,0.436,0.492,0.034,0.035,0.765,0.086,0.059,0.068,0.024,0.081,0.016,0.067,0.197,0.058,"1996",FALSE,0,0,44,FALSE
"426","Randy Woods","PG",0.595,"DEN",0.098,0,0.02,0.006,0.01,0.364,0.012,0.024,0.238,0.001,0.001,1,0.429,0.003,0.002,1,0.006,0.003,0.004,0.01,0.024,0.003,0.011,0.035,0.007,"1996",FALSE,0,0,35,FALSE
"427","Haywoode Workman","PG",0.714,"IND",0.939,0.049,0.329,0.098,0.119,0.52,0.057,0.08,0.324,0.081,0.106,0.415,0.482,0.071,0.075,0.74,0.052,0.096,0.081,0.183,0.264,0.011,0.2,0.41,0.099,"1996",FALSE,0,0,52,FALSE
"  1","Mahmoud Abdul-Rauf","PG",0.643,"SAC",0.915,0.622,0.603,0.397,0.425,0.593,0.234,0.278,0.382,0.33,0.382,0.468,0.551,0.152,0.14,0.846,0.031,0.105,0.08,0.162,0.228,0.016,0.256,0.469,0.364,"1997",FALSE,0,0,34,FALSE
"  2","Shareef Abdur-Rahim","PF",0.476,"VAN",0.976,0.866,0.793,0.532,0.559,0.604,0.017,0.03,0.259,0.565,0.669,0.457,0.507,0.512,0.534,0.746,0.413,0.337,0.363,0.15,0.321,0.21,0.485,0.536,0.528,"1997",FALSE,0,0,14,FALSE
"  3","Rafael Addison","SF",0.762,"CHH",0.5,0.037,0.1,0.047,0.056,0.536,0.02,0.023,0.4,0.043,0.058,0.402,0.482,0.029,0.029,0.786,0.036,0.026,0.029,0.029,0.033,0.008,0.037,0.14,0.045,"1997",FALSE,0,0,54,FALSE
"  4","Cory Alexander","PG",0.548,"SAS",0.976,0.073,0.412,0.188,0.225,0.528,0.234,0.284,0.373,0.104,0.134,0.42,0.547,0.126,0.133,0.736,0.055,0.093,0.08,0.218,0.333,0.043,0.315,0.399,0.204,"1997",FALSE,0,0,20,FALSE
"  6","Ray Allen","SG",0.5,"MIL",1,0.988,0.717,0.377,0.418,0.573,0.291,0.336,0.393,0.284,0.344,0.448,0.549,0.271,0.256,0.823,0.185,0.227,0.213,0.18,0.305,0.027,0.321,0.588,0.389,"1997",FALSE,0,0,33,FALSE
"  8","Ashraf Amaya","PF",0.595,"WSB",0.378,0,0.041,0.012,0.018,0.4,0.002,0.001,1,0.011,0.022,0.282,0.348,0.02,0.029,0.536,0.036,0.033,0.034,0.003,0.028,0.008,0.022,0.078,0.014,"1997",FALSE,0,0,44,FALSE
"  9","Greg Anderson","C",0.762,"SAS",1,0.585,0.47,0.126,0.121,0.661,0,0.001,0,0.135,0.147,0.498,0.551,0.082,0.096,0.667,0.3,0.289,0.293,0.029,0.256,0.178,0.157,0.606,0.114,"1997",FALSE,0,0,20,FALSE
" 10","Kenny Anderson","PG",0.619,"POR",1,0.988,0.872,0.469,0.523,0.569,0.328,0.413,0.361,0.367,0.435,0.458,0.539,0.442,0.448,0.768,0.174,0.27,0.237,0.502,0.659,0.04,0.416,0.598,0.507,"1997",FALSE,0,0,49,FALSE
" 11","Nick Anderson","SG",0.69,"ORL",0.768,0.744,0.612,0.279,0.334,0.529,0.356,0.457,0.353,0.151,0.18,0.453,0.551,0.05,0.097,0.404,0.126,0.236,0.199,0.156,0.488,0.085,0.185,0.431,0.267,"1997",FALSE,0,0,45,FALSE
" 12","Shandon Anderson","SG",0.548,"UTA",0.793,0,0.302,0.142,0.146,0.616,0.06,0.053,0.511,0.128,0.153,0.454,0.556,0.09,0.102,0.687,0.099,0.126,0.117,0.042,0.11,0.021,0.157,0.305,0.136,"1997",FALSE,0,0,64,FALSE
" 13","Willie Anderson","SG",0.714,"MIA",0.341,0.012,0.086,0.028,0.029,0.604,0.02,0.021,0.421,0.022,0.025,0.467,0.573,0.022,0.021,0.85,0.029,0.027,0.027,0.029,0.057,0.011,0.041,0.097,0.029,"1997",FALSE,0,0,61,FALSE
" 14","Greg Anthony","PG",0.69,"VAN",0.793,0.537,0.527,0.192,0.233,0.524,0.219,0.269,0.37,0.116,0.152,0.413,0.532,0.172,0.183,0.73,0.048,0.158,0.12,0.35,0.524,0.011,0.278,0.329,0.218,"1997",FALSE,0,0,14,FALSE
" 15","B.J. Armstrong","PG",0.69,"GSW",0.598,0.207,0.289,0.143,0.15,0.604,0.062,0.102,0.278,0.128,0.134,0.519,0.546,0.09,0.081,0.861,0.013,0.067,0.048,0.108,0.102,0.005,0.114,0.151,0.137,"1997",FALSE,0,0,30,FALSE
" 16","Darrell Armstrong","PG",0.667,"ORL",0.817,0,0.286,0.128,0.159,0.511,0.137,0.204,0.304,0.08,0.092,0.47,0.513,0.122,0.109,0.868,0.067,0.041,0.05,0.15,0.248,0.024,0.213,0.307,0.145,"1997",FALSE,0,0,45,FALSE
" 18","Keith Askins","SF",0.69,"MIA",0.951,0.366,0.502,0.133,0.147,0.577,0.172,0.194,0.401,0.072,0.083,0.469,0.601,0.052,0.06,0.672,0.164,0.184,0.177,0.064,0.215,0.051,0.127,0.528,0.136,"1997",FALSE,0,0,61,FALSE
" 20","Isaac Austin","C",0.643,"MIA",1,0.207,0.532,0.31,0.294,0.669,0,0.003,0,0.334,0.359,0.505,0.558,0.198,0.233,0.664,0.26,0.34,0.312,0.087,0.183,0.114,0.347,0.658,0.28,"1997",FALSE,0,0,61,FALSE
" 21","Vin Baker","PF",0.595,"MIL",0.951,0.951,0.894,0.611,0.576,0.673,0.037,0.061,0.278,0.642,0.675,0.515,0.568,0.474,0.536,0.687,0.511,0.533,0.525,0.181,0.329,0.298,0.528,0.741,0.578,"1997",FALSE,0,0,33,FALSE
" 22","Charles Barkley","PF",0.786,"HOU",0.646,0.646,0.569,0.324,0.318,0.645,0.144,0.231,0.283,0.288,0.275,0.569,0.584,0.381,0.427,0.694,0.405,0.5,0.468,0.213,0.28,0.066,0.325,0.412,0.359,"1997",FALSE,0,0.002,57,TRUE
" 23","Dana Barros","PG",0.69,"BOS",0.293,0.098,0.2,0.106,0.116,0.58,0.107,0.119,0.41,0.07,0.083,0.453,0.578,0.049,0.044,0.86,0.01,0.043,0.031,0.07,0.106,0.016,0.084,0.092,0.106,"1997",FALSE,0,0,15,FALSE
" 24","Brent Barry","SG",0.595,"LAC",0.72,0,0.31,0.15,0.174,0.545,0.139,0.195,0.324,0.103,0.116,0.481,0.537,0.101,0.096,0.817,0.057,0.079,0.072,0.132,0.207,0.04,0.164,0.237,0.156,"1997",FALSE,0,0,36,FALSE
" 25","Jon Barry","SG",0.643,"ATL",0.707,0.098,0.273,0.097,0.113,0.543,0.119,0.14,0.387,0.054,0.069,0.426,0.56,0.049,0.047,0.804,0.05,0.072,0.065,0.099,0.224,0.008,0.127,0.151,0.101,"1997",FALSE,0,0,56,FALSE
" 28","Travis Best","PG",0.571,"IND",0.927,0.561,0.584,0.265,0.285,0.589,0.142,0.175,0.368,0.226,0.262,0.467,0.542,0.197,0.203,0.756,0.069,0.129,0.108,0.273,0.398,0.013,0.33,0.596,0.266,"1997",FALSE,0,0,39,FALSE
" 29","Mookie Blaylock","PG",0.69,"ATL",0.951,0.951,0.865,0.485,0.533,0.576,0.55,0.682,0.366,0.291,0.313,0.505,0.587,0.173,0.179,0.753,0.218,0.297,0.27,0.398,0.862,0.053,0.399,0.38,0.478,"1997",FALSE,0,0,56,FALSE
" 30","Corie Blount","PF",0.667,"LAL",0.707,0.22,0.286,0.089,0.082,0.685,0.002,0.003,0.333,0.095,0.099,0.517,0.574,0.074,0.085,0.675,0.216,0.162,0.18,0.03,0.089,0.069,0.108,0.326,0.085,"1997",FALSE,0,0,56,FALSE
" 31","Muggsy Bogues","PG",0.762,"CHH",0.793,0.793,0.532,0.197,0.204,0.613,0.149,0.163,0.417,0.15,0.169,0.482,0.587,0.071,0.066,0.844,0.048,0.115,0.092,0.403,0.333,0.005,0.233,0.307,0.184,"1997",FALSE,0,0,54,FALSE
" 32","Dexter Boney","SG",0.619,"PHO",0.098,0,0.014,0.006,0.009,0.421,0.002,0.007,0.167,0.005,0.007,0.385,0.38,0.008,0.008,0.75,0.006,0.003,0.004,0,0.008,0.003,0.002,0.008,0.007,"1997",FALSE,0,0,40,FALSE
" 35","Donnie Boyce","SG",0.548,"ATL",0.268,0.024,0.044,0.02,0.029,0.444,0.005,0.018,0.125,0.02,0.027,0.404,0.388,0.015,0.023,0.5,0.013,0.008,0.01,0.011,0.041,0.011,0.034,0.046,0.019,"1997",FALSE,0,0,56,FALSE
" 38","Terrell Brandon","PG",0.619,"CLE",0.951,0.951,0.812,0.556,0.604,0.584,0.251,0.306,0.373,0.493,0.588,0.455,0.529,0.354,0.306,0.902,0.092,0.251,0.197,0.421,0.561,0.08,0.384,0.477,0.536,"1997",FALSE,0,0,42,FALSE
" 39","Frank Brickowski","PF",0.881,"BOS",0.207,0.024,0.072,0.031,0.034,0.584,0.017,0.023,0.35,0.026,0.03,0.472,0.54,0.013,0.014,0.714,0.011,0.028,0.022,0.013,0.02,0.011,0.041,0.113,0.029,"1997",FALSE,0,0,15,FALSE
" 40","Scott Brooks","PG",0.738,"NYK",0.463,0,0.071,0.018,0.018,0.649,0.012,0.014,0.417,0.015,0.015,0.519,0.612,0.019,0.015,0.933,0.011,0.012,0.012,0.025,0.085,0,0.037,0.094,0.02,"1997",FALSE,0,0,57,FALSE
" 42","Dee Brown","PG",0.667,"BOS",0.256,0.024,0.148,0.059,0.076,0.489,0.05,0.073,0.308,0.043,0.057,0.406,0.476,0.024,0.023,0.818,0.015,0.04,0.031,0.058,0.126,0.019,0.052,0.121,0.056,"1997",FALSE,0,0,15,FALSE
" 43","Marcus Brown","PG",0.524,"POR",0.256,0,0.052,0.027,0.032,0.533,0.032,0.036,0.406,0.016,0.021,0.395,0.548,0.017,0.02,0.684,0.008,0.011,0.01,0.017,0.033,0.005,0.028,0.07,0.029,"1997",FALSE,0,0,49,FALSE
" 45","P.J. Brown","PF",0.643,"MIA",0.976,0.866,0.734,0.29,0.302,0.609,0,0.002,0,0.312,0.369,0.459,0.508,0.213,0.226,0.732,0.457,0.428,0.438,0.079,0.346,0.261,0.244,0.763,0.269,"1997",FALSE,0,0,61,FALSE
" 46","Randy Brown","PG",0.667,"CHI",0.878,0.037,0.299,0.135,0.153,0.56,0.01,0.025,0.182,0.142,0.175,0.437,0.473,0.075,0.086,0.679,0.065,0.076,0.073,0.114,0.329,0.045,0.125,0.313,0.12,"1997",FALSE,0,0,69,FALSE
" 47","Kobe Bryant","SG",0.429,"LAL",0.866,0.073,0.312,0.17,0.194,0.556,0.127,0.153,0.375,0.13,0.161,0.437,0.53,0.18,0.171,0.819,0.09,0.084,0.086,0.078,0.199,0.061,0.241,0.275,0.19,"1997",FALSE,0,0,56,FALSE
" 49","Jud Buechler","SF",0.667,"CHI",0.927,0,0.199,0.056,0.073,0.489,0.045,0.061,0.333,0.042,0.059,0.385,0.471,0.007,0.014,0.357,0.086,0.08,0.082,0.052,0.093,0.056,0.058,0.135,0.049,"1997",FALSE,0,0,69,FALSE
" 50","Matt Bullard","PF",0.69,"HOU",0.866,0.146,0.29,0.11,0.131,0.535,0.167,0.207,0.366,0.049,0.057,0.465,0.577,0.033,0.035,0.735,0.025,0.103,0.076,0.058,0.085,0.048,0.082,0.183,0.113,"1997",FALSE,0,0,57,FALSE
" 52","Willie Burton","SF",0.667,"ATL",0.293,0.024,0.108,0.038,0.053,0.448,0.032,0.052,0.283,0.027,0.039,0.371,0.436,0.075,0.07,0.838,0.021,0.03,0.027,0.009,0.033,0.008,0.056,0.148,0.052,"1997",FALSE,0,0,56,FALSE
" 53","Mitchell Butler","SG",0.619,"POR",0.598,0.012,0.132,0.05,0.058,0.555,0.03,0.044,0.308,0.042,0.049,0.465,0.516,0.042,0.051,0.64,0.036,0.034,0.035,0.026,0.053,0.005,0.058,0.148,0.052,"1997",FALSE,0,0,49,FALSE
" 54","Jason Caffey","PF",0.548,"CHI",0.915,0.232,0.398,0.198,0.177,0.709,0,0.001,0,0.213,0.217,0.534,0.591,0.184,0.217,0.659,0.258,0.165,0.197,0.076,0.102,0.024,0.209,0.402,0.194,"1997",FALSE,0,0,69,FALSE
" 57","Marcus Camby","C",0.524,"TOR",0.768,0.463,0.537,0.363,0.358,0.643,0.005,0.016,0.143,0.388,0.431,0.488,0.537,0.242,0.272,0.693,0.25,0.261,0.258,0.083,0.268,0.346,0.289,0.577,0.33,"1997",FALSE,0,0,30,FALSE
" 58","Elden Campbell","PF",0.667,"LAL",0.939,0.939,0.712,0.427,0.434,0.625,0.002,0.005,0.25,0.459,0.529,0.47,0.522,0.348,0.381,0.711,0.396,0.405,0.402,0.108,0.187,0.311,0.28,0.744,0.405,"1997",FALSE,0,0,56,FALSE
" 59","Antoine Carr","PF",0.833,"UTA",1,0,0.413,0.244,0.24,0.644,0,0.003,0,0.262,0.293,0.486,0.537,0.131,0.131,0.78,0.115,0.134,0.127,0.064,0.098,0.168,0.162,0.577,0.213,"1997",FALSE,0,0,64,FALSE
" 60","Chris Carr","SG",0.524,"MIN",0.671,0.122,0.235,0.121,0.125,0.615,0.077,0.099,0.352,0.098,0.103,0.514,0.576,0.074,0.075,0.767,0.059,0.081,0.074,0.041,0.098,0.027,0.08,0.251,0.119,"1997",FALSE,0,0,40,FALSE
" 63","Duane Causwell","C",0.667,"SAC",0.561,0.098,0.164,0.046,0.043,0.681,0.005,0.003,0.667,0.048,0.051,0.505,0.579,0.026,0.038,0.541,0.109,0.07,0.083,0.017,0.061,0.101,0.073,0.353,0.042,"1997",FALSE,0,0,34,FALSE
" 65","Tom Chambers","PF",0.881,"CHH",0.146,0.061,0.023,0.007,0.014,0.301,0.005,0.003,0.667,0.005,0.016,0.179,0.287,0.004,0.004,0.75,0.006,0.011,0.009,0.003,0.004,0,0.019,0.038,0.007,"1997",FALSE,0,0,54,FALSE
" 66","Rex Chapman","SG",0.69,"PHO",0.793,0.402,0.519,0.321,0.345,0.591,0.274,0.354,0.35,0.231,0.245,0.51,0.574,0.164,0.153,0.832,0.048,0.155,0.118,0.156,0.211,0.019,0.207,0.291,0.317,"1997",FALSE,0,0,40,FALSE
" 67","Calbert Cheaney","SG",0.595,"WSB",0.963,0.963,0.682,0.357,0.336,0.673,0.01,0.034,0.133,0.38,0.395,0.521,0.564,0.126,0.141,0.693,0.134,0.197,0.175,0.098,0.313,0.048,0.203,0.609,0.296,"1997",FALSE,0,0,44,FALSE
" 68","Pete Chilcutt","PF",0.667,"VAN",0.659,0.012,0.187,0.07,0.076,0.581,0.062,0.078,0.362,0.049,0.054,0.49,0.569,0.017,0.023,0.591,0.128,0.088,0.102,0.04,0.106,0.045,0.06,0.14,0.064,"1997",FALSE,0,0,14,FALSE
" 70","Chris Childs","PG",0.69,"NYK",0.793,0.744,0.588,0.204,0.235,0.552,0.174,0.204,0.387,0.147,0.186,0.429,0.536,0.149,0.153,0.758,0.042,0.168,0.125,0.342,0.317,0.029,0.388,0.574,0.214,"1997",FALSE,0,0,57,FALSE
" 71","Doug Christie","SG",0.619,"TOR",0.988,0.988,0.885,0.383,0.437,0.556,0.366,0.432,0.384,0.259,0.319,0.44,0.55,0.313,0.315,0.775,0.163,0.345,0.282,0.271,0.817,0.12,0.431,0.66,0.415,"1997",FALSE,0,0,30,FALSE
" 72","Derrick Coleman","PF",0.69,"PHI",0.695,0.659,0.595,0.352,0.385,0.58,0.08,0.134,0.269,0.345,0.404,0.463,0.506,0.36,0.376,0.745,0.3,0.413,0.375,0.166,0.203,0.199,0.397,0.442,0.364,"1997",FALSE,0,0,22,FALSE
" 73","Bimbo Coles","PG",0.667,"GSW",0.622,0.159,0.335,0.118,0.145,0.519,0.075,0.115,0.294,0.096,0.12,0.434,0.484,0.049,0.05,0.755,0.075,0.078,0.077,0.128,0.142,0.019,0.127,0.259,0.11,"1997",FALSE,0,0,30,FALSE
" 74","Marty Conlon","C",0.69,"BOS",0.902,0.183,0.457,0.207,0.209,0.628,0.005,0.011,0.2,0.221,0.25,0.477,0.527,0.19,0.176,0.842,0.245,0.194,0.211,0.089,0.187,0.048,0.235,0.415,0.203,"1997",FALSE,0,0,15,FALSE
" 75","Tyrone Corbin","SF",0.81,"ATL",0.854,0.793,0.652,0.245,0.276,0.563,0.184,0.235,0.356,0.186,0.221,0.457,0.537,0.114,0.111,0.796,0.145,0.216,0.192,0.107,0.366,0.019,0.183,0.474,0.235,"1997",FALSE,0,0,56,FALSE
" 77","John Crotty","PG",0.643,"MIA",0.585,0,0.187,0.076,0.071,0.684,0.05,0.055,0.408,0.061,0.059,0.562,0.642,0.071,0.066,0.844,0.029,0.032,0.031,0.088,0.073,0,0.091,0.213,0.082,"1997",FALSE,0,0,61,FALSE
" 78","Terry Cummings","PF",0.833,"SEA",0.549,0.037,0.234,0.15,0.147,0.648,0.007,0.006,0.6,0.158,0.177,0.484,0.546,0.075,0.084,0.695,0.134,0.112,0.12,0.034,0.134,0.019,0.097,0.305,0.131,"1997",FALSE,0,0,57,FALSE
" 80","Dell Curry","SG",0.762,"CHH",0.829,0.244,0.588,0.371,0.385,0.612,0.313,0.334,0.426,0.268,0.305,0.478,0.594,0.151,0.146,0.803,0.076,0.17,0.138,0.101,0.244,0.037,0.2,0.396,0.356,"1997",FALSE,0,0,54,FALSE
" 81","Michael Curry","SG",0.667,"DET",0.988,0.024,0.344,0.096,0.102,0.597,0.057,0.087,0.299,0.079,0.081,0.528,0.556,0.128,0.111,0.898,0.044,0.095,0.078,0.037,0.126,0.032,0.06,0.345,0.112,"1997",FALSE,0,0,54,FALSE
" 82","Erick Dampier","C",0.5,"IND",0.878,0.256,0.298,0.127,0.155,0.52,0.002,0.001,1,0.135,0.189,0.388,0.434,0.142,0.173,0.637,0.184,0.197,0.192,0.037,0.077,0.194,0.181,0.412,0.131,"1997",FALSE,0,0,39,FALSE
" 86","Antonio Davis","PF",0.667,"IND",1,0.341,0.661,0.298,0.295,0.64,0.002,0.016,0.071,0.319,0.354,0.49,0.534,0.319,0.372,0.666,0.363,0.405,0.391,0.056,0.171,0.223,0.304,0.701,0.303,"1997",FALSE,0,0,39,FALSE
" 89","Emanual Davis","PG",0.667,"HOU",0.159,0,0.065,0.023,0.025,0.592,0.03,0.03,0.444,0.012,0.015,0.444,0.618,0.007,0.008,0.625,0.004,0.02,0.014,0.022,0.037,0.005,0.037,0.054,0.023,"1997",FALSE,0,0,57,FALSE
" 90","Hubert Davis","SG",0.619,"TOR",0.439,0,0.176,0.072,0.085,0.536,0.04,0.079,0.229,0.06,0.064,0.509,0.496,0.022,0.024,0.739,0.021,0.029,0.026,0.029,0.045,0.005,0.045,0.108,0.064,"1997",FALSE,0,0,30,FALSE
" 91","Mark Davis","SF",0.548,"PHI",0.915,0.207,0.483,0.243,0.246,0.625,0.06,0.105,0.258,0.236,0.249,0.514,0.547,0.149,0.173,0.673,0.264,0.184,0.211,0.116,0.346,0.082,0.254,0.62,0.226,"1997",FALSE,0,0,22,FALSE
" 92","Todd Day","SG",0.643,"BOS",0.988,0.329,0.644,0.385,0.46,0.531,0.313,0.393,0.362,0.283,0.367,0.418,0.512,0.339,0.341,0.773,0.208,0.219,0.216,0.101,0.439,0.128,0.274,0.561,0.416,"1997",FALSE,0,0,15,FALSE
" 94","Terry Dehere","PG",0.595,"LAC",0.89,0.037,0.298,0.143,0.176,0.515,0.129,0.181,0.325,0.1,0.126,0.43,0.504,0.161,0.152,0.824,0.029,0.079,0.062,0.136,0.11,0.008,0.207,0.383,0.166,"1997",FALSE,0,0,36,FALSE
" 95","Vinny Del Negro","SG",0.714,"SAS",0.878,0.646,0.635,0.353,0.359,0.623,0.109,0.158,0.314,0.334,0.362,0.501,0.551,0.148,0.133,0.868,0.075,0.17,0.137,0.198,0.24,0.019,0.198,0.353,0.313,"1997",FALSE,0,0,20,FALSE
" 97","Tony Delk","PG",0.548,"CHH",0.744,0.012,0.245,0.115,0.118,0.62,0.129,0.126,0.464,0.07,0.081,0.465,0.629,0.056,0.052,0.824,0.059,0.068,0.065,0.085,0.146,0.016,0.147,0.191,0.117,"1997",FALSE,0,0,54,FALSE
" 98","Dell Demps","SG",0.619,"ORL",0.024,0,0.003,0,0.001,0,0,0.001,0,0,0.001,0,0,0.003,0.002,1,0,0,0,0,0.004,0,0,0.003,0.001,"1997",FALSE,0,0,45,FALSE
" 99","Vlade Divac","C",0.667,"CHH",0.988,0.976,0.804,0.404,0.39,0.659,0.027,0.053,0.234,0.424,0.451,0.509,0.556,0.234,0.266,0.683,0.461,0.481,0.474,0.259,0.419,0.479,0.416,0.747,0.362,"1997",FALSE,0,0,54,FALSE
"100","Aleksandar Djordjevic","SG",0.69,"POR",0.098,0,0.017,0.008,0.007,0.667,0.012,0.008,0.714,0.003,0.005,0.333,0.729,0.005,0.005,0.8,0.002,0.004,0.003,0.004,0,0,0.011,0.008,0.009,"1997",FALSE,0,0,49,FALSE
"101","Sherman Douglas","PG",0.714,"MIL",0.963,0.963,0.656,0.296,0.281,0.669,0.095,0.129,0.333,0.279,0.28,0.54,0.592,0.151,0.176,0.667,0.109,0.135,0.126,0.367,0.317,0.027,0.33,0.515,0.27,"1997",FALSE,0,0,33,FALSE
"102","Greg Dreiling","C",0.81,"DAL",0.488,0.037,0.11,0.033,0.034,0.612,0.002,0.001,1,0.034,0.041,0.452,0.518,0.015,0.028,0.407,0.036,0.057,0.05,0.009,0.033,0.019,0.019,0.175,0.028,"1997",FALSE,0,0,24,FALSE
"103","Clyde Drexler","SG",0.81,"HOU",0.756,0.756,0.643,0.384,0.414,0.589,0.296,0.378,0.355,0.289,0.318,0.493,0.564,0.266,0.276,0.75,0.226,0.253,0.244,0.304,0.484,0.096,0.336,0.407,0.393,"1997",FALSE,0,0,57,FALSE
"104","Nate Driggers","SG",0.548,"BOS",0.183,0,0.037,0.013,0.02,0.403,0,0.01,0,0.014,0.019,0.382,0.336,0.013,0.014,0.714,0.023,0.01,0.014,0.005,0.012,0.005,0.013,0.027,0.013,"1997",FALSE,0,0,15,FALSE
"105","Kevin Duckworth","C",0.762,"LAC",0.317,0.268,0.109,0.044,0.047,0.583,0.007,0.005,0.75,0.044,0.056,0.424,0.501,0.015,0.016,0.688,0.044,0.037,0.039,0.014,0.037,0.029,0.071,0.17,0.037,"1997",FALSE,0,0,36,FALSE
"107","Joe Dumars","SG",0.786,"DET",0.963,0.963,0.827,0.372,0.403,0.587,0.413,0.433,0.432,0.228,0.277,0.446,0.594,0.294,0.263,0.867,0.073,0.152,0.125,0.273,0.232,0.003,0.276,0.261,0.409,"1997",FALSE,0,0,54,FALSE
"110","Tyus Edney","PG",0.548,"SAC",0.854,0.244,0.389,0.145,0.18,0.512,0.02,0.047,0.19,0.148,0.197,0.407,0.438,0.234,0.221,0.823,0.065,0.078,0.074,0.194,0.244,0.005,0.241,0.264,0.171,"1997",FALSE,0,0,34,FALSE
"111","Blue Edwards","SF",0.738,"VAN",0.744,0.146,0.407,0.176,0.211,0.529,0.062,0.1,0.281,0.163,0.208,0.425,0.472,0.118,0.112,0.817,0.094,0.139,0.124,0.098,0.154,0.053,0.175,0.364,0.169,"1997",FALSE,0,0,14,FALSE
"112","Kevin Edwards","PG",0.738,"NJN",0.39,0,0.135,0.067,0.084,0.503,0.037,0.049,0.349,0.056,0.079,0.386,0.464,0.049,0.044,0.86,0.017,0.034,0.028,0.049,0.069,0.011,0.106,0.092,0.067,"1997",FALSE,0,0,26,FALSE
"113","Craig Ehlo","SG",0.833,"SEA",0.756,0,0.24,0.084,0.114,0.468,0.067,0.107,0.284,0.062,0.086,0.392,0.45,0.017,0.027,0.5,0.075,0.071,0.072,0.058,0.146,0.011,0.097,0.191,0.076,"1997",FALSE,0,0,57,FALSE
"114","Howard Eisley","PG",0.571,"UTA",1,0,0.307,0.134,0.142,0.601,0.05,0.081,0.278,0.124,0.133,0.504,0.538,0.093,0.092,0.787,0.038,0.064,0.055,0.17,0.179,0.027,0.237,0.38,0.13,"1997",FALSE,0,0,64,FALSE
"115","Mario Elie","SF",0.786,"HOU",0.951,0.939,0.761,0.281,0.269,0.663,0.299,0.323,0.42,0.178,0.169,0.572,0.667,0.274,0.238,0.896,0.115,0.174,0.154,0.266,0.374,0.032,0.291,0.539,0.321,"1997",FALSE,0,0,57,FALSE
"116","Sean Elliott","SF",0.667,"SAS",0.476,0.476,0.394,0.19,0.214,0.563,0.104,0.142,0.333,0.16,0.191,0.456,0.52,0.196,0.202,0.755,0.092,0.141,0.124,0.107,0.098,0.064,0.192,0.283,0.206,"1997",FALSE,0,0,20,FALSE
"117","Dale Ellis","SF",0.857,"DEN",1,0.622,0.832,0.461,0.53,0.552,0.478,0.596,0.364,0.297,0.351,0.457,0.553,0.284,0.271,0.817,0.189,0.193,0.192,0.142,0.244,0.019,0.315,0.48,0.481,"1997",FALSE,0,0,21,FALSE
"118","LaPhonso Ellis","PF",0.619,"DEN",0.671,0.598,0.567,0.43,0.467,0.585,0.236,0.292,0.367,0.364,0.426,0.464,0.54,0.288,0.29,0.773,0.205,0.277,0.252,0.113,0.179,0.109,0.252,0.488,0.425,"1997",FALSE,0,0,21,FALSE
"121","Patrick Ewing","C",0.81,"NYK",0.951,0.951,0.817,0.633,0.618,0.651,0.005,0.01,0.222,0.68,0.752,0.49,0.543,0.581,0.599,0.754,0.335,0.654,0.545,0.134,0.28,0.503,0.58,0.674,0.618,"1997",FALSE,0,0.05,57,TRUE
"123","Duane Ferrell","SF",0.738,"IND",0.756,0.22,0.316,0.154,0.155,0.629,0.045,0.05,0.409,0.147,0.165,0.481,0.554,0.077,0.097,0.617,0.109,0.083,0.092,0.057,0.154,0.016,0.119,0.323,0.139,"1997",FALSE,0,0,39,FALSE
"124","Danny Ferry","PF",0.714,"CLE",1,0.585,0.745,0.33,0.365,0.572,0.284,0.321,0.401,0.236,0.288,0.445,0.557,0.098,0.09,0.851,0.157,0.253,0.22,0.13,0.228,0.085,0.203,0.66,0.307,"1997",FALSE,0,0,42,FALSE
"127","Derek Fisher","PG",0.524,"LAL",0.976,0.037,0.261,0.101,0.121,0.529,0.055,0.082,0.301,0.085,0.107,0.434,0.488,0.104,0.123,0.658,0.048,0.071,0.063,0.102,0.167,0.013,0.153,0.235,0.109,"1997",FALSE,0,0,56,FALSE
"128","Greg Foster","C",0.667,"UTA",0.963,0.146,0.26,0.107,0.113,0.604,0.005,0.003,0.667,0.113,0.136,0.45,0.508,0.071,0.067,0.831,0.107,0.13,0.122,0.027,0.041,0.053,0.116,0.391,0.098,"1997",FALSE,0,0,64,FALSE
"129","Rick Fox","SF",0.643,"BOS",0.927,0.915,0.75,0.419,0.437,0.608,0.251,0.314,0.363,0.345,0.379,0.494,0.566,0.274,0.271,0.787,0.218,0.278,0.258,0.246,0.679,0.106,0.384,0.752,0.415,"1997",FALSE,0,0,15,FALSE
"131","Kevin Gamble","SF",0.738,"SAC",0.756,0.024,0.27,0.119,0.132,0.573,0.134,0.126,0.482,0.072,0.098,0.397,0.582,0.009,0.01,0.7,0.025,0.093,0.07,0.066,0.085,0.045,0.058,0.205,0.108,"1997",FALSE,0,0,34,FALSE
"132","Kevin Garnett","SF",0.476,"MIN",0.939,0.939,0.848,0.531,0.506,0.665,0.015,0.024,0.286,0.565,0.609,0.503,0.558,0.271,0.28,0.754,0.363,0.425,0.404,0.203,0.427,0.434,0.377,0.536,0.462,"1997",FALSE,0,0,40,FALSE
"135","Reggie Geary","PG",0.548,"CLE",0.476,0,0.07,0.021,0.027,0.505,0.02,0.024,0.381,0.015,0.021,0.378,0.498,0.007,0.011,0.455,0.008,0.011,0.01,0.031,0.053,0.005,0.032,0.097,0.02,"1997",FALSE,0,0,42,FALSE
"136","Matt Geiger","C",0.643,"CHH",0.598,0.159,0.295,0.165,0.161,0.652,0.015,0.023,0.3,0.172,0.186,0.5,0.552,0.118,0.131,0.701,0.191,0.157,0.169,0.033,0.081,0.072,0.144,0.412,0.154,"1997",FALSE,0,0,54,FALSE
"137","Kendall Gill","SF",0.667,"NJN",1,0.988,0.905,0.623,0.669,0.591,0.184,0.248,0.336,0.593,0.695,0.462,0.521,0.565,0.551,0.797,0.35,0.314,0.326,0.28,0.626,0.122,0.47,0.606,0.632,"1997",FALSE,0,0,26,FALSE
"140","Greg Graham","SG",0.619,"SEA",0.341,0,0.056,0.028,0.037,0.484,0.022,0.035,0.29,0.021,0.028,0.408,0.466,0.034,0.041,0.65,0.004,0.011,0.008,0.009,0.049,0.003,0.022,0.032,0.033,"1997",FALSE,0,0,57,FALSE
"142","Gary Grant","PG",0.738,"MIA",0.341,0,0.103,0.038,0.051,0.473,0.035,0.052,0.304,0.026,0.036,0.391,0.464,0.024,0.023,0.818,0.015,0.03,0.025,0.039,0.065,0,0.058,0.105,0.039,"1997",FALSE,0,0,61,FALSE
"143","Harvey Grant","PF",0.738,"WSB",0.951,0.305,0.454,0.125,0.145,0.548,0.07,0.1,0.315,0.105,0.127,0.449,0.506,0.04,0.04,0.769,0.12,0.192,0.167,0.058,0.187,0.128,0.065,0.45,0.112,"1997",FALSE,0,0,44,FALSE
"144","Horace Grant","PF",0.738,"ORL",0.817,0.817,0.706,0.346,0.32,0.687,0.002,0.007,0.167,0.371,0.389,0.518,0.573,0.169,0.184,0.715,0.394,0.391,0.392,0.14,0.411,0.173,0.213,0.423,0.298,"1997",FALSE,0,0,45,FALSE
"146","Evric Gray","SF",0.643,"NJN",0.061,0,0.012,0.004,0.007,0.356,0.002,0.005,0.25,0.003,0.006,0.273,0.333,0.005,0.004,1,0.002,0.002,0.002,0.002,0.004,0,0.006,0.013,0.005,"1997",FALSE,0,0,26,FALSE
"147","Jeff Grayer","SG",0.738,"SAC",0.305,0,0.089,0.037,0.038,0.611,0.01,0.012,0.364,0.035,0.041,0.472,0.536,0.015,0.021,0.55,0.04,0.017,0.025,0.021,0.033,0.019,0.032,0.113,0.032,"1997",FALSE,0,0,34,FALSE
"149","Litterial Green","PG",0.619,"DET",0.549,0,0.088,0.029,0.029,0.625,0,0.011,0,0.031,0.03,0.556,0.521,0.04,0.048,0.638,0.011,0.016,0.014,0.035,0.065,0.003,0.032,0.073,0.032,"1997",FALSE,0,0,54,FALSE
"150","Tom Gugliotta","PF",0.643,"MIN",0.988,0.988,0.886,0.573,0.616,0.589,0.06,0.105,0.258,0.591,0.703,0.456,0.501,0.614,0.582,0.82,0.358,0.511,0.459,0.288,0.528,0.237,0.631,0.639,0.59,"1997",FALSE,0,0.001,40,TRUE
"153","Steve Hamer","C",0.548,"BOS",0.427,0.037,0.076,0.029,0.026,0.701,0,0.002,0,0.031,0.031,0.545,0.584,0.021,0.03,0.552,0.033,0.043,0.039,0.006,0.008,0.011,0.028,0.105,0.027,"1997",FALSE,0,0,15,FALSE
"154","Tom Hammonds","PF",0.69,"DEN",0.988,0.098,0.498,0.185,0.183,0.64,0,0.002,0,0.199,0.223,0.482,0.533,0.164,0.177,0.721,0.258,0.264,0.262,0.055,0.065,0.064,0.19,0.553,0.179,"1997",FALSE,0,0,21,FALSE
"156","Anfernee Hardaway","PG",0.595,"ORL",0.72,0.72,0.629,0.407,0.433,0.596,0.211,0.301,0.318,0.35,0.38,0.499,0.548,0.374,0.355,0.82,0.157,0.18,0.172,0.285,0.378,0.093,0.312,0.332,0.427,"1997",FALSE,0,0,45,FALSE
"157","Tim Hardaway","PG",0.714,"MIA",0.988,0.988,0.888,0.556,0.637,0.553,0.505,0.666,0.344,0.387,0.448,0.469,0.543,0.385,0.374,0.799,0.094,0.226,0.181,0.597,0.614,0.024,0.496,0.445,0.581,"1997",FALSE,0,0.207,61,TRUE
"158","Derek Harper","PG",0.833,"DAL",0.915,0.354,0.626,0.289,0.31,0.592,0.149,0.199,0.341,0.249,0.281,0.48,0.542,0.126,0.132,0.742,0.057,0.106,0.09,0.276,0.374,0.032,0.284,0.388,0.266,"1997",FALSE,0,0,24,FALSE
"159","Ron Harper","PG",0.786,"CHI",0.927,0.902,0.492,0.171,0.187,0.581,0.169,0.212,0.362,0.113,0.123,0.5,0.578,0.077,0.084,0.707,0.088,0.146,0.126,0.164,0.35,0.101,0.108,0.372,0.169,"1997",FALSE,0,0,69,FALSE
"160","Othella Harrington","PF",0.548,"HOU",0.695,0.012,0.243,0.108,0.094,0.732,0,0.003,0,0.117,0.113,0.557,0.61,0.065,0.083,0.605,0.143,0.122,0.129,0.015,0.049,0.059,0.123,0.302,0.096,"1997",FALSE,0,0,57,FALSE
"161","Lucious Harris","SG",0.619,"PHI",0.659,0.037,0.23,0.108,0.135,0.508,0.09,0.112,0.364,0.079,0.11,0.39,0.491,0.044,0.048,0.702,0.052,0.044,0.046,0.043,0.167,0.008,0.073,0.121,0.103,"1997",FALSE,0,0,22,FALSE
"163","Hersey Hawkins","SG",0.714,"SEA",1,1,0.78,0.357,0.366,0.619,0.356,0.401,0.403,0.235,0.248,0.514,0.616,0.341,0.303,0.875,0.176,0.226,0.209,0.215,0.646,0.032,0.28,0.394,0.402,"1997",FALSE,0,0,57,FALSE
"164","Michael Hawkins","PG",0.571,"BOS",0.354,0,0.092,0.028,0.031,0.568,0.025,0.035,0.323,0.02,0.021,0.514,0.556,0.016,0.015,0.8,0.017,0.022,0.02,0.055,0.065,0.003,0.06,0.108,0.028,"1997",FALSE,0,0,15,FALSE
"165","Shane Heal","PG",0.619,"MIN",0.524,0,0.067,0.025,0.045,0.357,0.05,0.073,0.308,0.006,0.018,0.188,0.412,0.004,0.005,0.6,0.004,0.016,0.012,0.028,0.012,0.008,0.037,0.054,0.026,"1997",FALSE,0,0,40,FALSE
"167","Mark Hendrickson","PF",0.524,"PHI",0.354,0.012,0.085,0.031,0.035,0.555,0.007,0.014,0.25,0.03,0.037,0.446,0.483,0.024,0.027,0.692,0.067,0.057,0.06,0.003,0.041,0.011,0.03,0.086,0.03,"1997",FALSE,0,0,22,FALSE
"168","Carl Herrera","PF",0.714,"SAS",0.915,0.707,0.52,0.249,0.273,0.577,0.005,0.007,0.333,0.265,0.331,0.434,0.483,0.107,0.121,0.686,0.226,0.22,0.222,0.043,0.252,0.141,0.205,0.585,0.211,"1997",FALSE,0,0,20,FALSE
"169","Grant Hill","SF",0.571,"DET",0.976,0.976,0.891,0.604,0.579,0.661,0.025,0.037,0.303,0.64,0.691,0.502,0.556,0.595,0.651,0.711,0.235,0.594,0.471,0.501,0.585,0.128,0.558,0.501,0.604,"1997",FALSE,0,0.327,54,TRUE
"170","Tyrone Hill","C",0.667,"CLE",0.902,0.854,0.731,0.345,0.274,0.8,0,0.001,0,0.371,0.335,0.601,0.667,0.319,0.392,0.633,0.495,0.474,0.481,0.079,0.256,0.08,0.317,0.722,0.337,"1997",FALSE,0,0,42,FALSE
"171","Fred Hoiberg","SG",0.571,"IND",0.573,0,0.162,0.065,0.072,0.572,0.072,0.079,0.414,0.04,0.049,0.442,0.58,0.081,0.079,0.792,0.025,0.068,0.053,0.035,0.11,0.016,0.047,0.137,0.079,"1997",FALSE,0,0,39,FALSE
"172","Jeff Hornacek","SG",0.786,"UTA",1,1,0.734,0.399,0.394,0.643,0.179,0.22,0.369,0.355,0.373,0.516,0.583,0.388,0.335,0.899,0.115,0.18,0.158,0.31,0.504,0.069,0.289,0.507,0.421,"1997",FALSE,0,0,64,FALSE
"174","Allan Houston","SG",0.595,"NYK",0.988,0.988,0.759,0.423,0.475,0.564,0.368,0.433,0.385,0.301,0.365,0.446,0.55,0.231,0.224,0.803,0.082,0.196,0.157,0.154,0.167,0.048,0.36,0.628,0.423,"1997",FALSE,0,0,57,FALSE
"175","Juwan Howard","SF",0.548,"WSB",1,1,0.941,0.617,0.604,0.648,0,0.002,0,0.664,0.739,0.487,0.54,0.389,0.4,0.756,0.386,0.447,0.426,0.267,0.378,0.061,0.53,0.698,0.554,"1997",FALSE,0,0,44,FALSE
"177","Lindsey Hunter","PG",0.619,"DET",1,0.927,0.856,0.407,0.48,0.539,0.413,0.528,0.355,0.265,0.324,0.444,0.538,0.209,0.209,0.778,0.113,0.173,0.152,0.132,0.524,0.064,0.207,0.555,0.412,"1997",FALSE,0,0,54,FALSE
"178","Bobby Hurley","PG",0.595,"SAC",0.598,0.146,0.179,0.044,0.058,0.491,0.035,0.051,0.311,0.033,0.045,0.4,0.471,0.049,0.055,0.698,0.017,0.029,0.025,0.125,0.11,0.008,0.119,0.143,0.05,"1997",FALSE,0,0,34,FALSE
"179","Allen Iverson","PG",0.5,"PHI",0.927,0.902,0.862,0.604,0.692,0.555,0.386,0.514,0.341,0.489,0.592,0.448,0.519,0.505,0.56,0.702,0.22,0.196,0.204,0.487,0.638,0.064,0.726,0.628,0.631,"1997",FALSE,0,0.001,22,TRUE
"180","Jaren Jackson","SG",0.69,"WSB",0.915,0,0.321,0.13,0.151,0.543,0.132,0.178,0.335,0.084,0.096,0.474,0.542,0.07,0.071,0.768,0.059,0.1,0.086,0.056,0.183,0.043,0.129,0.353,0.132,"1997",FALSE,0,0,44,FALSE
"183","Henry James","PF",0.738,"ATL",0.646,0.183,0.267,0.121,0.141,0.544,0.189,0.204,0.42,0.051,0.071,0.392,0.592,0.04,0.037,0.833,0.052,0.054,0.053,0.018,0.045,0.003,0.062,0.264,0.126,"1997",FALSE,0,0,56,FALSE
"185","Avery Johnson","PG",0.738,"SAS",0.927,0.927,0.7,0.316,0.315,0.636,0.015,0.029,0.231,0.334,0.372,0.487,0.536,0.185,0.209,0.69,0.061,0.114,0.096,0.441,0.39,0.04,0.315,0.426,0.282,"1997",FALSE,0,0,20,FALSE
"187","Ervin Johnson","C",0.69,"DEN",1,1,0.736,0.235,0.215,0.693,0,0.002,0,0.253,0.262,0.523,0.578,0.127,0.16,0.615,0.442,0.677,0.597,0.061,0.264,0.604,0.254,0.776,0.206,"1997",FALSE,0,0,21,FALSE
"188","Kevin Johnson","PG",0.714,"PHO",0.854,0.854,0.752,0.426,0.41,0.661,0.221,0.228,0.441,0.366,0.388,0.512,0.607,0.581,0.53,0.852,0.103,0.198,0.165,0.561,0.415,0.032,0.468,0.38,0.498,"1997",FALSE,0,0.001,40,TRUE
"189","Larry Johnson","SF",0.643,"NYK",0.927,0.927,0.74,0.364,0.338,0.683,0.085,0.119,0.324,0.356,0.355,0.543,0.594,0.251,0.282,0.693,0.315,0.226,0.257,0.149,0.26,0.096,0.293,0.671,0.345,"1997",FALSE,0,0,57,FALSE
"191","Eddie Jones","SG",0.595,"LAL",0.976,0.976,0.849,0.457,0.497,0.584,0.378,0.439,0.391,0.334,0.39,0.464,0.564,0.365,0.347,0.819,0.172,0.234,0.213,0.232,0.768,0.13,0.364,0.609,0.485,"1997",FALSE,0,0,56,FALSE
"192","Popeye Jones","PF",0.619,"TOR",0.963,0.744,0.685,0.25,0.247,0.64,0.002,0.015,0.077,0.267,0.296,0.49,0.534,0.131,0.124,0.818,0.516,0.407,0.444,0.072,0.236,0.104,0.25,0.725,0.218,"1997",FALSE,0,0,30,FALSE
"193","Michael Jordan","SG",0.786,"CHI",1,1,0.879,0.89,0.871,0.648,0.276,0.335,0.374,0.842,0.9,0.507,0.573,0.635,0.593,0.833,0.216,0.366,0.315,0.302,0.569,0.117,0.358,0.42,0.858,"1997",FALSE,52,0.832,69,TRUE
"195","Adam Keefe","C",0.619,"UTA",0.756,0,0.259,0.079,0.074,0.684,0,0.001,0,0.085,0.09,0.516,0.57,0.094,0.106,0.689,0.143,0.14,0.141,0.027,0.122,0.035,0.097,0.261,0.083,"1997",FALSE,0,0,64,FALSE
"196","Shawn Kemp","PF",0.643,"SEA",0.988,0.915,0.778,0.509,0.475,0.68,0.03,0.037,0.364,0.535,0.563,0.515,0.573,0.598,0.627,0.742,0.526,0.528,0.527,0.134,0.508,0.215,0.603,0.863,0.535,"1997",FALSE,0,0,57,FALSE
"198","Steve Kerr","PG",0.738,"CHI",1,0,0.527,0.241,0.215,0.711,0.274,0.267,0.464,0.145,0.13,0.604,0.723,0.071,0.069,0.806,0.055,0.1,0.085,0.15,0.272,0.008,0.093,0.264,0.234,"1997",FALSE,0,0,69,FALSE
"199","Jerome Kersey","SF",0.81,"LAL",0.854,0.537,0.5,0.188,0.207,0.576,0.042,0.073,0.262,0.184,0.217,0.461,0.501,0.094,0.121,0.602,0.214,0.249,0.237,0.076,0.484,0.13,0.159,0.59,0.168,"1997",FALSE,0,0,56,FALSE
"201","Frankie King","SG",0.571,"PHI",0.085,0,0.017,0.007,0.008,0.549,0.002,0.002,0.5,0.006,0.008,0.4,0.49,0.007,0.005,1,0.008,0.01,0.009,0.004,0.016,0,0.006,0.019,0.007,"1997",FALSE,0,0,22,FALSE
"204","Kerry Kittles","SG",0.524,"NJN",1,0.695,0.853,0.49,0.547,0.568,0.393,0.473,0.377,0.363,0.434,0.453,0.548,0.231,0.234,0.771,0.203,0.212,0.208,0.214,0.638,0.093,0.274,0.445,0.476,"1997",FALSE,0,0,26,FALSE
"208","Toni Kukoc","SF",0.667,"CHI",0.695,0.183,0.456,0.276,0.278,0.628,0.124,0.17,0.331,0.245,0.256,0.518,0.569,0.177,0.179,0.77,0.18,0.166,0.171,0.22,0.244,0.077,0.196,0.261,0.266,"1997",FALSE,0,0,69,FALSE
"209","Christian Laettner","PF",0.643,"ATL",1,1,0.889,0.53,0.519,0.648,0.077,0.099,0.352,0.538,0.587,0.497,0.556,0.475,0.453,0.816,0.405,0.504,0.471,0.192,0.415,0.17,0.47,0.747,0.525,"1997",FALSE,0,0,56,FALSE
"211","Antonio Lang","PF",0.571,"CLE",0.78,0.012,0.239,0.066,0.075,0.56,0,0.007,0,0.071,0.088,0.436,0.467,0.046,0.049,0.729,0.099,0.074,0.083,0.028,0.134,0.08,0.108,0.299,0.06,"1997",FALSE,0,0,42,FALSE
"212","Priest Lauderdale","C",0.548,"ATL",0.427,0,0.051,0.047,0.041,0.735,0,0.001,0,0.051,0.05,0.557,0.612,0.017,0.024,0.565,0.031,0.027,0.028,0.01,0.004,0.024,0.08,0.105,0.039,"1997",FALSE,0,0,56,FALSE
"214","Tim Legler","SG",0.714,"WSB",0.183,0,0.052,0.015,0.022,0.417,0.02,0.033,0.276,0.007,0.011,0.368,0.44,0.008,0.007,0.857,0,0.021,0.014,0.006,0.012,0.013,0.019,0.057,0.016,"1997",FALSE,0,0,44,FALSE
"215","Voshon Lenard","SG",0.548,"MIA",0.89,0.573,0.598,0.304,0.315,0.612,0.455,0.499,0.414,0.136,0.136,0.541,0.659,0.114,0.108,0.819,0.073,0.178,0.142,0.138,0.203,0.048,0.235,0.453,0.317,"1997",FALSE,0,0,61,FALSE
"216","Martin Lewis","SF",0.5,"TOR",0.11,0,0.014,0.006,0.006,0.572,0.002,0.003,0.333,0.005,0.006,0.455,0.516,0.001,0.002,0.5,0.008,0.002,0.004,0.003,0.004,0.005,0.002,0.022,0.005,"1997",FALSE,0,0,30,FALSE
"218","Randy Livingston","PG",0.5,"HOU",0.78,0,0.278,0.097,0.105,0.583,0.022,0.025,0.409,0.095,0.117,0.44,0.507,0.056,0.067,0.646,0.061,0.062,0.061,0.133,0.159,0.032,0.22,0.288,0.089,"1997",FALSE,0,0,57,FALSE
"221","Grant Long","PF",0.714,"DET",0.793,0.293,0.33,0.119,0.127,0.596,0.042,0.053,0.362,0.11,0.129,0.465,0.531,0.083,0.086,0.75,0.168,0.133,0.145,0.034,0.175,0.016,0.103,0.286,0.115,"1997",FALSE,0,0,54,FALSE
"222","John Long","SG",0.952,"TOR",0.39,0,0.105,0.044,0.054,0.524,0.03,0.038,0.353,0.035,0.047,0.41,0.493,0.033,0.029,0.893,0.011,0.034,0.026,0.018,0.037,0.005,0.052,0.075,0.046,"1997",FALSE,0,0,30,FALSE
"223","Luc Longley","C",0.667,"CHI",0.72,0.72,0.417,0.214,0.223,0.608,0,0.002,0,0.23,0.272,0.458,0.507,0.126,0.123,0.792,0.231,0.21,0.217,0.121,0.093,0.176,0.239,0.515,0.19,"1997",FALSE,0,0,69,FALSE
"224","George Lynch","SF",0.619,"VAN",0.5,0.329,0.3,0.132,0.134,0.628,0.02,0.035,0.258,0.134,0.147,0.496,0.539,0.079,0.1,0.619,0.187,0.162,0.171,0.065,0.256,0.045,0.138,0.261,0.121,"1997",FALSE,0,0,14,FALSE
"225","Sam Mack","SF",0.619,"HOU",0.634,0.122,0.256,0.102,0.121,0.535,0.117,0.16,0.331,0.06,0.068,0.483,0.544,0.046,0.043,0.833,0.038,0.085,0.069,0.05,0.118,0.016,0.091,0.181,0.103,"1997",FALSE,0,0,57,FALSE
"226","Don MacLean","SF",0.643,"PHI",0.451,0.024,0.207,0.158,0.168,0.596,0.03,0.043,0.316,0.157,0.184,0.462,0.514,0.085,0.1,0.66,0.078,0.098,0.092,0.032,0.049,0.027,0.101,0.191,0.142,"1997",FALSE,0,0,22,FALSE
"227","Rick Mahorn","C",0.905,"DET",0.268,0.085,0.062,0.019,0.025,0.493,0,0.001,0,0.021,0.03,0.377,0.411,0.021,0.023,0.727,0.036,0.034,0.035,0.005,0.016,0.008,0.022,0.092,0.02,"1997",FALSE,0,0,54,FALSE
"228","Dan Majerle","SF",0.738,"MIA",0.439,0.317,0.358,0.136,0.16,0.541,0.169,0.227,0.338,0.076,0.082,0.5,0.56,0.053,0.061,0.678,0.086,0.116,0.106,0.1,0.22,0.037,0.108,0.202,0.138,"1997",FALSE,0,0,61,FALSE
"229","Karl Malone","PF",0.786,"UTA",1,1,0.849,0.836,0.723,0.733,0,0.015,0,0.899,0.879,0.555,0.611,0.689,0.71,0.755,0.369,0.612,0.529,0.316,0.459,0.128,0.502,0.585,0.794,"1997",TRUE,63,0.857,64,TRUE
"230","Matt Maloney","PG",0.595,"HOU",1,1,0.675,0.262,0.283,0.588,0.383,0.43,0.404,0.122,0.132,0.5,0.629,0.094,0.096,0.763,0.036,0.14,0.105,0.26,0.333,0.003,0.263,0.337,0.271,"1997",FALSE,0,0,57,FALSE
"231","Danny Manning","PF",0.714,"PHO",0.939,0.207,0.604,0.412,0.366,0.715,0.017,0.041,0.194,0.436,0.428,0.552,0.6,0.239,0.258,0.721,0.262,0.33,0.307,0.149,0.329,0.197,0.347,0.722,0.367,"1997",FALSE,0,0,40,FALSE
"233","Stephon Marbury","PG",0.452,"MIN",0.817,0.78,0.658,0.343,0.401,0.544,0.254,0.325,0.354,0.263,0.329,0.434,0.518,0.324,0.347,0.727,0.103,0.129,0.12,0.448,0.272,0.051,0.453,0.429,0.373,"1997",FALSE,0,0,40,FALSE
"234","Sarunas Marciulionis","SG",0.762,"DEN",0.207,0,0.072,0.037,0.046,0.501,0.027,0.034,0.367,0.028,0.04,0.38,0.479,0.038,0.037,0.806,0.023,0.018,0.02,0.021,0.049,0.003,0.086,0.102,0.041,"1997",FALSE,0,0,21,FALSE
"235","Donny Marshall","SF",0.571,"CLE",0.683,0,0.155,0.05,0.074,0.433,0.082,0.098,0.379,0.02,0.041,0.26,0.476,0.05,0.056,0.704,0.042,0.048,0.046,0.021,0.098,0.008,0.069,0.162,0.062,"1997",FALSE,0,0,42,FALSE
"236","Donyell Marshall","SF",0.548,"GSW",0.744,0.244,0.289,0.168,0.194,0.551,0.087,0.125,0.315,0.145,0.175,0.448,0.506,0.081,0.101,0.622,0.176,0.183,0.18,0.046,0.102,0.122,0.119,0.259,0.157,"1997",FALSE,0,0,30,FALSE
"238","Darrick Martin","PG",0.595,"LAC",1,0.78,0.515,0.282,0.33,0.543,0.226,0.264,0.389,0.209,0.273,0.415,0.522,0.288,0.257,0.872,0.05,0.086,0.074,0.291,0.232,0.005,0.274,0.445,0.315,"1997",FALSE,0,0,36,FALSE
"240","Anthony Mason","PF",0.714,"CHH",0.89,0.89,0.89,0.419,0.38,0.7,0.002,0.003,0.333,0.45,0.464,0.526,0.583,0.422,0.44,0.745,0.356,0.639,0.542,0.356,0.309,0.088,0.356,0.544,0.419,"1997",FALSE,0,0.006,54,TRUE
"241","Tony Massenburg","PF",0.69,"NJN",0.963,0.598,0.553,0.212,0.208,0.647,0,0.001,0,0.228,0.254,0.486,0.539,0.172,0.212,0.631,0.424,0.293,0.338,0.02,0.154,0.133,0.196,0.585,0.201,"1997",FALSE,0,0,26,FALSE
"242","Vernon Maxwell","SG",0.738,"SAS",0.878,0.378,0.585,0.329,0.417,0.5,0.286,0.42,0.309,0.234,0.301,0.421,0.488,0.177,0.185,0.744,0.052,0.131,0.104,0.131,0.354,0.051,0.261,0.453,0.328,"1997",FALSE,0,0,20,FALSE
"243","Lee Mayberry","PG",0.619,"VAN",0.976,0.463,0.553,0.144,0.17,0.537,0.206,0.249,0.376,0.069,0.084,0.443,0.572,0.038,0.047,0.63,0.055,0.104,0.088,0.283,0.244,0.021,0.194,0.429,0.145,"1997",FALSE,0,0,14,FALSE
"244","Walter McCarty","PF",0.524,"NYK",0.427,0,0.054,0.025,0.031,0.509,0.01,0.016,0.286,0.023,0.03,0.407,0.458,0.011,0.014,0.571,0.015,0.015,0.015,0.011,0.028,0.024,0.037,0.102,0.023,"1997",FALSE,0,0,57,FALSE
"245","Amal McCaskill","C",0.548,"ORL",0.207,0.012,0.031,0.01,0.015,0.417,0,0.002,0,0.01,0.017,0.333,0.348,0.011,0.012,0.667,0.008,0.018,0.014,0.006,0.012,0.013,0.024,0.019,0.01,"1997",FALSE,0,0,45,FALSE
"247","Xavier McDaniel","PF",0.786,"NJN",0.756,0.061,0.331,0.133,0.163,0.519,0.012,0.028,0.2,0.138,0.186,0.403,0.44,0.086,0.092,0.73,0.237,0.193,0.208,0.056,0.146,0.045,0.151,0.388,0.122,"1997",FALSE,0,0,26,FALSE
"248","Antonio McDyess","PF",0.524,"DEN",0.902,0.89,0.726,0.518,0.532,0.617,0.015,0.04,0.171,0.552,0.633,0.472,0.518,0.362,0.398,0.708,0.296,0.379,0.351,0.091,0.252,0.335,0.429,0.744,0.477,"1997",FALSE,0,0,21,FALSE
"249","Jim McIlvaine","C",0.571,"SEA",1,0.963,0.418,0.126,0.127,0.628,0.002,0.008,0.143,0.134,0.152,0.48,0.526,0.07,0.11,0.495,0.252,0.197,0.216,0.02,0.159,0.436,0.134,0.666,0.111,"1997",FALSE,0,0,57,FALSE
"250","Jeff McInnis","PG",0.524,"DEN",0.159,0,0.033,0.022,0.023,0.625,0.03,0.029,0.462,0.011,0.013,0.478,0.658,0.009,0.01,0.7,0.004,0.004,0.004,0.015,0.008,0.003,0.028,0.043,0.023,"1997",FALSE,0,0,21,FALSE
"251","Derrick McKey","SF",0.714,"IND",0.61,0.598,0.41,0.143,0.174,0.521,0.037,0.065,0.259,0.138,0.181,0.414,0.456,0.118,0.127,0.724,0.153,0.16,0.158,0.116,0.191,0.08,0.179,0.38,0.141,"1997",FALSE,0,0,39,FALSE
"253","Nate McMillan","PG",0.762,"SEA",0.451,0.024,0.226,0.059,0.069,0.545,0.07,0.095,0.333,0.034,0.037,0.508,0.559,0.025,0.03,0.655,0.029,0.102,0.077,0.12,0.236,0.016,0.069,0.21,0.06,"1997",FALSE,0,0,57,FALSE
"257","Reggie Miller","SG",0.738,"IND",0.988,0.988,0.84,0.534,0.572,0.592,0.57,0.605,0.427,0.336,0.399,0.456,0.596,0.553,0.489,0.88,0.101,0.231,0.187,0.235,0.305,0.066,0.358,0.464,0.618,"1997",FALSE,0,0,39,FALSE
"258","Chris Mills","SF",0.643,"CLE",0.976,0.963,0.896,0.392,0.411,0.604,0.214,0.248,0.391,0.332,0.38,0.473,0.557,0.233,0.215,0.842,0.226,0.376,0.325,0.17,0.35,0.109,0.259,0.598,0.379,"1997",FALSE,0,0,42,FALSE
"259","Terry Mills","PF",0.69,"DET",0.963,0.061,0.565,0.302,0.323,0.592,0.435,0.468,0.422,0.143,0.162,0.477,0.632,0.077,0.072,0.829,0.13,0.307,0.246,0.085,0.142,0.072,0.183,0.434,0.303,"1997",FALSE,0,0,54,FALSE
"260","Greg Minor","SF",0.595,"BOS",0.28,0.183,0.155,0.091,0.09,0.64,0.002,0.009,0.125,0.097,0.106,0.495,0.536,0.041,0.037,0.861,0.057,0.05,0.052,0.029,0.061,0.005,0.047,0.121,0.078,"1997",FALSE,0,0,15,FALSE
"261","Sam Mitchell","SF",0.786,"MIN",1,0.061,0.579,0.26,0.277,0.595,0.01,0.028,0.16,0.276,0.326,0.458,0.499,0.296,0.303,0.759,0.214,0.213,0.213,0.068,0.207,0.053,0.2,0.625,0.27,"1997",FALSE,0,0,40,FALSE
"264","Tracy Moore","SG",0.738,"HOU",0.329,0.012,0.067,0.032,0.039,0.517,0.027,0.049,0.256,0.023,0.024,0.524,0.503,0.029,0.032,0.71,0.021,0.015,0.017,0.017,0.02,0,0.03,0.051,0.035,"1997",FALSE,0,0,57,FALSE
"265","Chris Morris","SF",0.738,"UTA",0.89,0.012,0.277,0.118,0.138,0.544,0.077,0.128,0.274,0.095,0.105,0.489,0.511,0.052,0.056,0.722,0.071,0.124,0.106,0.037,0.118,0.064,0.097,0.326,0.111,"1997",FALSE,0,0,64,FALSE
"266","Lawrence Moten","SG",0.571,"VAN",0.817,0.22,0.344,0.165,0.203,0.517,0.102,0.159,0.291,0.135,0.169,0.433,0.482,0.085,0.102,0.646,0.082,0.075,0.078,0.111,0.195,0.064,0.175,0.224,0.158,"1997",FALSE,0,0,14,FALSE
"267","Alonzo Mourning","C",0.619,"MIA",0.805,0.793,0.657,0.457,0.407,0.712,0.002,0.01,0.111,0.491,0.494,0.539,0.594,0.48,0.581,0.642,0.361,0.464,0.429,0.089,0.228,0.503,0.487,0.733,0.463,"1997",FALSE,0,0.004,61,TRUE
"268","Chris Mullin","SF",0.786,"GSW",0.963,0.768,0.774,0.424,0.364,0.737,0.206,0.228,0.411,0.369,0.333,0.602,0.672,0.243,0.219,0.864,0.143,0.24,0.207,0.277,0.528,0.088,0.414,0.418,0.404,"1997",FALSE,0,0,30,FALSE
"269","Eric Murdock","PG",0.667,"DEN",0.146,0,0.032,0.015,0.015,0.607,0.01,0.011,0.4,0.011,0.013,0.478,0.572,0.015,0.012,0.917,0.002,0.01,0.007,0.021,0.037,0.005,0.024,0.024,0.016,"1997",FALSE,0,0,21,FALSE
"271","Lamond Murray","SF",0.548,"LAC",0.902,0.012,0.367,0.175,0.2,0.555,0.077,0.103,0.341,0.156,0.194,0.436,0.502,0.206,0.217,0.739,0.163,0.147,0.152,0.049,0.215,0.077,0.185,0.305,0.194,"1997",FALSE,0,0,36,FALSE
"272","Tracy Murray","SF",0.595,"WSB",1,0.012,0.513,0.279,0.312,0.567,0.264,0.339,0.353,0.189,0.213,0.481,0.559,0.179,0.166,0.839,0.161,0.168,0.165,0.067,0.28,0.051,0.185,0.404,0.288,"1997",FALSE,0,0,44,FALSE
"275","Steve Nash","PG",0.524,"PHO",0.793,0.024,0.194,0.072,0.081,0.564,0.057,0.062,0.418,0.053,0.068,0.425,0.543,0.056,0.052,0.824,0.031,0.047,0.041,0.119,0.081,0,0.136,0.248,0.075,"1997",FALSE,0,0,40,FALSE
"278","Johnny Newman","SF",0.786,"MIL",1,0.049,0.583,0.238,0.252,0.6,0.085,0.111,0.347,0.221,0.253,0.472,0.534,0.25,0.254,0.765,0.126,0.119,0.122,0.1,0.297,0.045,0.248,0.693,0.252,"1997",FALSE,0,0,33,FALSE
"280","Ken Norman","SF",0.762,"ATL",0.207,0,0.062,0.026,0.043,0.383,0.015,0.043,0.158,0.022,0.032,0.375,0.354,0.005,0.012,0.333,0.015,0.031,0.025,0.01,0.028,0.008,0.039,0.046,0.023,"1997",FALSE,0,0,56,FALSE
"281","Moochie Norris","PG",0.548,"VAN",0.098,0,0.025,0.004,0.01,0.243,0.005,0.011,0.2,0.002,0.007,0.167,0.252,0.003,0.005,0.4,0.006,0.009,0.008,0.02,0.016,0,0.011,0.013,0.004,"1997",FALSE,0,0,14,FALSE
"283","Jermaine O'Neal","PF",0.429,"POR",0.549,0,0.13,0.067,0.07,0.601,0,0.001,0,0.072,0.086,0.454,0.501,0.062,0.08,0.603,0.075,0.084,0.081,0.007,0.008,0.069,0.058,0.124,0.065,"1997",FALSE,0,0,49,FALSE
"284","Shaquille O'Neal","C",0.571,"LAL",0.622,0.622,0.549,0.534,0.456,0.743,0,0.005,0,0.574,0.557,0.559,0.619,0.307,0.493,0.484,0.373,0.442,0.418,0.137,0.187,0.391,0.315,0.485,0.472,"1997",FALSE,0,0.006,56,TRUE
"285","Charles Oakley","PF",0.786,"NYK",0.976,0.976,0.813,0.328,0.319,0.651,0.012,0.021,0.263,0.348,0.381,0.495,0.547,0.239,0.23,0.808,0.47,0.531,0.51,0.19,0.451,0.056,0.369,0.822,0.305,"1997",FALSE,0,0,57,FALSE
"286","Hakeem Olajuwon","C",0.81,"HOU",0.951,0.951,0.807,0.703,0.656,0.68,0.012,0.018,0.313,0.751,0.795,0.512,0.569,0.464,0.459,0.787,0.331,0.539,0.468,0.203,0.476,0.46,0.606,0.671,0.639,"1997",FALSE,0,0.083,57,TRUE
"287","Jimmy Oliver","SG",0.643,"TOR",0.049,0,0.012,0.004,0.006,0.411,0.002,0.007,0.167,0.003,0.004,0.429,0.384,0.003,0.002,1,0.002,0.004,0.003,0.001,0.008,0,0.006,0.005,0.004,"1997",FALSE,0,0,30,FALSE
"288","Greg Ostertag","C",0.548,"UTA",0.939,0.854,0.515,0.203,0.188,0.687,0,0.005,0,0.219,0.228,0.52,0.572,0.184,0.211,0.678,0.344,0.382,0.369,0.023,0.098,0.404,0.159,0.628,0.197,"1997",FALSE,0,0,64,FALSE
"289","Bo Outlaw","PF",0.595,"LAC",1,0.305,0.621,0.246,0.192,0.812,0,0.009,0,0.264,0.231,0.621,0.677,0.155,0.239,0.504,0.333,0.278,0.297,0.135,0.382,0.378,0.231,0.612,0.221,"1997",FALSE,0,0,36,FALSE
"290","Doug Overton","PG",0.643,"PHI",0.744,0.049,0.179,0.078,0.087,0.568,0.025,0.045,0.25,0.074,0.085,0.473,0.503,0.06,0.049,0.938,0.034,0.05,0.044,0.087,0.098,0,0.084,0.119,0.077,"1997",FALSE,0,0,22,FALSE
"291","Billy Owens","SF",0.643,"SAC",0.805,0.683,0.565,0.289,0.295,0.623,0.062,0.081,0.347,0.285,0.32,0.482,0.541,0.134,0.149,0.697,0.256,0.256,0.256,0.161,0.252,0.066,0.287,0.504,0.256,"1997",FALSE,0,0,34,FALSE
"292","Ray Owes","PF",0.571,"GSW",0.695,0.012,0.168,0.073,0.083,0.556,0.002,0.006,0.2,0.077,0.099,0.423,0.466,0.034,0.047,0.565,0.122,0.098,0.107,0.013,0.061,0.053,0.05,0.232,0.062,"1997",FALSE,0,0,30,FALSE
"295","Cherokee Parks","PF",0.571,"MIN",0.927,0,0.272,0.1,0.093,0.68,0,0.001,0,0.107,0.113,0.512,0.567,0.061,0.078,0.605,0.159,0.111,0.127,0.029,0.167,0.128,0.069,0.404,0.089,"1997",FALSE,0,0,40,FALSE
"296","Gary Payton","PG",0.667,"SEA",1,1,0.909,0.683,0.682,0.635,0.296,0.429,0.313,0.611,0.622,0.533,0.574,0.336,0.365,0.715,0.203,0.27,0.247,0.501,0.801,0.035,0.463,0.561,0.63,"1997",FALSE,0,0.091,57,TRUE
"297","Anthony Peeler","SG",0.643,"VAN",0.878,0.695,0.648,0.389,0.465,0.531,0.318,0.387,0.373,0.285,0.377,0.41,0.512,0.144,0.137,0.82,0.103,0.192,0.161,0.22,0.427,0.045,0.338,0.453,0.368,"1997",FALSE,0,0,14,FALSE
"299","Sam Perkins","C",0.833,"SEA",0.988,0.049,0.559,0.28,0.304,0.585,0.303,0.349,0.395,0.175,0.199,0.477,0.59,0.247,0.236,0.817,0.141,0.224,0.196,0.088,0.28,0.13,0.166,0.361,0.314,"1997",FALSE,0,0,57,FALSE
"300","Elliot Perry","PG",0.643,"MIL",1,0.037,0.451,0.21,0.211,0.632,0.122,0.155,0.358,0.175,0.181,0.523,0.586,0.104,0.109,0.745,0.046,0.099,0.081,0.212,0.398,0.008,0.239,0.315,0.198,"1997",FALSE,0,0,33,FALSE
"301","Wesley Person","SG",0.595,"PHO",0.976,0.512,0.658,0.396,0.416,0.604,0.425,0.467,0.413,0.248,0.276,0.487,0.609,0.12,0.117,0.798,0.13,0.222,0.191,0.106,0.35,0.053,0.164,0.275,0.381,"1997",FALSE,0,0,40,FALSE
"302","Bobby Phills","SG",0.643,"CLE",0.841,0.793,0.672,0.317,0.353,0.571,0.211,0.244,0.394,0.253,0.31,0.442,0.538,0.165,0.179,0.718,0.12,0.181,0.16,0.2,0.459,0.056,0.291,0.469,0.306,"1997",FALSE,0,0,42,FALSE
"303","Eric Piatkowski","SG",0.619,"LAC",0.793,0,0.211,0.13,0.137,0.6,0.127,0.135,0.425,0.086,0.1,0.466,0.594,0.091,0.086,0.821,0.094,0.056,0.069,0.045,0.134,0.027,0.099,0.229,0.137,"1997",FALSE,0,0,36,FALSE
"306","Scottie Pippen","SF",0.738,"CHI",1,1,0.876,0.627,0.629,0.632,0.388,0.479,0.368,0.512,0.531,0.522,0.59,0.27,0.299,0.701,0.306,0.368,0.347,0.401,0.626,0.12,0.461,0.574,0.585,"1997",FALSE,0,0.005,69,TRUE
"307","Olden Polynice","C",0.762,"SAC",1,1,0.819,0.427,0.445,0.609,0,0.007,0,0.46,0.542,0.46,0.508,0.187,0.258,0.562,0.52,0.497,0.505,0.153,0.187,0.213,0.358,0.803,0.362,"1997",FALSE,0,0,34,FALSE
"308","Terry Porter","PG",0.786,"MIN",1,0.244,0.444,0.181,0.207,0.555,0.167,0.226,0.335,0.125,0.14,0.482,0.546,0.168,0.171,0.765,0.059,0.144,0.115,0.253,0.22,0.029,0.276,0.28,0.201,"1997",FALSE,0,0,40,FALSE
"309","Vitaly Potapenko","C",0.5,"CLE",0.976,0.037,0.35,0.18,0.195,0.587,0.002,0.002,0.5,0.193,0.237,0.439,0.49,0.122,0.129,0.736,0.201,0.111,0.142,0.034,0.106,0.09,0.235,0.582,0.164,"1997",FALSE,0,0,42,FALSE
"310","Brent Price","PG",0.667,"HOU",0.305,0,0.11,0.043,0.048,0.559,0.042,0.06,0.321,0.028,0.029,0.519,0.556,0.028,0.022,1,0.019,0.019,0.019,0.056,0.069,0,0.069,0.092,0.044,"1997",FALSE,0,0,57,FALSE
"311","Mark Price","PG",0.762,"GSW",0.854,0.598,0.531,0.254,0.271,0.596,0.279,0.319,0.396,0.157,0.173,0.493,0.602,0.205,0.176,0.906,0.069,0.142,0.117,0.294,0.272,0.008,0.347,0.27,0.28,"1997",FALSE,0,0,30,FALSE
"312","Dino Radja","C",0.69,"BOS",0.305,0.305,0.247,0.144,0.156,0.587,0,0.001,0,0.155,0.191,0.441,0.489,0.067,0.073,0.718,0.084,0.166,0.138,0.041,0.093,0.128,0.151,0.205,0.123,"1997",FALSE,0,0,15,FALSE
"314","Eldridge Recasner","SG",0.69,"ATL",0.866,0.049,0.342,0.143,0.161,0.564,0.144,0.158,0.414,0.094,0.118,0.429,0.562,0.067,0.06,0.879,0.067,0.079,0.075,0.081,0.154,0.011,0.14,0.261,0.143,"1997",FALSE,0,0,56,FALSE
"315","Bryant Reeves","C",0.548,"VAN",0.915,0.915,0.786,0.482,0.472,0.648,0.002,0.012,0.091,0.517,0.572,0.49,0.54,0.286,0.316,0.704,0.333,0.433,0.399,0.137,0.118,0.178,0.377,0.728,0.428,"1997",FALSE,0,0,14,FALSE
"317","Don Reid","PF",0.548,"DET",0.573,0.171,0.131,0.052,0.052,0.643,0,0.001,0,0.056,0.063,0.486,0.536,0.032,0.033,0.75,0.069,0.065,0.066,0.012,0.065,0.04,0.05,0.283,0.047,"1997",FALSE,0,0,54,FALSE
"319","Glen Rice","SF",0.69,"CHH",0.963,0.951,0.952,0.698,0.696,0.636,0.515,0.497,0.47,0.536,0.605,0.48,0.607,0.614,0.55,0.867,0.128,0.249,0.208,0.137,0.293,0.069,0.381,0.512,0.747,"1997",FALSE,0,0.117,54,TRUE
"320","Pooh Richardson","PG",0.714,"LAC",0.72,0.22,0.301,0.127,0.158,0.508,0.104,0.144,0.328,0.093,0.122,0.412,0.491,0.034,0.044,0.605,0.048,0.072,0.064,0.145,0.22,0.013,0.134,0.221,0.117,"1997",FALSE,0,0,36,FALSE
"321","Mitch Richmond","SG",0.738,"SAC",0.988,0.988,0.885,0.693,0.726,0.605,0.507,0.538,0.428,0.534,0.621,0.466,0.577,0.604,0.546,0.861,0.113,0.258,0.208,0.29,0.48,0.064,0.511,0.569,0.74,"1997",FALSE,0,0.003,34,TRUE
"322","Isaiah Rider","SG",0.595,"POR",0.927,0.829,0.725,0.441,0.452,0.619,0.246,0.29,0.385,0.371,0.409,0.492,0.571,0.28,0.269,0.812,0.18,0.209,0.199,0.17,0.183,0.051,0.457,0.536,0.432,"1997",FALSE,0,0,49,FALSE
"325","Chris Robinson","SG",0.524,"VAN",0.5,0.073,0.193,0.067,0.084,0.505,0.085,0.1,0.382,0.036,0.052,0.376,0.526,0.021,0.027,0.615,0.044,0.048,0.046,0.056,0.114,0.024,0.073,0.229,0.066,"1997",FALSE,0,0,14,FALSE
"326","Clifford Robinson","SF",0.714,"POR",0.988,0.963,0.871,0.429,0.48,0.568,0.301,0.395,0.346,0.336,0.391,0.466,0.538,0.284,0.318,0.696,0.172,0.229,0.21,0.224,0.402,0.176,0.371,0.677,0.432,"1997",FALSE,0,0,49,FALSE
"328","Glenn Robinson","SF",0.571,"MIL",0.976,0.963,0.881,0.647,0.662,0.62,0.157,0.203,0.35,0.631,0.71,0.482,0.541,0.381,0.374,0.791,0.249,0.369,0.328,0.213,0.419,0.181,0.58,0.606,0.596,"1997",FALSE,0,0,33,FALSE
"329","James Robinson","PG",0.619,"MIN",0.841,0.061,0.371,0.19,0.222,0.543,0.254,0.301,0.382,0.098,0.121,0.437,0.569,0.103,0.117,0.684,0.046,0.087,0.073,0.108,0.122,0.021,0.149,0.337,0.202,"1997",FALSE,0,0,40,FALSE
"331","Dennis Rodman","PF",0.833,"CHI",0.671,0.659,0.551,0.124,0.132,0.597,0.012,0.021,0.263,0.128,0.151,0.461,0.507,0.066,0.091,0.568,0.612,0.559,0.577,0.146,0.13,0.051,0.239,0.464,0.11,"1997",FALSE,0,0,69,FALSE
"332","Lou Roe","SF",0.571,"GSW",0.207,0,0.03,0.014,0.022,0.389,0.007,0.012,0.273,0.011,0.021,0.297,0.359,0.012,0.02,0.474,0.013,0.007,0.009,0.005,0.012,0.003,0.024,0.027,0.014,"1997",FALSE,0,0,30,FALSE
"333","Carlos Rogers","PF",0.595,"TOR",0.683,0.037,0.395,0.205,0.186,0.7,0.062,0.074,0.379,0.195,0.191,0.553,0.618,0.135,0.175,0.6,0.229,0.183,0.199,0.032,0.171,0.184,0.114,0.377,0.195,"1997",FALSE,0,0,30,FALSE
"334","Rodney Rogers","SF",0.595,"LAC",0.988,0.756,0.702,0.395,0.407,0.616,0.162,0.203,0.361,0.357,0.397,0.487,0.553,0.253,0.296,0.663,0.262,0.272,0.269,0.191,0.358,0.162,0.476,0.733,0.379,"1997",FALSE,0,0,36,FALSE
"335","Roy Rogers","PF",0.548,"VAN",1,0.61,0.523,0.236,0.222,0.673,0.002,0.001,1,0.253,0.272,0.504,0.562,0.071,0.097,0.574,0.266,0.245,0.252,0.04,0.085,0.434,0.185,0.577,0.192,"1997",FALSE,0,0,14,FALSE
"336","Sean Rooks","C",0.643,"LAL",0.841,0.037,0.208,0.084,0.085,0.627,0,0.001,0,0.091,0.104,0.473,0.522,0.12,0.134,0.7,0.107,0.106,0.107,0.036,0.069,0.101,0.11,0.332,0.094,"1997",FALSE,0,0,56,FALSE
"337","Jalen Rose","SF",0.571,"IND",0.805,0.073,0.336,0.166,0.173,0.608,0.052,0.081,0.292,0.157,0.172,0.495,0.538,0.155,0.16,0.75,0.052,0.093,0.079,0.133,0.232,0.048,0.231,0.367,0.17,"1997",FALSE,0,0,39,FALSE
"338","Malik Rose","PF",0.524,"CHH",0.659,0.012,0.149,0.059,0.059,0.636,0,0.002,0,0.063,0.071,0.484,0.53,0.05,0.064,0.613,0.134,0.093,0.107,0.027,0.114,0.045,0.088,0.307,0.056,"1997",FALSE,0,0,54,FALSE
"341","Bryon Russell","SF",0.619,"UTA",0.988,0.988,0.715,0.287,0.285,0.639,0.269,0.298,0.409,0.197,0.201,0.531,0.629,0.226,0.251,0.701,0.151,0.25,0.216,0.106,0.524,0.072,0.203,0.639,0.308,"1997",FALSE,0,0,64,FALSE
"342","Arvydas Sabonis","C",0.762,"POR",0.841,0.829,0.499,0.317,0.303,0.664,0.122,0.149,0.371,0.29,0.297,0.53,0.596,0.295,0.295,0.777,0.218,0.43,0.358,0.125,0.256,0.223,0.325,0.547,0.328,"1997",FALSE,0,0,49,FALSE
"345","Danny Schayes","PF",0.881,"ORL",0.549,0.073,0.153,0.045,0.055,0.523,0,0.001,0,0.049,0.067,0.395,0.436,0.052,0.053,0.75,0.078,0.083,0.082,0.012,0.061,0.043,0.058,0.199,0.047,"1997",FALSE,0,0,45,FALSE
"347","Dwayne Schintzius","C",0.667,"LAC",0.183,0,0.033,0.013,0.017,0.481,0.002,0.002,0.5,0.012,0.019,0.353,0.417,0.009,0.008,0.875,0.017,0.013,0.014,0.003,0.004,0.024,0.015,0.059,0.012,"1997",FALSE,0,0,36,FALSE
"348","Detlef Schrempf","SF",0.81,"SEA",0.744,0.732,0.62,0.344,0.333,0.656,0.142,0.182,0.354,0.311,0.318,0.531,0.59,0.335,0.325,0.801,0.166,0.305,0.258,0.229,0.256,0.043,0.323,0.407,0.361,"1997",FALSE,0,0,57,FALSE
"350","Byron Scott","SG",0.833,"LAL",0.963,0.098,0.408,0.158,0.174,0.573,0.182,0.212,0.388,0.094,0.108,0.471,0.584,0.168,0.155,0.841,0.04,0.096,0.077,0.085,0.187,0.043,0.114,0.194,0.186,"1997",FALSE,0,0,56,FALSE
"351","Dennis Scott","SF",0.667,"ORL",0.805,0.756,0.613,0.288,0.345,0.531,0.366,0.421,0.394,0.157,0.212,0.402,0.551,0.106,0.104,0.792,0.076,0.162,0.133,0.119,0.301,0.051,0.175,0.372,0.291,"1997",FALSE,0,0,45,FALSE
"352","James Scott","SF",0.571,"MIA",0.098,0,0.009,0,0.004,0,0,0.005,0,0,0.002,0,0,0.001,0.002,0.5,0.002,0.005,0.004,0.003,0.008,0,0.004,0.013,0,"1997",FALSE,0,0,61,FALSE
"354","Malik Sealy","SG",0.619,"LAC",0.976,0.963,0.695,0.361,0.434,0.528,0.197,0.251,0.356,0.306,0.406,0.408,0.487,0.336,0.298,0.876,0.113,0.178,0.156,0.142,0.504,0.12,0.332,0.499,0.381,"1997",FALSE,0,0,36,FALSE
"355","Rony Seikaly","C",0.738,"ORL",0.902,0.829,0.74,0.445,0.417,0.676,0,0.003,0,0.479,0.51,0.509,0.563,0.472,0.514,0.714,0.524,0.424,0.458,0.079,0.199,0.285,0.47,0.741,0.451,"1997",FALSE,0,0,45,FALSE
"356","Brian Shaw","PG",0.714,"ORL",0.939,0.378,0.528,0.183,0.237,0.488,0.157,0.219,0.325,0.131,0.182,0.391,0.474,0.147,0.144,0.793,0.09,0.146,0.127,0.274,0.272,0.069,0.366,0.531,0.195,"1997",FALSE,0,0,45,FALSE
"357","Lionel Simmons","SF",0.667,"SAC",0.5,0,0.147,0.044,0.063,0.441,0.017,0.034,0.233,0.04,0.06,0.358,0.397,0.056,0.049,0.875,0.057,0.073,0.068,0.049,0.033,0.035,0.073,0.17,0.049,"1997",FALSE,0,0,34,FALSE
"358","Dickey Simpkins","PF",0.571,"CHI",0.585,0,0.112,0.03,0.043,0.444,0.002,0.005,0.25,0.031,0.05,0.337,0.377,0.037,0.041,0.7,0.069,0.056,0.06,0.027,0.02,0.013,0.075,0.119,0.032,"1997",FALSE,0,0,69,FALSE
"359","Reggie Slater","PF",0.619,"TOR",0.317,0,0.115,0.079,0.069,0.733,0,0.002,0,0.085,0.083,0.558,0.611,0.052,0.077,0.52,0.076,0.055,0.062,0.018,0.037,0.016,0.062,0.092,0.072,"1997",FALSE,0,0,30,FALSE
"360","Charles Smith","PF",0.738,"SAS",0.232,0.085,0.093,0.033,0.039,0.54,0,0.001,0,0.035,0.047,0.41,0.45,0.026,0.027,0.769,0.034,0.047,0.042,0.012,0.053,0.059,0.047,0.119,0.031,"1997",FALSE,0,0,20,FALSE
"361","Joe Smith","PF",0.5,"GSW",0.976,0.976,0.873,0.568,0.595,0.605,0.03,0.052,0.261,0.598,0.703,0.461,0.51,0.406,0.388,0.814,0.499,0.415,0.444,0.107,0.301,0.229,0.414,0.658,0.527,"1997",FALSE,0,0,30,FALSE
"364","Steve Smith","SG",0.643,"ATL",0.878,0.878,0.798,0.475,0.527,0.572,0.323,0.438,0.335,0.376,0.427,0.477,0.54,0.44,0.404,0.847,0.172,0.147,0.156,0.262,0.252,0.061,0.379,0.466,0.51,"1997",FALSE,0,0.001,56,TRUE
"365","Stevin Smith","SG",0.595,"DAL",0.098,0,0.017,0.006,0.008,0.444,0.002,0.007,0.167,0.005,0.007,0.417,0.401,0.001,0.001,1,0.004,0.008,0.007,0.003,0.004,0,0.009,0.024,0.005,"1997",FALSE,0,0,24,FALSE
"366","Tony Smith","PG",0.667,"CHH",0.841,0.476,0.365,0.133,0.155,0.545,0.08,0.112,0.323,0.11,0.134,0.445,0.508,0.05,0.061,0.644,0.073,0.056,0.061,0.129,0.195,0.051,0.157,0.296,0.122,"1997",FALSE,0,0,54,FALSE
"367","Rik Smits","C",0.714,"IND",0.634,0.634,0.43,0.344,0.337,0.648,0.005,0.009,0.25,0.368,0.409,0.488,0.541,0.229,0.223,0.797,0.201,0.254,0.236,0.058,0.089,0.157,0.272,0.472,0.313,"1997",FALSE,0,0,39,FALSE
"368","Eric Snow","PG",0.548,"SEA",0.817,0,0.219,0.072,0.075,0.601,0.01,0.017,0.267,0.073,0.084,0.47,0.514,0.062,0.068,0.712,0.033,0.053,0.046,0.137,0.15,0.008,0.103,0.253,0.07,"1997",FALSE,0,0,57,FALSE
"371","Latrell Sprewell","SG",0.619,"GSW",0.976,0.963,0.949,0.628,0.665,0.599,0.366,0.468,0.354,0.522,0.58,0.488,0.556,0.652,0.602,0.843,0.111,0.306,0.239,0.436,0.537,0.12,0.694,0.412,0.684,"1997",FALSE,0,0,30,FALSE
"372","Jerry Stackhouse","SG",0.524,"PHI",0.988,0.988,0.896,0.515,0.602,0.543,0.254,0.386,0.298,0.448,0.545,0.446,0.496,0.676,0.686,0.766,0.298,0.181,0.221,0.217,0.378,0.168,0.681,0.59,0.593,"1997",FALSE,0,0,22,FALSE
"373","John Starks","SG",0.738,"NYK",0.939,0.012,0.578,0.357,0.394,0.575,0.373,0.459,0.369,0.228,0.253,0.488,0.577,0.229,0.231,0.769,0.069,0.168,0.134,0.186,0.366,0.029,0.341,0.528,0.375,"1997",FALSE,0,0,57,FALSE
"374","Matt Steigenga","SF",0.619,"CHI",0.024,0,0.003,0.001,0.002,0.333,0,0.002,0,0.001,0.001,0.5,0.278,0.001,0.002,0.5,0,0.003,0.002,0.002,0.004,0.003,0.004,0.003,0.001,"1997",FALSE,0,0,69,FALSE
"376","Larry Stewart","SF",0.667,"SEA",0.854,0.256,0.278,0.108,0.116,0.592,0.022,0.042,0.243,0.107,0.121,0.479,0.513,0.089,0.096,0.72,0.143,0.095,0.112,0.045,0.126,0.061,0.136,0.291,0.106,"1997",FALSE,0,0,57,FALSE
"377","Bryant Stith","SG",0.619,"DEN",0.634,0.634,0.506,0.243,0.277,0.555,0.174,0.205,0.385,0.188,0.237,0.43,0.527,0.267,0.241,0.863,0.141,0.142,0.142,0.114,0.244,0.053,0.218,0.321,0.273,"1997",FALSE,0,0,21,FALSE
"378","John Stockton","PG",0.81,"UTA",1,1,0.82,0.402,0.349,0.731,0.189,0.203,0.422,0.354,0.327,0.587,0.664,0.364,0.334,0.846,0.086,0.182,0.149,0.739,0.675,0.04,0.534,0.523,0.418,"1997",FALSE,0,0.003,64,TRUE
"379","Damon Stoudamire","PG",0.548,"TOR",0.988,0.988,0.937,0.545,0.647,0.535,0.438,0.56,0.355,0.404,0.514,0.426,0.514,0.437,0.413,0.823,0.164,0.242,0.216,0.609,0.5,0.035,0.621,0.437,0.577,"1997",FALSE,0,0,30,FALSE
"380","Erick Strickland","SG",0.548,"DAL",0.341,0.183,0.215,0.099,0.118,0.531,0.07,0.104,0.304,0.077,0.092,0.451,0.503,0.086,0.082,0.813,0.04,0.069,0.059,0.058,0.11,0.013,0.142,0.202,0.105,"1997",FALSE,0,0,24,FALSE
"381","Mark Strickland","PF",0.619,"MIA",0.378,0,0.043,0.024,0.028,0.556,0,0.001,0,0.026,0.033,0.424,0.463,0.016,0.022,0.571,0.031,0.021,0.024,0.001,0.016,0.027,0.032,0.046,0.022,"1997",FALSE,0,0,61,FALSE
"382","Rod Strickland","PG",0.714,"WSB",1,0.988,0.848,0.498,0.509,0.621,0.032,0.087,0.169,0.522,0.58,0.488,0.524,0.485,0.511,0.738,0.182,0.238,0.219,0.625,0.581,0.037,0.582,0.447,0.498,"1997",FALSE,0,0,44,FALSE
"383","Derek Strong","PF",0.667,"ORL",1,0.256,0.567,0.253,0.27,0.596,0,0.015,0,0.273,0.323,0.457,0.497,0.231,0.224,0.803,0.333,0.343,0.339,0.063,0.191,0.053,0.22,0.528,0.247,"1997",FALSE,0,0,45,FALSE
"384","Bob Sura","SG",0.548,"CLE",1,0.28,0.642,0.245,0.27,0.575,0.132,0.185,0.323,0.208,0.239,0.473,0.529,0.259,0.328,0.614,0.145,0.23,0.201,0.335,0.366,0.088,0.39,0.588,0.267,"1997",FALSE,0,0,42,FALSE
"385","Brett Szabo","C",0.667,"BOS",0.854,0.293,0.187,0.052,0.056,0.595,0,0.001,0,0.056,0.068,0.45,0.496,0.06,0.063,0.738,0.107,0.108,0.108,0.015,0.065,0.085,0.088,0.321,0.054,"1997",FALSE,0,0,15,FALSE
"387","Carl Thomas","SG",0.643,"CLE",0.232,0,0.022,0.009,0.011,0.5,0.005,0.014,0.167,0.007,0.007,0.583,0.463,0.001,0.001,1,0.006,0.01,0.008,0.007,0.008,0.003,0.013,0.019,0.007,"1997",FALSE,0,0,42,FALSE
"388","Kurt Thomas","PF",0.571,"MIA",0.22,0.11,0.106,0.038,0.048,0.495,0,0.001,0,0.041,0.059,0.375,0.412,0.046,0.047,0.761,0.059,0.075,0.07,0.008,0.049,0.024,0.054,0.181,0.04,"1997",FALSE,0,0,61,FALSE
"391","Otis Thorpe","C",0.81,"DET",0.963,0.963,0.753,0.405,0.362,0.709,0,0.002,0,0.436,0.443,0.534,0.591,0.262,0.312,0.653,0.432,0.393,0.407,0.114,0.24,0.045,0.312,0.803,0.366,"1997",FALSE,0,0,54,FALSE
"392","Sedale Threatt","SG",0.833,"HOU",0.256,0,0.095,0.027,0.034,0.504,0.02,0.023,0.4,0.021,0.03,0.37,0.48,0.008,0.008,0.75,0.01,0.019,0.016,0.034,0.061,0.008,0.028,0.078,0.025,"1997",FALSE,0,0,57,FALSE
"395","Gary Trent","PF",0.524,"POR",1,0.341,0.543,0.349,0.31,0.715,0,0.012,0,0.376,0.374,0.544,0.596,0.212,0.236,0.699,0.298,0.27,0.28,0.075,0.195,0.093,0.278,0.501,0.311,"1997",FALSE,0,0,49,FALSE
"396","Nick Van Exel","PG",0.595,"LAL",0.963,0.963,0.831,0.418,0.495,0.536,0.44,0.528,0.378,0.265,0.342,0.42,0.538,0.218,0.206,0.825,0.084,0.181,0.148,0.577,0.305,0.027,0.457,0.296,0.426,"1997",FALSE,0,0,56,FALSE
"398","Loy Vaught","PF",0.667,"LAC",1,1,0.803,0.524,0.499,0.667,0.005,0.014,0.167,0.562,0.605,0.504,0.557,0.177,0.197,0.702,0.424,0.591,0.534,0.095,0.346,0.066,0.295,0.65,0.431,"1997",FALSE,0,0,36,FALSE
"400","Antoine Walker","PF",0.476,"BOS",1,0.829,0.841,0.557,0.623,0.567,0.129,0.179,0.327,0.545,0.674,0.438,0.494,0.306,0.377,0.631,0.551,0.45,0.484,0.225,0.427,0.141,0.496,0.73,0.507,"1997",FALSE,0,0,15,FALSE
"401","Samaki Walker","PF",0.476,"DAL",0.524,0.146,0.17,0.08,0.086,0.592,0,0.001,0,0.086,0.105,0.446,0.493,0.063,0.076,0.649,0.09,0.099,0.096,0.015,0.061,0.059,0.084,0.191,0.076,"1997",FALSE,0,0,24,FALSE
"403","John Wallace","SF",0.524,"NYK",0.829,0.073,0.223,0.118,0.109,0.689,0.005,0.005,0.5,0.125,0.131,0.517,0.579,0.104,0.113,0.718,0.098,0.103,0.101,0.032,0.085,0.066,0.164,0.275,0.115,"1997",FALSE,0,0,57,FALSE
"404","Rasheed Wallace","PF",0.524,"POR",0.756,0.683,0.536,0.368,0.313,0.744,0.022,0.037,0.273,0.386,0.365,0.573,0.628,0.224,0.273,0.638,0.233,0.295,0.274,0.064,0.195,0.157,0.246,0.534,0.331,"1997",FALSE,0,0,49,FALSE
"405","Rex Walters","SG",0.619,"PHI",0.72,0.195,0.295,0.143,0.15,0.607,0.142,0.167,0.385,0.095,0.1,0.514,0.603,0.065,0.064,0.79,0.04,0.085,0.07,0.097,0.114,0.008,0.131,0.202,0.142,"1997",FALSE,0,0,22,FALSE
"406","Charlie Ward","PG",0.619,"NYK",0.963,0.256,0.499,0.129,0.155,0.527,0.119,0.174,0.312,0.088,0.103,0.464,0.518,0.126,0.129,0.76,0.086,0.174,0.144,0.28,0.337,0.04,0.317,0.507,0.144,"1997",FALSE,0,0,57,FALSE
"408","Clarence Weatherspoon","SF",0.619,"PHI",1,1,0.835,0.385,0.373,0.655,0.002,0.007,0.167,0.413,0.454,0.493,0.546,0.272,0.287,0.738,0.419,0.457,0.444,0.12,0.301,0.229,0.295,0.504,0.354,"1997",FALSE,0,0,22,FALSE
"409","Chris Webber","PF",0.548,"WSB",0.878,0.878,0.794,0.584,0.537,0.691,0.149,0.17,0.397,0.566,0.573,0.535,0.603,0.234,0.322,0.565,0.455,0.501,0.486,0.284,0.496,0.364,0.496,0.695,0.51,"1997",FALSE,0,0,44,FALSE
"410","Bill Wennington","C",0.786,"CHI",0.744,0.232,0.222,0.114,0.109,0.664,0,0.002,0,0.123,0.133,0.502,0.553,0.058,0.055,0.83,0.088,0.082,0.084,0.035,0.041,0.029,0.067,0.356,0.099,"1997",FALSE,0,0,69,FALSE
"412","David Wesley","PG",0.619,"BOS",0.902,0.89,0.847,0.441,0.448,0.624,0.256,0.323,0.36,0.367,0.388,0.513,0.579,0.298,0.296,0.781,0.128,0.196,0.173,0.461,0.659,0.035,0.455,0.596,0.438,"1997",FALSE,0,0,15,FALSE
"413","Doug West","SG",0.69,"MIN",0.829,0.805,0.543,0.219,0.223,0.623,0.037,0.051,0.333,0.22,0.248,0.481,0.536,0.085,0.097,0.681,0.071,0.11,0.097,0.097,0.248,0.064,0.142,0.588,0.188,"1997",FALSE,0,0,40,FALSE
"416","Donald Whiteside","PG",0.643,"TOR",0.329,0.012,0.073,0.017,0.025,0.436,0.03,0.041,0.333,0.006,0.011,0.316,0.484,0.015,0.015,0.733,0.004,0.01,0.008,0.031,0.045,0,0.037,0.062,0.021,"1997",FALSE,0,0,30,FALSE
"417","Chris Whitney","PG",0.595,"WSB",1,0.012,0.316,0.134,0.152,0.561,0.144,0.184,0.356,0.084,0.094,0.485,0.566,0.124,0.116,0.832,0.025,0.09,0.068,0.156,0.199,0.011,0.147,0.27,0.152,"1997",FALSE,0,0,44,FALSE
"418","Dominique Wilkins","SF",0.881,"SAS",0.768,0.317,0.551,0.384,0.439,0.556,0.174,0.27,0.293,0.34,0.403,0.458,0.503,0.372,0.36,0.803,0.323,0.231,0.263,0.102,0.159,0.082,0.291,0.27,0.404,"1997",FALSE,0,0,20,FALSE
"419","Gerald Wilkins","SG",0.786,"ORL",0.976,0.317,0.623,0.312,0.349,0.568,0.164,0.229,0.325,0.267,0.314,0.462,0.521,0.18,0.195,0.716,0.113,0.113,0.113,0.149,0.22,0.032,0.265,0.388,0.299,"1997",FALSE,0,0,45,FALSE
"421","Buck Williams","PF",0.857,"NYK",0.902,0.049,0.423,0.169,0.15,0.716,0,0.001,0,0.182,0.183,0.538,0.597,0.152,0.184,0.642,0.317,0.229,0.259,0.046,0.163,0.101,0.17,0.55,0.164,"1997",FALSE,0,0,57,FALSE
"422","Eric Williams","SG",0.571,"BOS",0.878,0.817,0.689,0.362,0.377,0.608,0.005,0.009,0.25,0.387,0.458,0.458,0.508,0.434,0.449,0.752,0.241,0.202,0.215,0.111,0.293,0.035,0.3,0.574,0.381,"1997",FALSE,0,0,15,FALSE
"423","Herb Williams","PF",0.905,"NYK",0.256,0.024,0.052,0.017,0.021,0.521,0,0.001,0,0.019,0.025,0.4,0.434,0.004,0.004,0.75,0.017,0.022,0.02,0.004,0.016,0.013,0.011,0.049,0.014,"1997",FALSE,0,0,57,FALSE
"424","Hot Rod Williams","C",0.81,"PHO",0.829,0.805,0.605,0.197,0.191,0.653,0,0.002,0,0.212,0.234,0.493,0.544,0.176,0.204,0.672,0.34,0.381,0.367,0.086,0.272,0.234,0.142,0.474,0.191,"1997",FALSE,0,0,40,FALSE
"425","Jayson Williams","PF",0.667,"NJN",0.5,0.488,0.405,0.214,0.249,0.545,0,0.005,0,0.23,0.302,0.412,0.454,0.143,0.188,0.59,0.463,0.309,0.361,0.044,0.098,0.096,0.177,0.426,0.194,"1997",FALSE,0,0,26,FALSE
"428","Monty Williams","SF",0.595,"SAS",0.793,0.317,0.381,0.226,0.212,0.679,0,0.001,0,0.243,0.259,0.51,0.566,0.159,0.191,0.645,0.187,0.107,0.135,0.078,0.224,0.138,0.25,0.434,0.208,"1997",FALSE,0,0,20,FALSE
"430","Scott Williams","C",0.667,"PHI",0.756,0.634,0.373,0.157,0.146,0.679,0,0.002,0,0.169,0.178,0.513,0.566,0.05,0.057,0.691,0.296,0.24,0.259,0.035,0.179,0.109,0.108,0.555,0.128,"1997",FALSE,0,0,22,FALSE
"431","Walt Williams","SF",0.619,"TOR",0.89,0.89,0.749,0.405,0.452,0.569,0.435,0.493,0.4,0.254,0.307,0.448,0.573,0.246,0.25,0.765,0.197,0.262,0.24,0.169,0.394,0.165,0.375,0.76,0.423,"1997",FALSE,0,0,30,FALSE
"432","Corliss Williamson","SF",0.548,"SAC",0.963,0.378,0.564,0.359,0.343,0.664,0,0.003,0,0.386,0.418,0.5,0.553,0.229,0.258,0.689,0.266,0.186,0.213,0.107,0.244,0.13,0.338,0.709,0.323,"1997",FALSE,0,0,34,FALSE
"433","Kevin Willis","PF",0.81,"HOU",0.915,0.39,0.556,0.338,0.335,0.641,0.005,0.016,0.143,0.362,0.403,0.487,0.536,0.185,0.208,0.693,0.279,0.412,0.367,0.061,0.171,0.085,0.256,0.582,0.297,"1997",FALSE,0,0,57,FALSE
"434","David Wingate","SG",0.786,"SEA",0.793,0.024,0.263,0.086,0.098,0.555,0.062,0.08,0.352,0.067,0.081,0.448,0.527,0.044,0.041,0.825,0.044,0.051,0.048,0.069,0.179,0.013,0.08,0.291,0.083,"1997",FALSE,0,0,57,FALSE
"435","Dontonio Wingfield","SF",0.524,"POR",0.573,0,0.161,0.076,0.089,0.545,0.065,0.087,0.338,0.055,0.065,0.457,0.53,0.036,0.041,0.675,0.12,0.073,0.09,0.039,0.057,0.016,0.106,0.272,0.075,"1997",FALSE,0,0,49,FALSE
"436","Joe Wolf","C",0.762,"MIL",0.683,0.085,0.149,0.039,0.041,0.599,0.002,0.008,0.143,0.041,0.046,0.476,0.506,0.019,0.02,0.737,0.061,0.079,0.073,0.017,0.057,0.029,0.03,0.283,0.034,"1997",FALSE,0,0,33,FALSE
"437","David Wood","PF",0.762,"MIL",0.561,0,0.068,0.019,0.017,0.701,0.012,0.017,0.333,0.016,0.013,0.652,0.658,0.016,0.019,0.667,0.01,0.022,0.018,0.011,0.028,0.016,0.013,0.097,0.02,"1997",FALSE,0,0,33,FALSE
"438","Haywoode Workman","PG",0.738,"IND",0.049,0.024,0.023,0.011,0.009,0.733,0,0.003,0,0.011,0.01,0.647,0.611,0,0.001,0,0.008,0.003,0.005,0.009,0.012,0,0.011,0.027,0.008,"1997",FALSE,0,0,39,FALSE
"439","Lorenzen Wright","C",0.5,"LAC",0.939,0.622,0.548,0.228,0.226,0.641,0.002,0.005,0.25,0.245,0.275,0.483,0.536,0.116,0.154,0.587,0.394,0.263,0.308,0.042,0.195,0.16,0.17,0.569,0.198,"1997",FALSE,0,0,36,FALSE
"440","Sharone Wright","C",0.571,"TOR",0.732,0.341,0.286,0.156,0.185,0.533,0,0.001,0,0.168,0.227,0.4,0.444,0.09,0.137,0.511,0.151,0.106,0.122,0.024,0.061,0.133,0.2,0.394,0.138,"1997",FALSE,0,0,30,FALSE
"  1","Mahmoud Abdul-Rauf","PG",0.667,"SAC",0.378,0,0.15,0.1,0.126,0.503,0.012,0.035,0.161,0.102,0.136,0.405,0.429,0.021,0.016,1,0.011,0.031,0.024,0.05,0.065,0.003,0.041,0.084,0.08,"1998",FALSE,0,0,27,FALSE
"  2","Tariq Abdul-Wahad","SG",0.548,"SAC",0.72,0.195,0.271,0.139,0.164,0.537,0.01,0.021,0.211,0.146,0.191,0.414,0.454,0.111,0.129,0.672,0.084,0.071,0.076,0.044,0.142,0.035,0.14,0.218,0.133,"1998",FALSE,0,0,27,FALSE
"  3","Shareef Abdur-Rahim","SF",0.5,"VAN",1,1,0.835,0.632,0.62,0.647,0.052,0.058,0.412,0.658,0.731,0.488,0.548,0.664,0.658,0.784,0.434,0.352,0.38,0.183,0.362,0.202,0.554,0.542,0.646,"1998",FALSE,0,0,19,FALSE
"  5","Ray Allen","SG",0.524,"MIL",1,1,0.93,0.544,0.605,0.571,0.333,0.415,0.364,0.446,0.534,0.453,0.532,0.452,0.402,0.875,0.243,0.276,0.265,0.306,0.451,0.032,0.567,0.658,0.566,"1998",FALSE,0,0,36,FALSE
"  6","Derek Anderson","SF",0.548,"CLE",0.805,0.159,0.521,0.231,0.27,0.544,0.042,0.095,0.202,0.231,0.283,0.442,0.469,0.364,0.324,0.873,0.105,0.131,0.122,0.195,0.35,0.035,0.276,0.367,0.272,"1998",FALSE,0,0,47,FALSE
"  7","Greg Anderson","C",0.786,"ATL",0.61,0,0.113,0.035,0.037,0.592,0,0.006,0,0.037,0.043,0.474,0.493,0.021,0.042,0.39,0.075,0.078,0.077,0.013,0.077,0.027,0.037,0.229,0.031,"1998",FALSE,0,0,50,FALSE
"  9","Nick Anderson","SF",0.714,"ORL",0.707,0.537,0.481,0.332,0.347,0.607,0.192,0.242,0.36,0.277,0.305,0.493,0.562,0.168,0.205,0.638,0.187,0.198,0.194,0.102,0.293,0.061,0.183,0.264,0.314,"1998",FALSE,0,0,41,FALSE
" 10","Shandon Anderson","SG",0.571,"UTA",1,0.024,0.453,0.26,0.23,0.717,0.017,0.036,0.219,0.273,0.264,0.56,0.606,0.18,0.19,0.735,0.164,0.14,0.148,0.076,0.268,0.048,0.196,0.391,0.24,"1998",FALSE,0,0,62,FALSE
" 11","Chris Anstey","C",0.548,"DAL",0.5,0.098,0.192,0.089,0.106,0.531,0.007,0.018,0.188,0.093,0.121,0.414,0.45,0.07,0.076,0.716,0.101,0.103,0.103,0.03,0.126,0.072,0.088,0.256,0.085,"1998",FALSE,0,0,20,FALSE
" 12","Greg Anthony","PG",0.714,"SEA",0.976,0,0.289,0.145,0.161,0.573,0.164,0.179,0.415,0.087,0.107,0.442,0.582,0.07,0.082,0.663,0.034,0.092,0.073,0.176,0.26,0.008,0.196,0.261,0.148,"1998",FALSE,0,0,61,FALSE
" 14","Darrell Armstrong","PG",0.69,"ORL",0.585,0.207,0.35,0.151,0.175,0.548,0.062,0.077,0.368,0.136,0.176,0.42,0.492,0.139,0.127,0.854,0.124,0.093,0.104,0.203,0.236,0.013,0.241,0.259,0.156,"1998",FALSE,0,0,41,FALSE
" 15","Vincent Askew","SG",0.738,"POR",0.366,0.061,0.125,0.018,0.025,0.469,0,0.002,0,0.02,0.029,0.365,0.391,0.037,0.04,0.718,0.04,0.047,0.044,0.033,0.077,0.013,0.075,0.105,0.023,"1998",FALSE,0,0,46,FALSE
" 16","Keith Askins","SF",0.714,"MIA",0.561,0.146,0.193,0.038,0.056,0.427,0.052,0.084,0.284,0.019,0.027,0.375,0.451,0.016,0.02,0.632,0.054,0.072,0.066,0.025,0.11,0.032,0.056,0.288,0.039,"1998",FALSE,0,0,55,FALSE
" 17","Stacey Augmon","SG",0.69,"POR",0.866,0.28,0.409,0.149,0.171,0.552,0.002,0.008,0.143,0.159,0.206,0.419,0.461,0.124,0.16,0.603,0.199,0.13,0.154,0.076,0.232,0.085,0.175,0.388,0.142,"1998",FALSE,0,0,46,FALSE
" 19","Vin Baker","C",0.619,"SEA",1,1,0.833,0.61,0.536,0.723,0.002,0.008,0.143,0.656,0.653,0.545,0.603,0.411,0.541,0.591,0.547,0.367,0.429,0.131,0.37,0.229,0.375,0.749,0.556,"1998",FALSE,0,0.021,61,TRUE
" 20","Charles Barkley","PF",0.81,"HOU",0.829,0.5,0.635,0.349,0.342,0.647,0.045,0.095,0.214,0.357,0.372,0.52,0.552,0.392,0.408,0.746,0.461,0.549,0.519,0.186,0.289,0.074,0.317,0.504,0.366,"1998",FALSE,0,0,41,FALSE
" 21","Dana Barros","PG",0.714,"BOS",0.976,0.183,0.477,0.272,0.28,0.615,0.249,0.278,0.407,0.188,0.205,0.499,0.604,0.161,0.148,0.847,0.054,0.124,0.1,0.246,0.337,0.016,0.231,0.334,0.277,"1998",FALSE,0,0,36,FALSE
" 23","Drew Barry","PG",0.571,"ATL",0.329,0,0.072,0.017,0.017,0.632,0.022,0.024,0.429,0.009,0.01,0.529,0.658,0.015,0.013,0.846,0.01,0.03,0.023,0.042,0.041,0.003,0.065,0.075,0.02,"1998",FALSE,0,0,50,FALSE
" 24","Jon Barry","SG",0.667,"LAL",0.598,0.012,0.106,0.037,0.048,0.487,0.045,0.069,0.295,0.021,0.024,0.465,0.502,0.036,0.03,0.931,0.015,0.029,0.024,0.044,0.098,0.008,0.047,0.089,0.043,"1998",FALSE,0,0,61,FALSE
" 25","Tony Battie","PF",0.5,"DEN",0.793,0.598,0.426,0.226,0.242,0.595,0.007,0.016,0.214,0.24,0.288,0.452,0.499,0.097,0.107,0.702,0.264,0.212,0.229,0.052,0.22,0.184,0.211,0.536,0.192,"1998",FALSE,0,0,11,FALSE
" 26","Corey Beck","PG",0.619,"CHH",0.72,0.171,0.209,0.071,0.073,0.612,0.005,0.005,0.5,0.074,0.087,0.458,0.517,0.057,0.061,0.729,0.052,0.063,0.059,0.084,0.134,0.019,0.151,0.27,0.067,"1998",FALSE,0,0,51,FALSE
" 28","Mario Bennett","PF",0.571,"LAL",0.549,0.049,0.1,0.077,0.062,0.791,0.002,0.002,0.5,0.082,0.075,0.594,0.662,0.021,0.045,0.364,0.115,0.066,0.082,0.015,0.077,0.029,0.045,0.164,0.062,"1998",FALSE,0,0,61,FALSE
" 30","Travis Best","PG",0.595,"IND",1,0,0.438,0.194,0.221,0.559,0.052,0.079,0.3,0.187,0.231,0.439,0.49,0.148,0.135,0.855,0.054,0.093,0.08,0.241,0.346,0.013,0.239,0.52,0.189,"1998",FALSE,0,0,58,FALSE
" 32","Mookie Blaylock","PG",0.714,"ATL",0.854,0.841,0.764,0.356,0.432,0.523,0.224,0.377,0.269,0.289,0.341,0.46,0.489,0.126,0.138,0.709,0.155,0.258,0.223,0.403,0.744,0.056,0.379,0.329,0.325,"1998",FALSE,0,0,50,FALSE
" 33","Corie Blount","PF",0.69,"LAL",0.854,0.037,0.291,0.103,0.086,0.763,0,0.005,0,0.111,0.103,0.585,0.636,0.052,0.08,0.5,0.218,0.183,0.195,0.032,0.118,0.066,0.11,0.423,0.089,"1998",FALSE,0,0,61,FALSE
" 36","Keith Booth","SF",0.548,"CHI",0.073,0,0.005,0.002,0.003,0.444,0,0.001,0,0.002,0.003,0.4,0.37,0.008,0.006,1,0.004,0.002,0.003,0.001,0,0,0.006,0.008,0.004,"1998",FALSE,0,0,62,FALSE
" 37","Bruce Bowen","SF",0.619,"BOS",0.744,0.11,0.369,0.118,0.137,0.545,0.05,0.067,0.339,0.106,0.135,0.427,0.492,0.101,0.126,0.623,0.151,0.094,0.114,0.07,0.354,0.077,0.112,0.469,0.12,"1998",FALSE,0,0,36,FALSE
" 38","Anthony Bowie","SG",0.81,"NYK",0.329,0.037,0.063,0.031,0.027,0.723,0.007,0.005,0.75,0.03,0.031,0.527,0.631,0.011,0.009,0.889,0.017,0.017,0.017,0.009,0.024,0.005,0.015,0.067,0.026,"1998",FALSE,0,0,43,FALSE
" 39","Shawn Bradley","C",0.595,"DAL",0.78,0.561,0.516,0.29,0.327,0.563,0.002,0.003,0.333,0.311,0.399,0.422,0.47,0.172,0.185,0.722,0.314,0.352,0.339,0.052,0.207,0.569,0.207,0.577,0.258,"1998",FALSE,0,0,20,FALSE
" 40","Terrell Brandon","PG",0.643,"MIL",0.61,0.585,0.505,0.328,0.336,0.619,0.077,0.105,0.333,0.32,0.36,0.483,0.539,0.175,0.16,0.846,0.044,0.152,0.115,0.332,0.451,0.045,0.312,0.323,0.297,"1998",FALSE,0,0,36,FALSE
" 41","Tim Breaux","SF",0.643,"MIL",0.073,0,0.008,0.004,0.005,0.485,0.002,0.003,0.333,0.003,0.005,0.375,0.454,0.001,0.002,0.5,0,0.002,0.001,0.002,0.008,0.003,0.002,0.003,0.004,"1998",FALSE,0,0,36,FALSE
" 42","Scott Brooks","PG",0.762,"CLE",0.524,0,0.088,0.027,0.03,0.565,0.012,0.012,0.455,0.024,0.031,0.418,0.513,0.024,0.021,0.9,0.011,0.024,0.02,0.042,0.073,0.008,0.026,0.067,0.028,"1998",FALSE,0,0,47,FALSE
" 43","Chucky Brown","SF",0.69,"ATL",0.939,0.098,0.34,0.156,0.171,0.577,0.005,0.009,0.25,0.165,0.205,0.437,0.483,0.083,0.09,0.724,0.109,0.125,0.12,0.047,0.093,0.035,0.11,0.27,0.137,"1998",FALSE,0,0,50,FALSE
" 46","Randy Brown","PG",0.69,"CHI",0.866,0.073,0.325,0.112,0.139,0.512,0,0.006,0,0.121,0.168,0.391,0.427,0.074,0.08,0.718,0.065,0.06,0.061,0.13,0.289,0.032,0.136,0.318,0.102,"1998",FALSE,0,0,62,FALSE
" 47","Rick Brunson","PG",0.595,"POR",0.463,0.122,0.176,0.047,0.065,0.464,0.055,0.069,0.361,0.028,0.045,0.338,0.473,0.056,0.064,0.677,0.027,0.042,0.037,0.086,0.102,0.008,0.112,0.148,0.057,"1998",FALSE,0,0,46,FALSE
" 48","Kobe Bryant","SG",0.452,"LAL",0.963,0.012,0.582,0.378,0.42,0.571,0.187,0.248,0.341,0.329,0.391,0.456,0.521,0.48,0.47,0.794,0.151,0.162,0.158,0.171,0.301,0.106,0.338,0.485,0.431,"1998",FALSE,0,0,61,FALSE
" 49","Mark Bryant","C",0.762,"PHO",0.854,0.268,0.314,0.105,0.104,0.645,0,0.001,0,0.113,0.126,0.487,0.538,0.097,0.098,0.768,0.176,0.151,0.159,0.04,0.146,0.04,0.125,0.485,0.103,"1998",FALSE,0,0,56,FALSE
" 50","Jud Buechler","SF",0.69,"CHI",0.902,0,0.172,0.082,0.081,0.644,0.062,0.073,0.385,0.062,0.063,0.541,0.616,0.004,0.006,0.5,0.046,0.053,0.05,0.042,0.089,0.04,0.045,0.127,0.07,"1998",FALSE,0,0,62,FALSE
" 51","Matt Bullard","SF",0.714,"HOU",0.817,0.293,0.337,0.169,0.179,0.6,0.239,0.261,0.416,0.082,0.089,0.5,0.637,0.026,0.028,0.741,0.048,0.12,0.095,0.052,0.126,0.064,0.084,0.28,0.165,"1998",FALSE,0,0,41,FALSE
" 52","Scott Burrell","SF",0.643,"CHI",0.976,0.037,0.31,0.154,0.173,0.565,0.127,0.163,0.354,0.112,0.13,0.468,0.547,0.062,0.066,0.734,0.153,0.117,0.129,0.056,0.26,0.098,0.108,0.353,0.147,"1998",FALSE,0,0,62,FALSE
" 53","Willie Burton","SF",0.69,"SAS",0.159,0,0.012,0.008,0.01,0.508,0.007,0.01,0.333,0.005,0.007,0.417,0.502,0.011,0.012,0.667,0.006,0.006,0.006,0.001,0.008,0.005,0.002,0.019,0.01,"1998",FALSE,0,0,56,FALSE
" 54","Mitchell Butler","SG",0.643,"CLE",0.22,0,0.058,0.015,0.022,0.425,0.002,0.007,0.167,0.015,0.023,0.341,0.367,0.008,0.01,0.6,0.011,0.016,0.014,0.015,0.033,0,0.017,0.07,0.013,"1998",FALSE,0,0,47,FALSE
" 56","Michael Cage","C",0.857,"NJN",0.963,0.207,0.34,0.042,0.039,0.683,0,0.001,0,0.045,0.047,0.518,0.569,0.026,0.037,0.556,0.22,0.192,0.201,0.027,0.183,0.117,0.05,0.283,0.037,"1998",FALSE,0,0,43,FALSE
" 58","Marcus Camby","C",0.548,"TOR",0.768,0.707,0.567,0.298,0.344,0.549,0,0.002,0,0.32,0.42,0.413,0.458,0.197,0.251,0.611,0.388,0.261,0.305,0.095,0.276,0.612,0.289,0.539,0.27,"1998",FALSE,0,0,16,FALSE
" 59","Elden Campbell","PF",0.69,"LAL",0.988,0.341,0.505,0.279,0.287,0.617,0.002,0.002,0.5,0.3,0.351,0.463,0.516,0.313,0.352,0.693,0.273,0.31,0.297,0.067,0.142,0.271,0.248,0.563,0.288,"1998",FALSE,0,0,61,FALSE
" 61","Chris Carr","SG",0.548,"MIN",0.622,0.488,0.33,0.184,0.208,0.56,0.1,0.143,0.315,0.156,0.183,0.462,0.517,0.111,0.102,0.848,0.082,0.111,0.101,0.073,0.069,0.029,0.149,0.348,0.178,"1998",FALSE,0,0,45,FALSE
" 62","Sam Cassell","PG",0.667,"NJN",0.915,0.878,0.738,0.493,0.532,0.588,0.037,0.09,0.188,0.515,0.607,0.46,0.498,0.577,0.522,0.86,0.14,0.154,0.149,0.518,0.492,0.053,0.58,0.706,0.519,"1998",FALSE,0,0,43,FALSE
" 63","Kelvin Cato","C",0.548,"POR",0.902,0.098,0.285,0.095,0.105,0.571,0,0.003,0,0.102,0.127,0.434,0.476,0.114,0.129,0.688,0.174,0.16,0.165,0.02,0.118,0.25,0.095,0.442,0.1,"1998",FALSE,0,0,46,FALSE
" 67","Rex Chapman","SG",0.714,"PHO",0.829,0.817,0.641,0.395,0.44,0.569,0.299,0.351,0.386,0.3,0.364,0.447,0.544,0.193,0.192,0.781,0.057,0.142,0.113,0.174,0.289,0.037,0.25,0.275,0.382,"1998",FALSE,0,0,56,FALSE
" 68","Calbert Cheaney","SG",0.619,"WAS",1,1,0.804,0.433,0.451,0.609,0.037,0.06,0.283,0.451,0.523,0.467,0.516,0.184,0.221,0.647,0.157,0.24,0.212,0.149,0.39,0.096,0.224,0.712,0.371,"1998",FALSE,0,0,42,FALSE
" 69","Pete Chilcutt","PF",0.69,"VAN",1,0,0.402,0.151,0.165,0.58,0.134,0.147,0.415,0.106,0.129,0.445,0.567,0.052,0.061,0.661,0.147,0.227,0.2,0.089,0.215,0.098,0.134,0.426,0.143,"1998",FALSE,0,0,19,FALSE
" 70","Chris Childs","PG",0.714,"NYK",0.829,0,0.453,0.144,0.163,0.561,0.067,0.098,0.31,0.127,0.151,0.457,0.51,0.138,0.13,0.825,0.055,0.132,0.106,0.23,0.228,0.016,0.222,0.482,0.151,"1998",FALSE,0,0,43,FALSE
" 71","Doug Christie","SG",0.643,"TOR",0.951,0.951,0.832,0.443,0.493,0.571,0.249,0.347,0.326,0.373,0.431,0.469,0.527,0.358,0.336,0.829,0.18,0.308,0.264,0.242,0.772,0.152,0.491,0.534,0.454,"1998",FALSE,0,0,16,FALSE
" 73","Derrick Coleman","PF",0.714,"PHI",0.72,0.707,0.604,0.344,0.399,0.548,0.065,0.111,0.265,0.343,0.434,0.429,0.473,0.399,0.402,0.772,0.285,0.435,0.384,0.125,0.187,0.181,0.338,0.388,0.367,"1998",FALSE,0,0,31,FALSE
" 74","Bimbo Coles","PG",0.69,"GSW",0.646,0.537,0.416,0.161,0.202,0.505,0.032,0.064,0.228,0.159,0.215,0.402,0.438,0.103,0.091,0.886,0.033,0.105,0.08,0.213,0.207,0.035,0.192,0.364,0.149,"1998",FALSE,0,0,19,FALSE
" 75","James Collins","SG",0.571,"LAC",0.28,0,0.029,0.02,0.025,0.509,0.022,0.023,0.45,0.012,0.02,0.343,0.516,0.011,0.014,0.571,0.013,0.007,0.009,0.003,0.024,0.008,0.017,0.032,0.021,"1998",FALSE,0,0,17,FALSE
" 77","Tyrone Corbin","SF",0.833,"ATL",0.963,0.963,0.764,0.317,0.344,0.585,0.122,0.159,0.348,0.29,0.342,0.46,0.524,0.134,0.132,0.789,0.149,0.282,0.237,0.149,0.427,0.019,0.185,0.531,0.285,"1998",FALSE,0,0,50,FALSE
" 78","James Cotton","SG",0.524,"SEA",0.11,0,0.009,0.008,0.01,0.508,0,0.005,0,0.008,0.01,0.471,0.423,0.011,0.009,0.889,0.004,0.004,0.004,0,0.004,0.003,0.013,0.008,0.008,"1998",FALSE,0,0,61,FALSE
" 79","Chris Crawford","PF",0.524,"ATL",0.488,0,0.072,0.044,0.051,0.557,0.002,0.003,0.333,0.047,0.06,0.421,0.47,0.075,0.07,0.838,0.038,0.021,0.027,0.008,0.049,0.019,0.039,0.073,0.053,"1998",FALSE,0,0,50,FALSE
" 80","Austin Croshere","PF",0.524,"IND",0.317,0,0.069,0.031,0.04,0.496,0.01,0.015,0.308,0.029,0.041,0.384,0.439,0.011,0.014,0.571,0.019,0.035,0.029,0.007,0.037,0.013,0.028,0.086,0.027,"1998",FALSE,0,0,58,FALSE
" 81","John Crotty","PG",0.667,"POR",0.317,0.024,0.107,0.028,0.041,0.429,0.015,0.023,0.3,0.024,0.039,0.329,0.396,0.042,0.035,0.941,0.008,0.028,0.021,0.054,0.041,0.003,0.091,0.075,0.034,"1998",FALSE,0,0,46,FALSE
" 84","Bill Curley","PF",0.595,"MIN",0.134,0.012,0.041,0.015,0.015,0.647,0,0.001,0,0.017,0.018,0.5,0.539,0.003,0.003,0.667,0.021,0.017,0.018,0.003,0.012,0.003,0.006,0.075,0.012,"1998",FALSE,0,0,45,FALSE
" 85","Dell Curry","SG",0.786,"CHH",0.634,0.012,0.275,0.188,0.2,0.596,0.152,0.164,0.421,0.138,0.163,0.46,0.574,0.054,0.053,0.788,0.05,0.074,0.066,0.059,0.126,0.011,0.116,0.229,0.173,"1998",FALSE,0,0,51,FALSE
" 86","Michael Curry","SG",0.69,"MIL",1,0.329,0.56,0.19,0.192,0.625,0.01,0.01,0.444,0.2,0.231,0.469,0.527,0.194,0.181,0.835,0.05,0.071,0.064,0.118,0.228,0.037,0.166,0.588,0.192,"1998",FALSE,0,0,36,FALSE
" 87","Erick Dampier","C",0.524,"GSW",1,1,0.752,0.34,0.364,0.593,0,0.002,0,0.366,0.445,0.446,0.494,0.353,0.41,0.669,0.52,0.44,0.467,0.081,0.159,0.37,0.377,0.757,0.343,"1998",FALSE,0,0,19,FALSE
" 88","Antonio Daniels","SG",0.524,"VAN",0.902,0.61,0.554,0.221,0.252,0.555,0.027,0.059,0.212,0.226,0.28,0.438,0.473,0.148,0.175,0.659,0.042,0.12,0.093,0.287,0.224,0.027,0.353,0.237,0.204,"1998",FALSE,0,0,19,FALSE
" 89","Lloyd Daniels","SG",0.714,"TOR",0.073,0,0.023,0.012,0.013,0.552,0.005,0.01,0.222,0.01,0.011,0.5,0.498,0.011,0.01,0.8,0.008,0.003,0.005,0.003,0.012,0.005,0.009,0.011,0.012,"1998",FALSE,0,0,16,FALSE
" 91","Antonio Davis","PF",0.69,"IND",1,0.146,0.62,0.246,0.243,0.641,0,0.003,0,0.264,0.296,0.484,0.534,0.366,0.409,0.696,0.367,0.365,0.366,0.052,0.183,0.191,0.222,0.631,0.277,"1998",FALSE,0,0,58,FALSE
" 94","Emanual Davis","PG",0.69,"HOU",0.549,0,0.17,0.061,0.065,0.592,0.067,0.081,0.375,0.037,0.039,0.514,0.599,0.041,0.038,0.838,0.019,0.037,0.031,0.051,0.069,0.008,0.112,0.148,0.065,"1998",FALSE,0,0,41,FALSE
" 95","Hubert Davis","SG",0.643,"DAL",0.988,0.366,0.673,0.338,0.353,0.608,0.251,0.26,0.439,0.259,0.303,0.464,0.58,0.128,0.119,0.836,0.065,0.134,0.11,0.135,0.175,0.013,0.19,0.315,0.317,"1998",FALSE,0,0,20,FALSE
" 96","Mark Davis","SF",0.571,"PHI",0.866,0.146,0.256,0.105,0.112,0.596,0,0.007,0,0.113,0.134,0.458,0.497,0.085,0.104,0.634,0.122,0.093,0.103,0.063,0.199,0.048,0.196,0.256,0.1,"1998",FALSE,0,0,31,FALSE
" 97","Terry Davis","PF",0.714,"WAS",0.902,0.805,0.483,0.123,0.118,0.661,0,0.001,0,0.132,0.144,0.498,0.551,0.091,0.122,0.58,0.4,0.269,0.314,0.026,0.167,0.064,0.121,0.52,0.114,"1998",FALSE,0,0,42,FALSE
" 98","Todd Day","SG",0.667,"MIA",0.061,0,0.02,0.011,0.014,0.473,0.005,0.014,0.167,0.009,0.011,0.474,0.43,0.008,0.009,0.667,0.008,0.002,0.004,0.006,0.028,0,0.006,0.027,0.011,"1998",FALSE,0,0,55,FALSE
" 99","Andrew DeClercq","C",0.571,"BOS",0.988,0.598,0.431,0.163,0.156,0.663,0,0.001,0,0.176,0.191,0.499,0.552,0.134,0.173,0.601,0.344,0.211,0.256,0.051,0.346,0.13,0.181,0.747,0.155,"1998",FALSE,0,0,36,FALSE
"100","Terry Dehere","PG",0.619,"SAC",0.939,0.22,0.399,0.174,0.208,0.532,0.124,0.149,0.379,0.135,0.18,0.408,0.506,0.104,0.102,0.798,0.04,0.084,0.069,0.168,0.211,0.011,0.207,0.404,0.173,"1998",FALSE,0,0,27,FALSE
"101","Vinny Del Negro","SG",0.738,"SAS",0.659,0.463,0.487,0.204,0.22,0.588,0.042,0.044,0.436,0.202,0.248,0.441,0.509,0.098,0.096,0.796,0.025,0.138,0.099,0.157,0.159,0.016,0.114,0.305,0.181,"1998",FALSE,0,0,56,FALSE
"102","Bison Dele","C",0.667,"DET",0.951,0.951,0.741,0.514,0.479,0.681,0.002,0.003,0.333,0.552,0.585,0.511,0.568,0.262,0.288,0.707,0.426,0.469,0.454,0.081,0.272,0.146,0.39,0.679,0.445,"1998",FALSE,0,0,37,FALSE
"104","Vlade Divac","C",0.69,"CHH",0.78,0.5,0.511,0.258,0.247,0.664,0.007,0.016,0.214,0.275,0.294,0.506,0.557,0.172,0.193,0.691,0.35,0.333,0.339,0.148,0.337,0.25,0.246,0.482,0.236,"1998",FALSE,0,0,51,FALSE
"105","Sherman Douglas","PG",0.738,"NJN",0.976,0.134,0.481,0.247,0.237,0.66,0.035,0.052,0.304,0.251,0.265,0.514,0.566,0.152,0.177,0.669,0.099,0.082,0.088,0.274,0.224,0.019,0.237,0.42,0.226,"1998",FALSE,0,0,43,FALSE
"106","Clyde Drexler","SG",0.833,"HOU",0.854,0.854,0.7,0.437,0.487,0.569,0.264,0.377,0.317,0.36,0.409,0.477,0.53,0.366,0.356,0.801,0.201,0.239,0.226,0.328,0.512,0.112,0.407,0.52,0.454,"1998",FALSE,0,0,41,FALSE
"108","Joe Dumars","SG",0.81,"DET",0.878,0.878,0.658,0.318,0.364,0.555,0.393,0.481,0.371,0.178,0.206,0.468,0.573,0.168,0.158,0.825,0.027,0.089,0.068,0.217,0.179,0.005,0.181,0.267,0.333,"1998",FALSE,0,0,37,FALSE
"109","Tony Dumas","SG",0.595,"CLE",0.085,0,0.013,0.006,0.006,0.667,0.005,0.005,0.5,0.004,0.005,0.5,0.648,0,0.003,0,0.002,0.004,0.003,0.004,0,0,0.011,0.013,0.005,"1998",FALSE,0,0,47,FALSE
"110","Tim Duncan","PF",0.5,"SAS",1,1,0.907,0.683,0.592,0.732,0,0.011,0,0.735,0.72,0.553,0.61,0.422,0.496,0.662,0.524,0.698,0.639,0.192,0.224,0.548,0.601,0.685,0.611,"1998",FALSE,0,0.128,56,TRUE
"111","Ledell Eackles","SG",0.738,"WAS",0.512,0,0.155,0.073,0.081,0.572,0.04,0.052,0.348,0.061,0.073,0.457,0.527,0.069,0.061,0.881,0.048,0.05,0.049,0.014,0.069,0,0.062,0.116,0.077,"1998",FALSE,0,0,42,FALSE
"112","Tyus Edney","PG",0.571,"BOS",0.634,0.085,0.176,0.09,0.099,0.575,0.007,0.011,0.3,0.094,0.116,0.437,0.487,0.116,0.114,0.793,0.038,0.035,0.036,0.119,0.207,0.003,0.142,0.186,0.098,"1998",FALSE,0,0,36,FALSE
"113","Blue Edwards","SG",0.762,"VAN",0.988,0.244,0.557,0.315,0.341,0.585,0.1,0.135,0.333,0.298,0.351,0.46,0.518,0.238,0.221,0.837,0.117,0.155,0.142,0.173,0.35,0.072,0.289,0.493,0.308,"1998",FALSE,0,0,19,FALSE
"115","Howard Eisley","PG",0.595,"UTA",1,0.22,0.489,0.221,0.239,0.588,0.119,0.133,0.407,0.188,0.226,0.451,0.541,0.168,0.153,0.852,0.048,0.14,0.108,0.297,0.22,0.035,0.345,0.491,0.224,"1998",FALSE,0,0,62,FALSE
"116","Mario Elie","SF",0.81,"HOU",0.89,0.72,0.563,0.199,0.21,0.603,0.137,0.213,0.291,0.157,0.151,0.566,0.569,0.192,0.179,0.833,0.075,0.116,0.102,0.19,0.329,0.021,0.216,0.31,0.216,"1998",FALSE,0,0,41,FALSE
"117","Sean Elliott","SF",0.69,"SAS",0.439,0.439,0.286,0.118,0.139,0.537,0.085,0.102,0.378,0.092,0.12,0.413,0.51,0.074,0.08,0.718,0.031,0.107,0.081,0.053,0.098,0.037,0.123,0.248,0.118,"1998",FALSE,0,0,56,FALSE
"118","Dale Ellis","SF",0.881,"SEA",0.963,0,0.549,0.337,0.322,0.663,0.316,0.309,0.464,0.23,0.24,0.519,0.653,0.147,0.146,0.782,0.098,0.132,0.12,0.076,0.244,0.013,0.159,0.345,0.33,"1998",FALSE,0,0,61,FALSE
"119","Harold Ellis","SF",0.643,"DEN",0.329,0.037,0.097,0.06,0.051,0.745,0,0.005,0,0.065,0.06,0.579,0.621,0.053,0.065,0.635,0.052,0.023,0.033,0.015,0.077,0.011,0.041,0.143,0.058,"1998",FALSE,0,0,11,FALSE
"120","LaPhonso Ellis","SF",0.643,"DEN",0.927,0.866,0.729,0.397,0.463,0.543,0.142,0.227,0.284,0.367,0.455,0.438,0.483,0.272,0.263,0.805,0.279,0.395,0.356,0.183,0.264,0.13,0.373,0.609,0.382,"1998",FALSE,0,0,11,FALSE
"123","Patrick Ewing","C",0.833,"NYK",0.317,0.317,0.24,0.196,0.185,0.672,0,0.002,0,0.211,0.226,0.506,0.56,0.177,0.191,0.72,0.113,0.205,0.173,0.024,0.065,0.154,0.166,0.199,0.191,"1998",FALSE,0,0,43,FALSE
"124","Tony Farmer","C",0.667,"CHH",0.329,0.024,0.048,0.016,0.024,0.428,0.005,0.01,0.222,0.016,0.025,0.341,0.378,0.041,0.04,0.795,0.031,0.016,0.021,0.004,0.041,0.011,0.019,0.062,0.024,"1998",FALSE,0,0,51,FALSE
"125","Jamie Feick","PF",0.548,"MIL",0.549,0.024,0.127,0.038,0.041,0.577,0.01,0.015,0.308,0.036,0.043,0.455,0.507,0.026,0.042,0.488,0.086,0.078,0.081,0.014,0.102,0.045,0.045,0.181,0.036,"1998",FALSE,0,0,36,FALSE
"126","Duane Ferrell","SF",0.762,"GSW",0.61,0.061,0.13,0.04,0.051,0.492,0,0.007,0,0.043,0.059,0.39,0.41,0.016,0.023,0.545,0.048,0.022,0.031,0.022,0.085,0.016,0.039,0.135,0.033,"1998",FALSE,0,0,19,FALSE
"127","Danny Ferry","PF",0.738,"CLE",0.841,0.037,0.293,0.109,0.132,0.527,0.082,0.112,0.333,0.083,0.105,0.428,0.503,0.042,0.041,0.8,0.044,0.09,0.075,0.051,0.106,0.045,0.114,0.318,0.103,"1998",FALSE,0,0,47,FALSE
"128","Michael Finley","SF",0.571,"DAL",1,1,0.961,0.653,0.693,0.599,0.216,0.275,0.357,0.612,0.711,0.466,0.53,0.431,0.428,0.784,0.287,0.286,0.286,0.348,0.537,0.08,0.472,0.439,0.623,"1998",FALSE,0,0.001,20,TRUE
"129","Derek Fisher","PG",0.548,"LAL",1,0.439,0.498,0.159,0.174,0.579,0.077,0.091,0.383,0.138,0.168,0.448,0.528,0.152,0.156,0.757,0.073,0.154,0.126,0.286,0.305,0.013,0.256,0.34,0.167,"1998",FALSE,0,0,61,FALSE
"130","Danny Fortson","PF",0.5,"DEN",0.976,0.28,0.513,0.267,0.281,0.603,0.002,0.003,0.333,0.286,0.343,0.452,0.503,0.348,0.349,0.776,0.348,0.264,0.293,0.065,0.179,0.08,0.338,0.846,0.288,"1998",FALSE,0,0,11,FALSE
"131","Greg Foster","C",0.69,"UTA",0.951,0.598,0.409,0.18,0.192,0.593,0.005,0.01,0.222,0.191,0.231,0.45,0.497,0.089,0.09,0.77,0.163,0.187,0.178,0.044,0.061,0.074,0.147,0.504,0.156,"1998",FALSE,0,0,62,FALSE
"132","Rick Fox","SF",0.667,"LAL",1,1,0.767,0.351,0.355,0.628,0.214,0.299,0.325,0.288,0.285,0.547,0.586,0.226,0.237,0.743,0.149,0.278,0.234,0.237,0.407,0.128,0.433,0.833,0.347,"1998",FALSE,0,0,61,FALSE
"133","Adonal Foyle","C",0.524,"GSW",0.671,0.012,0.186,0.067,0.078,0.541,0,0.001,0,0.072,0.095,0.408,0.451,0.036,0.064,0.435,0.14,0.11,0.12,0.012,0.053,0.138,0.108,0.253,0.058,"1998",FALSE,0,0,19,FALSE
"134","Todd Fuller","C",0.548,"GSW",0.695,0.012,0.174,0.083,0.094,0.56,0,0.005,0,0.089,0.113,0.428,0.467,0.073,0.082,0.688,0.117,0.134,0.128,0.009,0.024,0.043,0.08,0.24,0.08,"1998",FALSE,0,0,19,FALSE
"135","Lawrence Funderburke","PF",0.643,"SAC",0.634,0.012,0.31,0.185,0.179,0.653,0.002,0.008,0.143,0.198,0.216,0.496,0.546,0.146,0.167,0.679,0.153,0.153,0.153,0.054,0.077,0.04,0.134,0.151,0.174,"1998",FALSE,0,0,27,FALSE
"136","Chris Garner","PG",0.524,"TOR",0.463,0,0.083,0.022,0.032,0.439,0.01,0.016,0.286,0.02,0.032,0.339,0.397,0.004,0.007,0.429,0.013,0.017,0.016,0.039,0.085,0.011,0.054,0.135,0.019,"1998",FALSE,0,0,16,FALSE
"137","Kevin Garnett","PF",0.5,"MIN",1,1,0.912,0.614,0.595,0.655,0.007,0.018,0.188,0.658,0.72,0.495,0.547,0.324,0.342,0.738,0.424,0.56,0.514,0.299,0.565,0.399,0.414,0.604,0.536,"1998",FALSE,0,0,45,FALSE
"139","Kiwane Garris","SG",0.548,"DEN",0.341,0,0.064,0.021,0.03,0.451,0.012,0.016,0.357,0.018,0.029,0.333,0.419,0.025,0.026,0.76,0.006,0.016,0.012,0.024,0.028,0.003,0.032,0.059,0.024,"1998",FALSE,0,0,11,FALSE
"140","Chris Gatling","PF",0.714,"NJN",0.695,0.195,0.385,0.24,0.251,0.607,0.002,0.005,0.25,0.257,0.305,0.457,0.507,0.21,0.273,0.6,0.226,0.214,0.218,0.046,0.211,0.077,0.213,0.41,0.232,"1998",FALSE,0,0,43,FALSE
"141","Reggie Geary","PG",0.571,"SAS",0.756,0.024,0.194,0.054,0.078,0.441,0.03,0.045,0.3,0.046,0.073,0.341,0.408,0.037,0.058,0.5,0.036,0.048,0.044,0.064,0.15,0.032,0.091,0.256,0.054,"1998",FALSE,0,0,56,FALSE
"142","Matt Geiger","C",0.667,"CHH",0.951,0.512,0.521,0.346,0.326,0.673,0.002,0.012,0.091,0.371,0.394,0.511,0.562,0.222,0.243,0.712,0.375,0.323,0.341,0.067,0.276,0.231,0.239,0.515,0.312,"1998",FALSE,0,0,51,FALSE
"143","Kendall Gill","SF",0.69,"NJN",0.988,0.988,0.774,0.404,0.448,0.572,0.065,0.114,0.257,0.408,0.492,0.449,0.492,0.298,0.336,0.688,0.214,0.277,0.256,0.172,0.634,0.17,0.267,0.722,0.384,"1998",FALSE,0,0,43,FALSE
"144","Armen Gilliam","PF",0.786,"MIL",1,0.305,0.598,0.316,0.311,0.645,0,0.005,0,0.34,0.379,0.487,0.538,0.353,0.343,0.802,0.279,0.291,0.287,0.089,0.264,0.098,0.319,0.477,0.325,"1998",FALSE,0,0,36,FALSE
"145","Anthony Goldwire","PG",0.619,"DEN",1,0.39,0.626,0.26,0.293,0.564,0.157,0.185,0.384,0.214,0.266,0.436,0.524,0.198,0.191,0.806,0.076,0.106,0.096,0.238,0.35,0.019,0.183,0.402,0.265,"1998",FALSE,0,0,11,FALSE
"146","Greg Graham","SG",0.643,"CLE",0.073,0,0.016,0.007,0.006,0.777,0,0.003,0,0.007,0.005,0.778,0.648,0.003,0.002,1,0,0.001,0.001,0.005,0.004,0,0.022,0.019,0.006,"1998",FALSE,0,0,47,FALSE
"147","Brian Grant","SF",0.595,"POR",0.744,0.598,0.544,0.274,0.256,0.677,0,0.001,0,0.294,0.314,0.509,0.564,0.226,0.235,0.75,0.377,0.356,0.363,0.074,0.179,0.12,0.237,0.496,0.26,"1998",FALSE,0,0,46,FALSE
"148","Gary Grant","PG",0.762,"POR",0.268,0.024,0.102,0.042,0.043,0.616,0.017,0.021,0.368,0.037,0.042,0.486,0.556,0.016,0.014,0.857,0.015,0.04,0.031,0.072,0.069,0.005,0.052,0.081,0.037,"1998",FALSE,0,0,46,FALSE
"149","Harvey Grant","SF",0.762,"WAS",0.793,0.098,0.253,0.073,0.09,0.511,0.002,0.007,0.167,0.077,0.107,0.389,0.428,0.025,0.031,0.633,0.115,0.107,0.11,0.034,0.093,0.04,0.056,0.253,0.06,"1998",FALSE,0,0,42,FALSE
"150","Horace Grant","C",0.762,"ORL",0.927,0.927,0.793,0.38,0.394,0.612,0,0.008,0,0.409,0.479,0.462,0.51,0.179,0.205,0.678,0.436,0.387,0.404,0.148,0.329,0.21,0.19,0.485,0.325,"1998",FALSE,0,0,41,FALSE
"151","Ed Gray","SG",0.524,"ATL",0.366,0.037,0.134,0.074,0.093,0.508,0.045,0.052,0.391,0.061,0.088,0.378,0.473,0.073,0.067,0.846,0.017,0.036,0.029,0.029,0.061,0.029,0.065,0.197,0.08,"1998",FALSE,0,0,50,FALSE
"153","A.C. Green","PF",0.81,"DAL",1,0.829,0.75,0.234,0.246,0.604,0,0.005,0,0.252,0.299,0.457,0.503,0.153,0.167,0.716,0.419,0.446,0.437,0.106,0.317,0.072,0.147,0.423,0.212,"1998",FALSE,0,0,20,FALSE
"154","Litterial Green","PG",0.643,"MIL",0.256,0,0.035,0.005,0.011,0.289,0,0.002,0,0.005,0.012,0.238,0.241,0.02,0.021,0.75,0.002,0.006,0.005,0.014,0.016,0,0.017,0.03,0.009,"1998",FALSE,0,0,36,FALSE
"155","Derek Grimm","SF",0.548,"SAC",0.11,0,0.01,0.004,0.006,0.381,0.01,0.014,0.333,0,0.001,0,0.477,0.003,0.002,1,0,0.004,0.003,0,0.012,0.003,0.006,0.016,0.005,"1998",FALSE,0,0,27,FALSE
"156","Tom Gugliotta","SF",0.667,"MIN",0.5,0.5,0.448,0.309,0.292,0.669,0.005,0.019,0.118,0.33,0.349,0.513,0.56,0.242,0.229,0.821,0.203,0.248,0.233,0.143,0.248,0.059,0.235,0.275,0.291,"1998",FALSE,0,0,45,FALSE
"157","Jack Haley","C",0.81,"NJN",0.195,0,0.014,0.005,0.008,0.371,0,0.001,0,0.005,0.01,0.294,0.309,0.016,0.022,0.571,0.01,0.01,0.01,0,0,0.003,0.009,0.024,0.008,"1998",FALSE,0,0,43,FALSE
"159","Tom Hammonds","PF",0.714,"MIN",0.695,0.024,0.323,0.123,0.113,0.688,0,0.001,0,0.132,0.138,0.518,0.573,0.122,0.136,0.697,0.191,0.17,0.177,0.031,0.061,0.045,0.103,0.342,0.122,"1998",FALSE,0,0,45,FALSE
"161","Anfernee Hardaway","SG",0.619,"ORL",0.232,0.183,0.177,0.1,0.126,0.503,0.037,0.056,0.3,0.092,0.126,0.395,0.45,0.119,0.121,0.763,0.015,0.068,0.05,0.058,0.114,0.04,0.099,0.121,0.11,"1998",FALSE,0,0,41,FALSE
"162","Tim Hardaway","PG",0.738,"MIA",0.988,0.988,0.858,0.54,0.596,0.575,0.386,0.499,0.351,0.419,0.482,0.472,0.544,0.34,0.338,0.781,0.092,0.249,0.195,0.577,0.553,0.043,0.483,0.539,0.54,"1998",FALSE,0,0.061,55,TRUE
"163","Derek Harper","SG",0.857,"ORL",0.805,0.549,0.498,0.219,0.249,0.556,0.147,0.185,0.36,0.174,0.213,0.442,0.523,0.073,0.081,0.696,0.044,0.079,0.067,0.2,0.293,0.027,0.218,0.377,0.2,"1998",FALSE,0,0,41,FALSE
"164","Ron Harper","PG",0.81,"CHI",1,1,0.646,0.283,0.306,0.588,0.04,0.095,0.19,0.288,0.328,0.477,0.503,0.214,0.222,0.75,0.205,0.182,0.19,0.207,0.439,0.128,0.196,0.488,0.27,"1998",FALSE,0,0,62,FALSE
"165","Othella Harrington","PF",0.571,"HOU",0.707,0.037,0.256,0.125,0.122,0.647,0,0.001,0,0.134,0.149,0.487,0.539,0.122,0.126,0.754,0.14,0.133,0.135,0.021,0.041,0.072,0.101,0.302,0.124,"1998",FALSE,0,0,41,FALSE
"166","Lucious Harris","SG",0.643,"NJN",0.61,0,0.19,0.067,0.081,0.52,0.03,0.044,0.308,0.059,0.078,0.413,0.471,0.054,0.057,0.745,0.04,0.031,0.034,0.036,0.171,0.013,0.045,0.208,0.067,"1998",FALSE,0,0,43,FALSE
"167","Hersey Hawkins","SG",0.738,"SEA",1,1,0.735,0.271,0.293,0.587,0.311,0.34,0.415,0.161,0.189,0.463,0.599,0.234,0.21,0.868,0.136,0.261,0.218,0.19,0.602,0.045,0.22,0.412,0.304,"1998",FALSE,0,0,61,FALSE
"168","Alan Henderson","PF",0.595,"ATL",0.841,0.402,0.566,0.353,0.347,0.647,0.007,0.007,0.5,0.377,0.421,0.485,0.541,0.335,0.399,0.652,0.382,0.24,0.289,0.063,0.171,0.096,0.237,0.472,0.348,"1998",FALSE,0,0,50,FALSE
"169","Cedric Henderson","SF",0.524,"CLE",1,0.866,0.715,0.337,0.334,0.64,0,0.005,0,0.362,0.407,0.483,0.533,0.18,0.195,0.716,0.136,0.252,0.212,0.144,0.39,0.12,0.356,0.642,0.294,"1998",FALSE,0,0,47,FALSE
"170","Mark Hendrickson","PF",0.548,"SAC",0.585,0.012,0.209,0.056,0.069,0.519,0,0.006,0,0.06,0.081,0.403,0.432,0.062,0.059,0.825,0.063,0.109,0.093,0.035,0.106,0.024,0.067,0.162,0.058,"1998",FALSE,0,0,27,FALSE
"171","Steve Henson","PG",0.69,"DET",0.28,0,0.018,0.013,0.012,0.667,0.007,0.009,0.375,0.01,0.01,0.556,0.62,0.009,0.007,1,0,0.002,0.001,0.003,0.004,0,0.013,0.024,0.013,"1998",FALSE,0,0,37,FALSE
"172","Carl Herrera","PF",0.738,"SAS",0.707,0.012,0.146,0.074,0.081,0.579,0,0.001,0,0.079,0.098,0.437,0.482,0.024,0.045,0.409,0.046,0.067,0.059,0.019,0.077,0.032,0.082,0.191,0.06,"1998",FALSE,0,0,56,FALSE
"174","Grant Hill","SF",0.595,"DET",0.988,0.988,0.932,0.595,0.626,0.603,0.007,0.024,0.143,0.637,0.756,0.457,0.503,0.634,0.666,0.74,0.178,0.526,0.407,0.473,0.581,0.141,0.614,0.528,0.605,"1998",FALSE,0,0.02,37,TRUE
"175","Tyrone Hill","PF",0.69,"MIL",0.695,0.683,0.584,0.201,0.192,0.664,0,0.001,0,0.216,0.235,0.499,0.553,0.205,0.262,0.608,0.405,0.393,0.397,0.076,0.272,0.08,0.228,0.62,0.202,"1998",FALSE,0,0,36,FALSE
"176","Fred Hoiberg","SG",0.595,"IND",0.793,0.012,0.247,0.082,0.102,0.511,0.08,0.096,0.376,0.055,0.077,0.387,0.506,0.078,0.071,0.855,0.027,0.108,0.08,0.039,0.163,0.008,0.047,0.272,0.092,"1998",FALSE,0,0,58,FALSE
"177","Jerald Honeycutt","PF",0.548,"MIL",0.463,0,0.15,0.087,0.102,0.543,0.072,0.087,0.377,0.063,0.081,0.424,0.526,0.048,0.06,0.621,0.052,0.066,0.061,0.028,0.081,0.016,0.106,0.224,0.087,"1998",FALSE,0,0,36,FALSE
"178","Jeff Hornacek","SG",0.81,"UTA",0.976,0.976,0.696,0.386,0.381,0.643,0.139,0.143,0.441,0.357,0.395,0.489,0.573,0.377,0.331,0.885,0.124,0.204,0.176,0.3,0.443,0.04,0.284,0.472,0.402,"1998",FALSE,0,0,62,FALSE
"179","Robert Horry","PF",0.643,"LAL",0.878,0.866,0.62,0.193,0.193,0.635,0.047,0.105,0.204,0.188,0.184,0.554,0.554,0.155,0.174,0.692,0.356,0.354,0.354,0.14,0.455,0.25,0.213,0.642,0.189,"1998",FALSE,0,0,61,FALSE
"180","Allan Houston","SG",0.619,"NYK",1,1,0.806,0.552,0.588,0.596,0.204,0.24,0.385,0.509,0.6,0.46,0.532,0.377,0.345,0.851,0.082,0.229,0.179,0.182,0.256,0.064,0.431,0.558,0.533,"1998",FALSE,0,0,43,FALSE
"181","Juwan Howard","PF",0.571,"WAS",0.78,0.78,0.724,0.448,0.456,0.623,0,0.002,0,0.482,0.558,0.468,0.519,0.341,0.368,0.721,0.308,0.286,0.293,0.179,0.333,0.061,0.399,0.606,0.418,"1998",FALSE,0,0,42,FALSE
"184","Lindsey Hunter","PG",0.643,"DET",0.866,0.817,0.709,0.306,0.38,0.511,0.211,0.299,0.321,0.24,0.316,0.412,0.482,0.192,0.202,0.74,0.117,0.185,0.161,0.192,0.5,0.027,0.237,0.469,0.304,"1998",FALSE,0,0,37,FALSE
"186","Zydrunas Ilgauskas","C",0.524,"CLE",1,0.988,0.673,0.439,0.403,0.691,0.002,0.005,0.25,0.471,0.492,0.519,0.577,0.304,0.311,0.762,0.533,0.441,0.473,0.061,0.211,0.359,0.315,0.776,0.402,"1998",FALSE,0,0,47,FALSE
"187","Allen Iverson","PG",0.524,"PHI",0.976,0.976,0.892,0.628,0.647,0.615,0.174,0.265,0.298,0.602,0.661,0.494,0.54,0.516,0.55,0.729,0.164,0.209,0.193,0.424,0.715,0.066,0.526,0.539,0.621,"1998",FALSE,0,0,31,FALSE
"188","Bobby Jackson","PG",0.571,"DEN",0.829,0.646,0.578,0.3,0.364,0.523,0.052,0.091,0.259,0.301,0.4,0.407,0.45,0.197,0.188,0.814,0.149,0.222,0.197,0.272,0.427,0.029,0.397,0.431,0.279,"1998",FALSE,0,0,11,FALSE
"189","Jaren Jackson","SG",0.714,"SAS",1,0.549,0.63,0.25,0.301,0.525,0.279,0.335,0.377,0.152,0.201,0.409,0.533,0.124,0.121,0.797,0.105,0.154,0.137,0.134,0.244,0.021,0.224,0.598,0.255,"1998",FALSE,0,0,56,FALSE
"191","Mark Jackson","PG",0.762,"IND",1,1,0.683,0.241,0.275,0.555,0.107,0.155,0.314,0.214,0.26,0.447,0.502,0.181,0.185,0.761,0.128,0.253,0.21,0.613,0.341,0.005,0.375,0.356,0.239,"1998",FALSE,0,0,58,FALSE
"192","Henry James","PF",0.762,"CLE",0.341,0,0.047,0.023,0.027,0.543,0.027,0.028,0.44,0.014,0.019,0.382,0.556,0.028,0.023,0.955,0.004,0.013,0.01,0.004,0.004,0.003,0.026,0.065,0.028,"1998",FALSE,0,0,47,FALSE
"193","Anthony Johnson","PG",0.548,"SAC",0.939,0.756,0.641,0.219,0.28,0.495,0.104,0.144,0.328,0.191,0.271,0.383,0.451,0.106,0.113,0.727,0.098,0.119,0.112,0.283,0.26,0.016,0.259,0.507,0.203,"1998",FALSE,0,0,27,FALSE
"194","Avery Johnson","PG",0.762,"SAS",0.915,0.89,0.757,0.31,0.309,0.637,0.005,0.015,0.154,0.332,0.371,0.485,0.533,0.161,0.173,0.726,0.057,0.119,0.098,0.508,0.341,0.048,0.356,0.377,0.27,"1998",FALSE,0,0,56,FALSE
"195","Eddie Johnson","SF",0.905,"HOU",0.915,0.012,0.422,0.22,0.25,0.556,0.164,0.223,0.333,0.168,0.195,0.465,0.531,0.149,0.14,0.831,0.096,0.102,0.1,0.076,0.13,0.008,0.134,0.24,0.224,"1998",FALSE,0,0,41,FALSE
"197","Kevin Johnson","PG",0.738,"PHO",0.61,0.146,0.365,0.15,0.16,0.596,0.01,0.029,0.154,0.157,0.181,0.47,0.502,0.214,0.191,0.871,0.067,0.128,0.107,0.21,0.11,0.021,0.218,0.154,0.168,"1998",FALSE,0,0,56,FALSE
"198","Larry Johnson","SF",0.667,"NYK",0.854,0.854,0.683,0.415,0.407,0.647,0.037,0.071,0.238,0.431,0.463,0.504,0.549,0.283,0.291,0.756,0.335,0.224,0.262,0.129,0.163,0.035,0.274,0.52,0.384,"1998",FALSE,0,0,43,FALSE
"201","Eddie Jones","SG",0.619,"LAL",0.976,0.976,0.824,0.47,0.462,0.645,0.356,0.415,0.389,0.357,0.359,0.538,0.617,0.31,0.315,0.765,0.163,0.215,0.197,0.211,0.65,0.146,0.315,0.442,0.476,"1998",FALSE,0,0,61,FALSE
"202","Popeye Jones","PF",0.643,"TOR",0.171,0.049,0.1,0.05,0.058,0.545,0.005,0.003,0.667,0.052,0.07,0.403,0.463,0.019,0.02,0.737,0.096,0.052,0.067,0.015,0.041,0.008,0.034,0.105,0.042,"1998",FALSE,0,0,16,FALSE
"203","Michael Jordan","SG",0.81,"CHI",1,1,0.9,0.852,0.871,0.62,0.075,0.142,0.238,0.886,0.997,0.482,0.526,0.747,0.742,0.784,0.249,0.343,0.31,0.243,0.573,0.12,0.399,0.407,0.832,"1998",TRUE,92,0.934,62,TRUE
"204","Reggie Jordan","SG",0.714,"MIN",0.695,0.012,0.138,0.052,0.052,0.637,0,0.001,0,0.056,0.063,0.482,0.531,0.054,0.074,0.569,0.109,0.04,0.063,0.043,0.142,0.024,0.065,0.17,0.053,"1998",FALSE,0,0,45,FALSE
"206","Shawn Kemp","PF",0.667,"CLE",0.976,0.976,0.784,0.501,0.536,0.593,0.005,0.009,0.25,0.537,0.652,0.446,0.496,0.534,0.572,0.727,0.419,0.522,0.487,0.169,0.439,0.239,0.584,0.836,0.509,"1998",FALSE,0,0,47,FALSE
"208","Steve Kerr","PG",0.762,"CHI",0.61,0,0.317,0.132,0.139,0.605,0.142,0.147,0.438,0.083,0.097,0.465,0.609,0.06,0.05,0.918,0.027,0.063,0.05,0.082,0.106,0.013,0.058,0.191,0.133,"1998",FALSE,0,0,62,FALSE
"209","Jerome Kersey","SF",0.833,"SEA",0.451,0.024,0.203,0.094,0.107,0.555,0.002,0.011,0.1,0.1,0.126,0.43,0.464,0.052,0.067,0.6,0.107,0.078,0.088,0.038,0.211,0.037,0.078,0.28,0.083,"1998",FALSE,0,0,61,FALSE
"210","Jason Kidd","PG",0.571,"PHO",1,1,0.883,0.345,0.395,0.555,0.182,0.263,0.313,0.296,0.353,0.454,0.509,0.221,0.215,0.799,0.207,0.399,0.333,0.64,0.659,0.069,0.562,0.383,0.337,"1998",FALSE,0,0.004,56,TRUE
"211","Kerry Kittles","SG",0.548,"NJN",0.939,0.927,0.796,0.491,0.531,0.587,0.274,0.297,0.418,0.414,0.503,0.447,0.542,0.267,0.257,0.808,0.252,0.228,0.237,0.151,0.537,0.098,0.228,0.41,0.469,"1998",FALSE,0,0,43,FALSE
"213","Brevin Knight","PG",0.524,"CLE",0.976,0.927,0.703,0.252,0.272,0.588,0,0.008,0,0.272,0.33,0.446,0.49,0.266,0.258,0.801,0.128,0.185,0.165,0.564,0.797,0.048,0.418,0.73,0.255,"1998",FALSE,0,0,47,FALSE
"214","Travis Knight","C",0.548,"BOS",0.902,0.256,0.425,0.187,0.202,0.588,0.037,0.062,0.273,0.185,0.216,0.465,0.509,0.107,0.106,0.786,0.279,0.217,0.239,0.089,0.22,0.218,0.188,0.682,0.17,"1998",FALSE,0,0,36,FALSE
"215","Toni Kukoc","SF",0.69,"CHI",0.902,0.634,0.633,0.37,0.387,0.607,0.157,0.196,0.362,0.333,0.376,0.48,0.548,0.205,0.225,0.708,0.231,0.205,0.214,0.27,0.309,0.098,0.332,0.402,0.347,"1998",FALSE,0,0,62,FALSE
"216","Christian Laettner","PF",0.667,"ATL",0.902,0.598,0.646,0.342,0.336,0.647,0.015,0.03,0.222,0.362,0.397,0.495,0.543,0.405,0.364,0.864,0.272,0.343,0.318,0.163,0.289,0.194,0.394,0.663,0.36,"1998",FALSE,0,0,50,FALSE
"217","Andrew Lang","C",0.738,"MIL",0.695,0,0.196,0.052,0.066,0.504,0,0.001,0,0.056,0.08,0.38,0.42,0.058,0.059,0.772,0.107,0.096,0.1,0.014,0.073,0.072,0.071,0.272,0.054,"1998",FALSE,0,0,36,FALSE
"219","Rusty LaRue","PG",0.571,"CHI",0.171,0,0.04,0.019,0.023,0.544,0.01,0.018,0.25,0.017,0.019,0.485,0.499,0.007,0.008,0.625,0.002,0.007,0.005,0.004,0.012,0.003,0.013,0.032,0.017,"1998",FALSE,0,0,62,FALSE
"222","Tim Legler","SG",0.738,"WAS",0.098,0,0.022,0.003,0.009,0.211,0,0.007,0,0.003,0.007,0.231,0.176,0.004,0.004,0.75,0.004,0.002,0.003,0.003,0.004,0,0.009,0.03,0.003,"1998",FALSE,0,0,42,FALSE
"223","Voshon Lenard","SG",0.571,"MIA",0.988,0.988,0.742,0.351,0.393,0.567,0.381,0.427,0.405,0.219,0.268,0.441,0.572,0.187,0.184,0.788,0.138,0.218,0.191,0.155,0.236,0.043,0.213,0.59,0.36,"1998",FALSE,0,0,55,FALSE
"226","Horacio Llamas Grey","C",0.571,"PHO",0.098,0,0.012,0.008,0.01,0.508,0.002,0.003,0.333,0.007,0.01,0.389,0.45,0.009,0.01,0.7,0.008,0.014,0.012,0.001,0.004,0.008,0.019,0.038,0.008,"1998",FALSE,0,0,56,FALSE
"227","Brad Lohaus","PF",0.786,"SAS",0.11,0,0.029,0.007,0.01,0.444,0.01,0.016,0.286,0.003,0.004,0.429,0.477,0.001,0.003,0.333,0.006,0.009,0.008,0.004,0.004,0.005,0.006,0.027,0.007,"1998",FALSE,0,0,56,FALSE
"228","Grant Long","PF",0.738,"DET",0.488,0.207,0.209,0.048,0.054,0.569,0,0.005,0,0.052,0.064,0.442,0.474,0.054,0.059,0.719,0.109,0.092,0.098,0.021,0.118,0.032,0.047,0.245,0.05,"1998",FALSE,0,0,37,FALSE
"230","George Lynch","SF",0.643,"VAN",1,0,0.423,0.24,0.237,0.641,0.022,0.034,0.3,0.249,0.274,0.492,0.543,0.147,0.163,0.703,0.281,0.214,0.237,0.105,0.264,0.109,0.224,0.434,0.218,"1998",FALSE,0,0,19,FALSE
"231","Sam Mack","SF",0.643,"VAN",0.695,0.659,0.4,0.215,0.257,0.529,0.274,0.304,0.409,0.117,0.164,0.386,0.551,0.082,0.079,0.805,0.057,0.102,0.087,0.087,0.167,0.029,0.149,0.315,0.218,"1998",FALSE,0,0,19,FALSE
"233","Gerald Madkins","SG",0.667,"GSW",0.232,0,0.069,0.013,0.016,0.509,0.015,0.017,0.4,0.007,0.011,0.368,0.523,0.007,0.007,0.714,0.004,0.013,0.01,0.039,0.053,0.003,0.028,0.049,0.013,"1998",FALSE,0,0,19,FALSE
"235","Dan Majerle","SG",0.762,"MIA",0.878,0.268,0.546,0.178,0.202,0.559,0.276,0.333,0.376,0.076,0.081,0.507,0.607,0.053,0.052,0.784,0.092,0.218,0.175,0.135,0.276,0.04,0.14,0.375,0.183,"1998",FALSE,0,0,55,FALSE
"236","Karl Malone","PF",0.81,"UTA",0.988,0.988,0.858,0.754,0.677,0.707,0.005,0.007,0.333,0.81,0.827,0.531,0.59,0.831,0.849,0.761,0.361,0.641,0.545,0.271,0.39,0.186,0.532,0.639,0.773,"1998",FALSE,20,0.726,62,TRUE
"237","Matt Maloney","PG",0.619,"HOU",0.951,0.951,0.628,0.231,0.27,0.544,0.313,0.391,0.364,0.118,0.135,0.471,0.572,0.086,0.08,0.833,0.031,0.125,0.093,0.188,0.252,0.013,0.231,0.267,0.236,"1998",FALSE,0,0,41,FALSE
"238","Danny Manning","PF",0.738,"PHO",0.854,0.134,0.508,0.377,0.348,0.688,0,0.008,0,0.406,0.422,0.521,0.573,0.221,0.233,0.739,0.21,0.28,0.256,0.119,0.289,0.122,0.216,0.542,0.334,"1998",FALSE,0,0,56,FALSE
"239","Stephon Marbury","PG",0.476,"MIN",1,0.988,0.881,0.496,0.569,0.553,0.236,0.343,0.313,0.435,0.526,0.448,0.503,0.435,0.463,0.731,0.111,0.171,0.15,0.605,0.423,0.019,0.552,0.598,0.512,"1998",FALSE,0,0,45,FALSE
"240","Donyell Marshall","SF",0.571,"GSW",0.89,0.89,0.739,0.436,0.502,0.552,0.157,0.227,0.313,0.404,0.501,0.436,0.492,0.209,0.222,0.731,0.402,0.415,0.41,0.137,0.386,0.194,0.317,0.609,0.397,"1998",FALSE,0,0,19,FALSE
"241","Darrick Martin","PG",0.619,"LAC",1,0.768,0.651,0.266,0.336,0.503,0.266,0.331,0.365,0.175,0.246,0.384,0.5,0.243,0.223,0.848,0.036,0.144,0.107,0.284,0.333,0.027,0.332,0.534,0.297,"1998",FALSE,0,0,17,FALSE
"242","Jamal Mashburn","SF",0.595,"MIA",0.585,0.585,0.489,0.243,0.266,0.58,0.092,0.138,0.303,0.223,0.257,0.47,0.519,0.243,0.238,0.797,0.138,0.163,0.154,0.113,0.175,0.037,0.233,0.369,0.255,"1998",FALSE,0,0,55,FALSE
"243","Anthony Mason","PF",0.738,"CHH",0.988,0.976,0.891,0.376,0.352,0.679,0,0.005,0,0.405,0.429,0.512,0.566,0.345,0.414,0.649,0.338,0.644,0.54,0.294,0.276,0.048,0.315,0.491,0.367,"1998",FALSE,0,0,51,FALSE
"246","Lee Mayberry","PG",0.643,"VAN",0.963,0.39,0.519,0.127,0.161,0.5,0.157,0.203,0.35,0.071,0.095,0.402,0.518,0.05,0.052,0.745,0.036,0.094,0.075,0.3,0.264,0.027,0.244,0.442,0.128,"1998",FALSE,0,0,19,FALSE
"248","Walter McCarty","SF",0.548,"BOS",1,0.78,0.662,0.285,0.336,0.539,0.134,0.198,0.309,0.251,0.313,0.434,0.49,0.19,0.2,0.742,0.27,0.221,0.238,0.152,0.447,0.117,0.304,0.739,0.278,"1998",FALSE,0,0,36,FALSE
"249","George McCloud","SF",0.714,"PHO",0.768,0.159,0.343,0.167,0.197,0.54,0.177,0.235,0.341,0.106,0.124,0.466,0.542,0.052,0.052,0.765,0.086,0.172,0.142,0.072,0.22,0.035,0.136,0.356,0.161,"1998",FALSE,0,0,56,FALSE
"252","Antonio McDyess","PF",0.548,"PHO",0.988,0.988,0.691,0.481,0.427,0.715,0,0.002,0,0.517,0.522,0.537,0.596,0.306,0.338,0.702,0.394,0.404,0.401,0.091,0.407,0.359,0.306,0.787,0.433,"1998",FALSE,0,0,56,FALSE
"253","Tracy McGrady","SF",0.429,"TOR",0.78,0.207,0.334,0.173,0.183,0.6,0.035,0.046,0.341,0.172,0.201,0.462,0.519,0.104,0.114,0.712,0.201,0.163,0.176,0.084,0.199,0.162,0.142,0.232,0.159,"1998",FALSE,0,0,16,FALSE
"254","Jim McIlvaine","C",0.595,"SEA",0.951,0.878,0.343,0.098,0.103,0.604,0,0.003,0,0.105,0.124,0.459,0.503,0.06,0.083,0.556,0.184,0.162,0.169,0.016,0.098,0.364,0.116,0.647,0.087,"1998",FALSE,0,0,61,FALSE
"255","Derrick McKey","SF",0.738,"IND",0.695,0.049,0.372,0.145,0.15,0.612,0.01,0.019,0.235,0.152,0.175,0.471,0.517,0.073,0.079,0.714,0.141,0.136,0.138,0.076,0.232,0.08,0.17,0.42,0.127,"1998",FALSE,0,0,58,FALSE
"257","Nate McMillan","SG",0.786,"SEA",0.22,0.012,0.079,0.022,0.031,0.457,0.037,0.038,0.441,0.008,0.019,0.242,0.506,0.001,0.001,1,0.025,0.027,0.026,0.047,0.057,0.011,0.026,0.111,0.022,"1998",FALSE,0,0,61,FALSE
"258","Ron Mercer","SG",0.5,"BOS",0.976,0.756,0.753,0.498,0.527,0.6,0.007,0.032,0.107,0.533,0.63,0.458,0.501,0.249,0.23,0.839,0.208,0.17,0.183,0.151,0.508,0.045,0.284,0.574,0.431,"1998",FALSE,0,0,36,FALSE
"259","Marko Milic","SF",0.476,"PHO",0.402,0,0.046,0.038,0.029,0.812,0.007,0.007,0.5,0.037,0.033,0.621,0.703,0.015,0.017,0.647,0.019,0.015,0.016,0.01,0.041,0,0.045,0.046,0.032,"1998",FALSE,0,0,56,FALSE
"261","Oliver Miller","C",0.643,"TOR",0.78,0.646,0.461,0.164,0.17,0.615,0,0.005,0,0.177,0.206,0.466,0.512,0.081,0.104,0.604,0.279,0.252,0.261,0.168,0.236,0.191,0.282,0.496,0.142,"1998",FALSE,0,0,16,FALSE
"262","Reggie Miller","SG",0.762,"IND",0.988,0.988,0.791,0.499,0.497,0.636,0.408,0.431,0.429,0.366,0.394,0.504,0.614,0.505,0.453,0.868,0.088,0.185,0.152,0.147,0.317,0.029,0.276,0.399,0.557,"1998",FALSE,0,0.002,58,TRUE
"263","Chris Mills","SF",0.667,"NYK",0.976,0.354,0.618,0.282,0.311,0.577,0.1,0.155,0.292,0.262,0.303,0.468,0.513,0.201,0.194,0.804,0.229,0.286,0.267,0.114,0.183,0.08,0.231,0.588,0.274,"1998",FALSE,0,0,43,FALSE
"264","Terry Mills","PF",0.714,"MIA",0.61,0,0.221,0.078,0.095,0.524,0.062,0.091,0.309,0.058,0.071,0.448,0.504,0.033,0.034,0.758,0.065,0.117,0.099,0.034,0.077,0.024,0.097,0.348,0.075,"1998",FALSE,0,0,55,FALSE
"265","Greg Minor","SG",0.619,"BOS",0.841,0.195,0.319,0.135,0.148,0.581,0.015,0.035,0.194,0.139,0.164,0.462,0.494,0.078,0.088,0.686,0.105,0.094,0.098,0.076,0.215,0.029,0.093,0.27,0.122,"1998",FALSE,0,0,36,FALSE
"266","Sam Mitchell","SF",0.81,"MIN",0.988,0.402,0.634,0.359,0.368,0.619,0.037,0.049,0.349,0.37,0.427,0.47,0.526,0.321,0.3,0.832,0.226,0.265,0.252,0.092,0.26,0.059,0.142,0.539,0.353,"1998",FALSE,0,0,45,FALSE
"268","Chris Morris","SF",0.762,"UTA",0.659,0.012,0.152,0.082,0.095,0.548,0.047,0.07,0.306,0.069,0.082,0.455,0.508,0.058,0.063,0.721,0.067,0.078,0.075,0.021,0.102,0.045,0.071,0.164,0.082,"1998",FALSE,0,0,62,FALSE
"269","Lawrence Moten","SG",0.595,"WAS",0.098,0,0.008,0.003,0.006,0.308,0,0.001,0,0.003,0.007,0.25,0.257,0.004,0.004,0.75,0.002,0,0.001,0.003,0,0,0.002,0.016,0.003,"1998",FALSE,0,0,42,FALSE
"271","Chris Mullin","SF",0.81,"IND",1,1,0.616,0.322,0.318,0.641,0.266,0.274,0.44,0.235,0.253,0.503,0.621,0.204,0.169,0.939,0.073,0.21,0.163,0.16,0.386,0.104,0.252,0.501,0.327,"1998",FALSE,0,0,58,FALSE
"272","Eric Murdock","PG",0.69,"MIA",1,0.012,0.395,0.171,0.193,0.563,0.07,0.103,0.308,0.155,0.185,0.454,0.507,0.165,0.16,0.801,0.075,0.116,0.102,0.188,0.419,0.035,0.224,0.466,0.179,"1998",FALSE,0,0,55,FALSE
"273","Lamond Murray","SF",0.571,"LAC",0.963,0.793,0.73,0.457,0.453,0.641,0.134,0.173,0.353,0.436,0.469,0.504,0.564,0.291,0.302,0.748,0.329,0.31,0.316,0.122,0.48,0.144,0.369,0.52,0.431,"1998",FALSE,0,0,17,FALSE
"274","Tracy Murray","SF",0.619,"WAS",1,0.146,0.63,0.434,0.463,0.595,0.393,0.455,0.392,0.303,0.341,0.482,0.582,0.241,0.215,0.871,0.143,0.201,0.181,0.072,0.272,0.066,0.22,0.45,0.437,"1998",FALSE,0,0,42,FALSE
"276","Martin Muursepp","PF",0.548,"DAL",0.5,0.085,0.171,0.08,0.088,0.58,0.04,0.043,0.421,0.07,0.086,0.438,0.529,0.067,0.069,0.761,0.088,0.068,0.075,0.026,0.118,0.037,0.062,0.259,0.082,"1998",FALSE,0,0,20,FALSE
"278","Steve Nash","PG",0.548,"PHO",0.927,0.11,0.471,0.259,0.269,0.612,0.201,0.22,0.415,0.195,0.219,0.481,0.587,0.098,0.088,0.86,0.061,0.127,0.105,0.225,0.256,0.011,0.211,0.391,0.244,"1998",FALSE,0,0,56,FALSE
"279","Ivano Newbill","PF",0.643,"VAN",0.341,0.024,0.07,0.019,0.026,0.468,0.002,0.001,1,0.02,0.032,0.339,0.4,0.022,0.031,0.567,0.046,0.045,0.045,0.008,0.041,0.008,0.037,0.102,0.02,"1998",FALSE,0,0,19,FALSE
"280","Johnny Newman","SF",0.81,"DEN",0.902,0.183,0.616,0.333,0.368,0.575,0.09,0.119,0.343,0.32,0.391,0.444,0.503,0.483,0.458,0.82,0.096,0.09,0.092,0.119,0.313,0.064,0.317,0.561,0.385,"1998",FALSE,0,0,11,FALSE
"282","Charles O'Bannon","SG",0.524,"DET",0.366,0,0.066,0.025,0.032,0.503,0,0.003,0,0.027,0.037,0.394,0.419,0.016,0.015,0.8,0.027,0.019,0.022,0.015,0.037,0.003,0.019,0.04,0.023,"1998",FALSE,0,0,37,FALSE
"283","Jermaine O'Neal","PF",0.452,"POR",0.732,0.11,0.229,0.108,0.106,0.647,0,0.002,0,0.117,0.129,0.489,0.539,0.06,0.092,0.506,0.153,0.12,0.131,0.015,0.061,0.154,0.119,0.272,0.095,"1998",FALSE,0,0,46,FALSE
"285","Charles Oakley","PF",0.81,"NYK",0.963,0.963,0.774,0.297,0.321,0.587,0,0.007,0,0.319,0.39,0.444,0.489,0.128,0.117,0.851,0.417,0.502,0.473,0.173,0.5,0.059,0.272,0.755,0.251,"1998",FALSE,0,0,43,FALSE
"286","Hakeem Olajuwon","C",0.833,"HOU",0.573,0.549,0.462,0.296,0.291,0.644,0,0.003,0,0.318,0.355,0.486,0.537,0.212,0.218,0.755,0.222,0.342,0.301,0.123,0.341,0.255,0.272,0.41,0.273,"1998",FALSE,0,0,41,FALSE
"291","Bo Outlaw","PF",0.619,"ORL",1,0.927,0.836,0.291,0.25,0.739,0.002,0.005,0.25,0.312,0.304,0.557,0.617,0.238,0.322,0.575,0.488,0.379,0.416,0.186,0.435,0.481,0.377,0.701,0.276,"1998",FALSE,0,0,41,FALSE
"292","Doug Overton","PG",0.667,"PHI",0.28,0.024,0.078,0.023,0.029,0.508,0,0.003,0,0.025,0.034,0.4,0.423,0.019,0.016,0.875,0.004,0.012,0.009,0.032,0.033,0.003,0.05,0.092,0.022,"1998",FALSE,0,0,31,FALSE
"293","Billy Owens","SF",0.667,"SAC",0.951,0.951,0.665,0.327,0.335,0.619,0.065,0.079,0.371,0.325,0.371,0.474,0.536,0.153,0.203,0.589,0.325,0.409,0.38,0.188,0.378,0.101,0.33,0.623,0.289,"1998",FALSE,0,0,27,FALSE
"294","Robert Pack","PG",0.667,"DAL",0.146,0.122,0.083,0.032,0.045,0.449,0.007,0.007,0.5,0.031,0.052,0.326,0.391,0.033,0.037,0.694,0.015,0.026,0.022,0.036,0.081,0.003,0.082,0.046,0.033,"1998",FALSE,0,0,20,FALSE
"295","Anthony Parker","SG",0.524,"PHI",0.451,0,0.055,0.024,0.029,0.529,0.022,0.032,0.321,0.017,0.02,0.457,0.52,0.017,0.021,0.65,0.015,0.018,0.017,0.016,0.045,0.008,0.024,0.046,0.025,"1998",FALSE,0,0,31,FALSE
"296","Cherokee Parks","C",0.595,"MIN",0.963,0.524,0.482,0.217,0.207,0.665,0,0.001,0,0.233,0.253,0.5,0.554,0.146,0.174,0.651,0.268,0.295,0.286,0.046,0.146,0.229,0.142,0.639,0.197,"1998",FALSE,0,0,45,FALSE
"297","Gary Payton","PG",0.69,"SEA",1,1,0.89,0.56,0.588,0.604,0.333,0.448,0.338,0.463,0.497,0.505,0.561,0.369,0.386,0.744,0.147,0.297,0.246,0.583,0.752,0.048,0.494,0.526,0.555,"1998",FALSE,3,0.372,61,TRUE
"299","Will Perdue","C",0.762,"SAS",0.963,0.366,0.422,0.157,0.136,0.732,0,0.001,0,0.169,0.166,0.551,0.61,0.093,0.137,0.526,0.338,0.356,0.35,0.049,0.089,0.133,0.175,0.369,0.139,"1998",FALSE,0,0,56,FALSE
"300","Sam Perkins","PF",0.857,"SEA",0.988,0,0.474,0.19,0.217,0.555,0.216,0.251,0.392,0.113,0.14,0.438,0.564,0.134,0.132,0.789,0.101,0.201,0.167,0.097,0.252,0.077,0.134,0.426,0.205,"1998",FALSE,0,0,61,FALSE
"301","Elliot Perry","PG",0.667,"MIL",0.988,0.402,0.496,0.233,0.258,0.573,0.042,0.056,0.34,0.233,0.288,0.438,0.494,0.122,0.112,0.844,0.04,0.086,0.071,0.198,0.366,0.005,0.276,0.348,0.209,"1998",FALSE,0,0,36,FALSE
"302","Chuck Person","PF",0.786,"SAS",0.744,0.134,0.412,0.138,0.183,0.479,0.236,0.312,0.344,0.05,0.069,0.393,0.532,0.037,0.038,0.757,0.033,0.186,0.133,0.074,0.118,0.027,0.144,0.326,0.144,"1998",FALSE,0,0,56,FALSE
"303","Wesley Person","SG",0.619,"CLE",1,1,0.905,0.426,0.44,0.613,0.478,0.505,0.43,0.258,0.288,0.486,0.622,0.175,0.175,0.776,0.124,0.296,0.237,0.162,0.524,0.13,0.237,0.291,0.425,"1998",FALSE,0,0,47,FALSE
"304","Bobby Phills","SG",0.667,"CHH",0.756,0.744,0.534,0.238,0.254,0.595,0.109,0.129,0.386,0.21,0.247,0.461,0.54,0.14,0.144,0.757,0.113,0.156,0.141,0.161,0.329,0.048,0.233,0.488,0.227,"1998",FALSE,0,0,51,FALSE
"305","Eric Piatkowski","SG",0.643,"LAC",0.817,0.427,0.492,0.249,0.261,0.603,0.264,0.292,0.409,0.157,0.174,0.489,0.607,0.185,0.175,0.824,0.134,0.165,0.154,0.073,0.207,0.032,0.172,0.369,0.268,"1998",FALSE,0,0,17,FALSE
"306","Ricky Pierce","SG",0.905,"MIL",0.476,0,0.125,0.05,0.066,0.485,0.01,0.015,0.308,0.05,0.073,0.369,0.42,0.057,0.053,0.827,0.036,0.026,0.029,0.029,0.037,0,0.045,0.094,0.053,"1998",FALSE,0,0,36,FALSE
"307","Scottie Pippen","SF",0.762,"CHI",0.537,0.537,0.468,0.305,0.324,0.596,0.152,0.217,0.318,0.264,0.289,0.496,0.546,0.198,0.199,0.777,0.101,0.173,0.148,0.218,0.321,0.114,0.235,0.313,0.297,"1998",FALSE,0,0.012,62,TRUE
"309","Olden Polynice","C",0.786,"SAC",0.854,0.305,0.413,0.241,0.249,0.612,0,0.001,0,0.259,0.305,0.46,0.51,0.069,0.118,0.452,0.331,0.264,0.287,0.092,0.15,0.12,0.211,0.426,0.194,"1998",FALSE,0,0,27,FALSE
"310","Mark Pope","SF",0.595,"IND",0.341,0,0.055,0.014,0.019,0.455,0.002,0.003,0.333,0.014,0.021,0.342,0.393,0.013,0.017,0.588,0.017,0.017,0.017,0.006,0.012,0.016,0.022,0.097,0.014,"1998",FALSE,0,0,58,FALSE
"311","Terry Porter","PG",0.81,"MIN",1,0.098,0.506,0.25,0.266,0.599,0.229,0.263,0.395,0.174,0.194,0.485,0.588,0.221,0.201,0.856,0.071,0.13,0.11,0.233,0.256,0.043,0.224,0.278,0.274,"1998",FALSE,0,0,45,FALSE
"312","Vitaly Potapenko","C",0.524,"CLE",0.976,0,0.4,0.226,0.225,0.64,0,0.001,0,0.243,0.275,0.48,0.533,0.135,0.148,0.708,0.21,0.202,0.205,0.049,0.11,0.074,0.284,0.534,0.201,"1998",FALSE,0,0,47,FALSE
"313","Brent Price","PG",0.69,"HOU",0.878,0.024,0.377,0.124,0.143,0.551,0.182,0.211,0.39,0.057,0.069,0.447,0.59,0.102,0.101,0.786,0.071,0.07,0.07,0.165,0.211,0.011,0.239,0.439,0.143,"1998",FALSE,0,0,41,FALSE
"314","Mark Price","PG",0.786,"ORL",0.768,0.402,0.405,0.221,0.244,0.575,0.129,0.175,0.335,0.184,0.212,0.471,0.533,0.115,0.106,0.845,0.046,0.104,0.084,0.255,0.215,0.013,0.349,0.248,0.211,"1998",FALSE,0,0,41,FALSE
"316","Eldridge Recasner","SG",0.714,"ATL",0.72,0.171,0.412,0.199,0.208,0.608,0.154,0.167,0.419,0.15,0.171,0.474,0.582,0.098,0.081,0.937,0.061,0.109,0.093,0.101,0.167,0.003,0.196,0.253,0.194,"1998",FALSE,0,0,50,FALSE
"317","Bryant Reeves","C",0.571,"VAN",0.902,0.902,0.715,0.476,0.433,0.697,0,0.005,0,0.512,0.528,0.525,0.581,0.295,0.325,0.706,0.375,0.386,0.382,0.133,0.159,0.213,0.336,0.749,0.426,"1998",FALSE,0,0,19,FALSE
"318","Khalid Reeves","PG",0.595,"DAL",1,0.659,0.552,0.24,0.273,0.557,0.139,0.172,0.368,0.2,0.249,0.435,0.517,0.218,0.219,0.775,0.103,0.13,0.121,0.198,0.325,0.027,0.28,0.526,0.253,"1998",FALSE,0,0,20,FALSE
"320","J.R. Reid","PF",0.69,"CHH",0.963,0.012,0.314,0.141,0.146,0.612,0.007,0.009,0.375,0.149,0.175,0.461,0.516,0.118,0.126,0.73,0.138,0.137,0.137,0.044,0.142,0.051,0.14,0.464,0.136,"1998",FALSE,0,0,51,FALSE
"322","Rodrick Rhodes","SF",0.571,"HOU",0.707,0.159,0.303,0.108,0.14,0.489,0.005,0.009,0.25,0.114,0.168,0.37,0.411,0.147,0.185,0.617,0.054,0.042,0.046,0.095,0.252,0.027,0.209,0.337,0.119,"1998",FALSE,0,0,41,FALSE
"323","Glen Rice","SF",0.714,"CHH",1,1,0.933,0.613,0.638,0.609,0.323,0.339,0.433,0.524,0.613,0.464,0.56,0.566,0.519,0.849,0.17,0.262,0.231,0.156,0.313,0.059,0.392,0.539,0.645,"1998",FALSE,0,0.006,51,TRUE
"324","Pooh Richardson","PG",0.738,"LAC",0.841,0.207,0.354,0.12,0.153,0.496,0.027,0.064,0.193,0.118,0.156,0.409,0.432,0.04,0.044,0.698,0.033,0.078,0.063,0.194,0.179,0.008,0.116,0.191,0.102,"1998",FALSE,0,0,17,FALSE
"325","Mitch Richmond","SG",0.762,"SAC",0.854,0.854,0.727,0.525,0.561,0.593,0.323,0.377,0.389,0.43,0.5,0.466,0.553,0.538,0.485,0.864,0.096,0.178,0.15,0.24,0.358,0.04,0.39,0.415,0.573,"1998",FALSE,0,0.003,27,TRUE
"326","Isaiah Rider","SG",0.619,"POR",0.902,0.805,0.789,0.533,0.599,0.564,0.336,0.474,0.321,0.433,0.497,0.472,0.528,0.292,0.275,0.828,0.189,0.245,0.226,0.198,0.224,0.051,0.403,0.507,0.515,"1998",FALSE,0,0,46,FALSE
"327","Eric Riley","C",0.643,"DAL",0.476,0.171,0.154,0.054,0.062,0.553,0,0.001,0,0.058,0.076,0.418,0.461,0.036,0.037,0.75,0.082,0.089,0.087,0.019,0.061,0.122,0.08,0.216,0.049,"1998",FALSE,0,0,20,FALSE
"330","Clifford Robinson","SF",0.738,"PHO",0.976,0.78,0.668,0.415,0.412,0.639,0.067,0.095,0.321,0.418,0.457,0.496,0.549,0.328,0.37,0.689,0.291,0.256,0.268,0.146,0.374,0.239,0.302,0.671,0.4,"1998",FALSE,0,0,56,FALSE
"331","David Robinson","C",0.762,"SAS",0.89,0.89,0.695,0.526,0.49,0.681,0.002,0.005,0.25,0.565,0.598,0.512,0.568,0.642,0.679,0.735,0.457,0.532,0.507,0.171,0.26,0.511,0.435,0.55,0.556,"1998",FALSE,0,0.031,56,TRUE
"332","Glenn Robinson","SF",0.595,"MIL",0.683,0.683,0.649,0.516,0.523,0.627,0.062,0.073,0.385,0.53,0.604,0.475,0.534,0.284,0.274,0.808,0.157,0.223,0.201,0.136,0.28,0.09,0.431,0.442,0.462,"1998",FALSE,0,0,36,FALSE
"333","James Robinson","PG",0.643,"LAC",0.854,0.159,0.348,0.189,0.231,0.519,0.184,0.254,0.329,0.126,0.156,0.438,0.514,0.102,0.11,0.72,0.071,0.073,0.073,0.116,0.15,0.027,0.209,0.272,0.191,"1998",FALSE,0,0,17,FALSE
"334","Larry Robinson","SF",0.714,"VAN",0.073,0,0.012,0.006,0.009,0.421,0.007,0.007,0.5,0.003,0.007,0.231,0.439,0.003,0.002,1,0.004,0.01,0.008,0.001,0.016,0,0.004,0,0.006,"1998",FALSE,0,0,19,FALSE
"335","Dennis Rodman","PF",0.857,"CHI",0.976,0.805,0.808,0.15,0.166,0.575,0.01,0.026,0.174,0.157,0.19,0.448,0.484,0.081,0.114,0.55,0.805,0.775,0.785,0.198,0.191,0.048,0.317,0.642,0.132,"1998",FALSE,0,0,62,FALSE
"337","Rodney Rogers","SF",0.619,"LAC",0.927,0.854,0.707,0.412,0.43,0.608,0.179,0.239,0.34,0.368,0.408,0.49,0.549,0.298,0.337,0.686,0.296,0.267,0.277,0.174,0.378,0.101,0.416,0.652,0.406,"1998",FALSE,0,0,17,FALSE
"340","Jalen Rose","SF",0.595,"IND",1,0,0.483,0.28,0.279,0.637,0.062,0.082,0.342,0.276,0.301,0.496,0.553,0.22,0.235,0.728,0.054,0.166,0.127,0.133,0.228,0.037,0.284,0.461,0.272,"1998",FALSE,0,0,58,FALSE
"341","Malik Rose","PF",0.548,"SAS",0.646,0,0.121,0.057,0.063,0.579,0.002,0.003,0.333,0.06,0.075,0.436,0.487,0.052,0.063,0.639,0.076,0.05,0.059,0.016,0.085,0.019,0.095,0.213,0.056,"1998",FALSE,0,0,56,FALSE
"344","Bryon Russell","SF",0.643,"UTA",1,0.085,0.628,0.219,0.242,0.573,0.182,0.242,0.341,0.159,0.175,0.492,0.556,0.282,0.286,0.766,0.149,0.246,0.213,0.087,0.366,0.082,0.175,0.617,0.261,"1998",FALSE,0,0,62,FALSE
"345","Arvydas Sabonis","C",0.786,"POR",0.89,0.89,0.66,0.394,0.38,0.657,0.075,0.13,0.261,0.392,0.401,0.53,0.568,0.427,0.417,0.798,0.285,0.576,0.476,0.187,0.264,0.213,0.409,0.72,0.412,"1998",FALSE,0,0,46,FALSE
"348","Detlef Schrempf","SF",0.833,"SEA",0.951,0.951,0.776,0.423,0.413,0.649,0.152,0.166,0.415,0.391,0.424,0.501,0.579,0.393,0.362,0.844,0.258,0.416,0.362,0.293,0.244,0.051,0.362,0.553,0.435,"1998",FALSE,0,0,61,FALSE
"351","Shea Seals","SG",0.524,"LAL",0.049,0,0.003,0.001,0.004,0.167,0,0.003,0,0.001,0.003,0.2,0.139,0.003,0.004,0.5,0.006,0.001,0.003,0,0.004,0,0,0.003,0.001,"1998",FALSE,0,0,61,FALSE
"352","Malik Sealy","SF",0.643,"DET",0.939,0.122,0.464,0.209,0.232,0.571,0.022,0.046,0.22,0.215,0.262,0.446,0.486,0.198,0.187,0.824,0.092,0.17,0.143,0.086,0.264,0.053,0.17,0.42,0.209,"1998",FALSE,0,0,37,FALSE
"354","God Shammgod","PG",0.5,"WAS",0.244,0,0.041,0.018,0.027,0.437,0,0.002,0,0.02,0.032,0.339,0.364,0.03,0.031,0.767,0.004,0.005,0.005,0.031,0.028,0.003,0.045,0.073,0.022,"1998",FALSE,0,0,42,FALSE
"361","Steve Smith","SG",0.667,"ATL",0.89,0.89,0.809,0.473,0.507,0.592,0.241,0.312,0.351,0.408,0.465,0.475,0.542,0.515,0.468,0.855,0.254,0.175,0.202,0.251,0.305,0.077,0.379,0.59,0.517,"1998",FALSE,0,0,50,FALSE
"362","Tony Smith","PG",0.69,"MIL",0.085,0,0.023,0.008,0.011,0.444,0,0.005,0,0.008,0.011,0.4,0.37,0.004,0.004,0.75,0.008,0.003,0.005,0.009,0.02,0.005,0.019,0.019,0.007,"1998",FALSE,0,0,36,FALSE
"363","Rik Smits","C",0.738,"IND",0.89,0.841,0.59,0.497,0.478,0.66,0,0.003,0,0.535,0.584,0.497,0.55,0.249,0.247,0.783,0.243,0.375,0.33,0.087,0.163,0.234,0.289,0.655,0.429,"1998",FALSE,0,0.002,58,TRUE
"366","Latrell Sprewell","SG",0.643,"GSW",0.171,0.159,0.155,0.106,0.127,0.529,0.022,0.054,0.188,0.105,0.129,0.441,0.459,0.093,0.097,0.745,0.013,0.044,0.033,0.058,0.077,0.013,0.095,0.07,0.106,"1998",FALSE,0,0,19,FALSE
"368","John Starks","SG",0.762,"NYK",1,0.122,0.619,0.36,0.436,0.524,0.323,0.449,0.327,0.252,0.31,0.441,0.512,0.245,0.242,0.787,0.092,0.181,0.15,0.188,0.317,0.013,0.308,0.553,0.374,"1998",FALSE,0,0,43,FALSE
"369","Joe Stephens","SF",0.595,"HOU",0.085,0,0.01,0.01,0.013,0.476,0.007,0.011,0.3,0.007,0.01,0.389,0.457,0.005,0.006,0.667,0.006,0.003,0.004,0.001,0.008,0,0.004,0.005,0.01,"1998",FALSE,0,0,41,FALSE
"372","Bryant Stith","SG",0.643,"DEN",0.378,0.183,0.203,0.073,0.104,0.444,0.025,0.054,0.208,0.068,0.1,0.367,0.396,0.099,0.088,0.872,0.029,0.05,0.042,0.043,0.085,0.021,0.075,0.14,0.083,"1998",FALSE,0,0,11,FALSE
"373","John Stockton","PG",0.833,"UTA",0.78,0.78,0.526,0.261,0.235,0.704,0.097,0.103,0.429,0.24,0.237,0.55,0.63,0.253,0.238,0.827,0.067,0.13,0.108,0.466,0.362,0.027,0.347,0.372,0.272,"1998",FALSE,0,0.004,62,TRUE
"376","Erick Strickland","SG",0.571,"DAL",0.817,0.232,0.426,0.192,0.257,0.476,0.119,0.184,0.294,0.157,0.223,0.382,0.444,0.086,0.086,0.774,0.067,0.125,0.105,0.143,0.228,0.021,0.228,0.377,0.18,"1998",FALSE,0,0,20,FALSE
"377","Mark Strickland","PF",0.643,"MIA",0.622,0.098,0.24,0.14,0.124,0.719,0,0.001,0,0.151,0.151,0.541,0.599,0.078,0.084,0.72,0.153,0.132,0.139,0.022,0.073,0.09,0.101,0.235,0.123,"1998",FALSE,0,0,55,FALSE
"378","Rod Strickland","PG",0.738,"WAS",0.927,0.927,0.855,0.474,0.52,0.579,0.03,0.054,0.25,0.497,0.61,0.442,0.488,0.472,0.506,0.726,0.214,0.291,0.265,0.688,0.512,0.066,0.573,0.491,0.476,"1998",FALSE,0,0.001,42,TRUE
"379","Derek Strong","PF",0.69,"ORL",0.707,0.098,0.464,0.25,0.284,0.56,0,0.005,0,0.27,0.346,0.423,0.467,0.288,0.287,0.781,0.291,0.273,0.279,0.044,0.126,0.064,0.159,0.329,0.26,"1998",FALSE,0,0,41,FALSE
"380","Bob Sura","SG",0.571,"CLE",0.561,0.049,0.267,0.084,0.106,0.503,0.047,0.068,0.317,0.071,0.096,0.398,0.464,0.098,0.135,0.565,0.048,0.069,0.061,0.147,0.179,0.019,0.2,0.305,0.094,"1998",FALSE,0,0,47,FALSE
"382","Johnny Taylor","SF",0.548,"ORL",0.146,0,0.031,0.013,0.017,0.468,0.002,0.002,0.5,0.012,0.02,0.343,0.406,0.015,0.016,0.688,0.008,0.009,0.008,0.001,0.012,0.005,0.017,0.059,0.013,"1998",FALSE,0,0,41,FALSE
"383","Maurice Taylor","PF",0.5,"LAC",0.866,0.037,0.428,0.31,0.311,0.635,0,0.001,0,0.334,0.38,0.476,0.529,0.229,0.251,0.709,0.226,0.177,0.193,0.046,0.138,0.106,0.231,0.598,0.288,"1998",FALSE,0,0,17,FALSE
"387","Tim Thomas","SF",0.476,"PHI",0.939,0.585,0.504,0.296,0.315,0.596,0.154,0.193,0.363,0.254,0.289,0.476,0.548,0.226,0.238,0.74,0.205,0.18,0.188,0.077,0.22,0.045,0.254,0.499,0.298,"1998",FALSE,0,0,31,FALSE
"391","Nick Van Exel","PG",0.619,"LAL",0.78,0.561,0.581,0.301,0.342,0.559,0.306,0.357,0.389,0.196,0.241,0.44,0.557,0.18,0.177,0.791,0.059,0.162,0.127,0.38,0.26,0.016,0.224,0.323,0.311,"1998",FALSE,0,0,61,FALSE
"392","Keith Van Horn","PF",0.524,"NJN",0.756,0.756,0.658,0.431,0.482,0.568,0.172,0.253,0.308,0.392,0.464,0.458,0.51,0.341,0.314,0.846,0.272,0.264,0.267,0.091,0.26,0.066,0.353,0.582,0.43,"1998",FALSE,0,0,43,FALSE
"394","Jacque Vaughn","PG",0.524,"UTA",0.549,0,0.119,0.043,0.056,0.481,0.007,0.009,0.375,0.043,0.064,0.36,0.414,0.063,0.07,0.706,0.008,0.034,0.025,0.072,0.037,0.003,0.121,0.17,0.049,"1998",FALSE,0,0,62,FALSE
"395","Loy Vaught","PF",0.69,"LAC",0.122,0.073,0.075,0.035,0.039,0.572,0,0.002,0,0.037,0.046,0.439,0.477,0.004,0.008,0.375,0.031,0.049,0.042,0.006,0.016,0.005,0.028,0.089,0.026,"1998",FALSE,0,0,17,FALSE
"397","Antoine Walker","PF",0.5,"BOS",1,1,0.925,0.698,0.785,0.564,0.226,0.33,0.312,0.657,0.797,0.447,0.5,0.403,0.487,0.645,0.516,0.562,0.546,0.235,0.577,0.16,0.629,0.706,0.65,"1998",FALSE,0,0.005,36,TRUE
"398","Samaki Walker","PF",0.5,"DAL",0.5,0.232,0.291,0.151,0.148,0.648,0,0.001,0,0.162,0.18,0.488,0.54,0.07,0.1,0.546,0.184,0.205,0.197,0.021,0.122,0.106,0.131,0.342,0.129,"1998",FALSE,0,0,20,FALSE
"400","John Wallace","SF",0.548,"TOR",1,0.439,0.668,0.453,0.451,0.637,0.002,0.002,0.5,0.486,0.551,0.478,0.532,0.278,0.301,0.717,0.224,0.254,0.244,0.095,0.252,0.269,0.371,0.644,0.405,"1998",FALSE,0,0,16,FALSE
"401","Rasheed Wallace","PF",0.548,"POR",0.939,0.939,0.82,0.451,0.403,0.711,0.02,0.044,0.205,0.477,0.472,0.548,0.597,0.243,0.286,0.662,0.252,0.344,0.312,0.168,0.305,0.234,0.36,0.722,0.397,"1998",FALSE,0,0,46,FALSE
"403","Charlie Ward","PG",0.643,"NYK",1,1,0.656,0.227,0.237,0.607,0.201,0.243,0.377,0.16,0.17,0.512,0.593,0.12,0.116,0.805,0.061,0.24,0.179,0.4,0.585,0.098,0.377,0.526,0.227,"1998",FALSE,0,0,43,FALSE
"404","Eric Washington","SG",0.548,"DEN",0.805,0.439,0.436,0.194,0.229,0.539,0.109,0.155,0.321,0.163,0.204,0.435,0.498,0.086,0.085,0.783,0.09,0.079,0.083,0.067,0.215,0.066,0.155,0.385,0.18,"1998",FALSE,0,0,11,FALSE
"406","Spud Webb","PG",0.81,"ORL",0.049,0,0.01,0.005,0.006,0.556,0,0.001,0,0.005,0.006,0.455,0.463,0.003,0.002,1,0.004,0.001,0.002,0.004,0.004,0,0.015,0.016,0.004,"1998",FALSE,0,0,41,FALSE
"407","Chris Webber","C",0.571,"WAS",0.866,0.866,0.795,0.626,0.617,0.643,0.162,0.231,0.317,0.606,0.641,0.512,0.563,0.259,0.343,0.589,0.337,0.495,0.441,0.235,0.451,0.33,0.399,0.725,0.549,"1998",FALSE,0,0,42,FALSE
"408","Bubba Wells","SG",0.548,"DAL",0.476,0.024,0.112,0.046,0.053,0.552,0.002,0.007,0.167,0.049,0.062,0.427,0.464,0.041,0.044,0.721,0.042,0.046,0.044,0.029,0.061,0.011,0.067,0.108,0.045,"1998",FALSE,0,0,20,FALSE
"410","David Wesley","PG",0.643,"CHH",0.988,0.988,0.805,0.37,0.398,0.591,0.147,0.192,0.347,0.337,0.391,0.467,0.53,0.303,0.296,0.795,0.094,0.163,0.139,0.454,0.569,0.08,0.487,0.617,0.372,"1998",FALSE,0,0,51,FALSE
"411","Doug West","SG",0.714,"MIN",0.463,0.122,0.195,0.062,0.079,0.499,0,0.002,0,0.067,0.095,0.379,0.416,0.038,0.041,0.725,0.044,0.059,0.054,0.039,0.045,0.013,0.045,0.261,0.055,"1998",FALSE,0,0,45,FALSE
"413","DeJuan Wheat","PG",0.571,"MIN",0.415,0,0.042,0.019,0.023,0.533,0.02,0.019,0.471,0.012,0.019,0.364,0.533,0.012,0.015,0.6,0.006,0.008,0.007,0.021,0.024,0.003,0.019,0.032,0.02,"1998",FALSE,0,0,45,FALSE
"414","Donald Whiteside","PG",0.667,"ATL",0.037,0,0.005,0.001,0.001,0.667,0,0.001,0,0.001,0.001,1,0.556,0,0.002,0,0,0.001,0.001,0.001,0,0,0.002,0,0.001,"1998",FALSE,0,0,50,FALSE
"415","Chris Whitney","PG",0.619,"WAS",1,0.073,0.304,0.122,0.163,0.473,0.129,0.191,0.308,0.077,0.105,0.398,0.476,0.156,0.133,0.915,0.031,0.098,0.075,0.168,0.138,0.016,0.14,0.286,0.149,"1998",FALSE,0,0,42,FALSE
"416","Gerald Wilkins","SG",0.81,"ORL",0.878,0.195,0.354,0.136,0.2,0.433,0.072,0.123,0.266,0.117,0.183,0.345,0.398,0.091,0.101,0.704,0.031,0.073,0.059,0.067,0.138,0.016,0.17,0.21,0.134,"1998",FALSE,0,0,41,FALSE
"417","Aaron Williams","PF",0.619,"SEA",0.793,0.11,0.214,0.111,0.101,0.697,0,0.001,0,0.12,0.124,0.525,0.581,0.087,0.087,0.776,0.092,0.098,0.096,0.012,0.077,0.101,0.108,0.321,0.105,"1998",FALSE,0,0,61,FALSE
"419","Brandon Williams","SG",0.524,"GSW",0.11,0.024,0.04,0.015,0.023,0.427,0.007,0.01,0.333,0.014,0.023,0.317,0.389,0.003,0.004,0.5,0.008,0.011,0.01,0.003,0.024,0.008,0.019,0.049,0.013,"1998",FALSE,0,0,19,FALSE
"424","Jayson Williams","C",0.69,"NJN",0.793,0.793,0.663,0.31,0.297,0.664,0,0.005,0,0.334,0.362,0.501,0.553,0.258,0.301,0.666,0.847,0.437,0.577,0.058,0.183,0.13,0.205,0.636,0.296,"1998",FALSE,0,0,43,FALSE
"425","Jerome Williams","PF",0.571,"DET",0.939,0.037,0.369,0.146,0.133,0.699,0,0.001,0,0.157,0.162,0.526,0.582,0.143,0.171,0.651,0.325,0.208,0.248,0.041,0.207,0.027,0.129,0.388,0.145,"1998",FALSE,0,0,37,FALSE
"427","Micheal Williams","PG",0.738,"MIN",0.305,0,0.046,0.015,0.022,0.444,0,0.005,0,0.017,0.025,0.364,0.37,0.042,0.034,0.97,0.004,0.012,0.009,0.027,0.037,0.005,0.034,0.065,0.023,"1998",FALSE,0,0,45,FALSE
"428","Monty Williams","SF",0.619,"SAS",0.878,0.195,0.372,0.16,0.169,0.597,0.002,0.002,0.5,0.171,0.206,0.448,0.5,0.161,0.187,0.67,0.128,0.111,0.117,0.076,0.138,0.064,0.177,0.358,0.16,"1998",FALSE,0,0,56,FALSE
"429","Scott Williams","C",0.69,"PHI",0.707,0.085,0.227,0.09,0.098,0.583,0,0.006,0,0.097,0.117,0.447,0.486,0.067,0.065,0.81,0.166,0.123,0.138,0.025,0.069,0.056,0.065,0.356,0.084,"1998",FALSE,0,0,31,FALSE
"430","Travis Williams","SF",0.667,"CHH",0.476,0,0.103,0.054,0.055,0.628,0,0.001,0,0.058,0.067,0.475,0.523,0.032,0.047,0.522,0.101,0.039,0.06,0.017,0.073,0.013,0.065,0.148,0.048,"1998",FALSE,0,0,51,FALSE
"432","Corliss Williamson","SF",0.571,"SAC",0.963,0.915,0.798,0.543,0.522,0.66,0,0.01,0,0.584,0.635,0.499,0.55,0.369,0.456,0.63,0.31,0.282,0.292,0.198,0.309,0.128,0.429,0.679,0.495,"1998",FALSE,0,0,27,FALSE
"433","Kevin Willis","PF",0.833,"HOU",0.988,0.902,0.716,0.514,0.479,0.68,0.002,0.008,0.143,0.552,0.583,0.513,0.568,0.32,0.314,0.793,0.444,0.444,0.444,0.067,0.224,0.101,0.366,0.633,0.461,"1998",FALSE,0,0,41,FALSE
"434","David Wingate","SG",0.81,"SEA",0.707,0.024,0.155,0.064,0.064,0.628,0.007,0.008,0.429,0.066,0.075,0.474,0.536,0.02,0.03,0.517,0.036,0.06,0.052,0.032,0.085,0.008,0.08,0.156,0.053,"1998",FALSE,0,0,61,FALSE
"436","Joe Wolf","PF",0.786,"DEN",0.695,0.098,0.176,0.039,0.056,0.441,0.005,0.011,0.2,0.04,0.063,0.342,0.377,0.007,0.01,0.5,0.069,0.089,0.082,0.026,0.081,0.019,0.047,0.248,0.031,"1998",FALSE,0,0,11,FALSE
"437","Lorenzen Wright","C",0.524,"LAC",0.841,0.463,0.585,0.233,0.249,0.593,0,0.002,0,0.251,0.305,0.446,0.494,0.187,0.22,0.659,0.344,0.423,0.396,0.047,0.224,0.231,0.175,0.639,0.22,"1998",FALSE,0,0,17,FALSE
"  1","Tariq Abdul-Wahad","SG",0.571,"SAC",0.598,0.598,0.341,0.171,0.187,0.58,0.015,0.024,0.286,0.178,0.218,0.443,0.491,0.124,0.14,0.691,0.138,0.113,0.122,0.043,0.203,0.043,0.151,0.326,0.16,"1999",FALSE,0,0,27,FALSE
"  2","Shareef Abdur-Rahim","SF",0.524,"VAN",0.61,0.61,0.572,0.373,0.411,0.576,0.027,0.041,0.306,0.39,0.483,0.438,0.487,0.488,0.452,0.841,0.218,0.258,0.244,0.148,0.28,0.146,0.401,0.369,0.407,"1999",FALSE,0,0,8,FALSE
"  3","Cory Alexander","PG",0.595,"DEN",0.439,0.049,0.22,0.094,0.12,0.497,0.075,0.119,0.286,0.07,0.087,0.432,0.479,0.049,0.045,0.841,0.013,0.067,0.048,0.102,0.142,0.013,0.149,0.208,0.092,"1999",FALSE,0,0,14,FALSE
"  4","Ray Allen","SG",0.548,"MIL",0.61,0.61,0.487,0.293,0.31,0.6,0.184,0.235,0.356,0.238,0.262,0.492,0.561,0.233,0.201,0.903,0.109,0.154,0.139,0.153,0.215,0.019,0.263,0.315,0.302,"1999",FALSE,0,0,28,FALSE
"  6","Derek Anderson","SG",0.571,"CLE",0.463,0.159,0.277,0.121,0.145,0.531,0.052,0.078,0.304,0.108,0.138,0.424,0.48,0.183,0.17,0.836,0.038,0.088,0.071,0.125,0.195,0.011,0.177,0.197,0.144,"1999",FALSE,0,0,22,FALSE
"  7","Kenny Anderson","PG",0.667,"BOS",0.415,0.402,0.286,0.156,0.164,0.601,0.015,0.027,0.25,0.161,0.188,0.465,0.51,0.111,0.104,0.832,0.046,0.078,0.067,0.166,0.134,0.005,0.153,0.21,0.145,"1999",FALSE,0,0,19,FALSE
"  8","Nick Anderson","SF",0.738,"ORL",0.573,0.476,0.447,0.245,0.295,0.527,0.239,0.313,0.347,0.163,0.205,0.433,0.522,0.131,0.167,0.611,0.098,0.224,0.181,0.078,0.26,0.04,0.179,0.194,0.248,"1999",FALSE,0,0,33,FALSE
"  9","Shandon Anderson","SG",0.595,"UTA",0.61,0.024,0.303,0.157,0.167,0.595,0.035,0.046,0.341,0.154,0.182,0.46,0.518,0.118,0.129,0.712,0.094,0.082,0.086,0.048,0.159,0.027,0.142,0.24,0.151,"1999",FALSE,0,0,37,FALSE
" 10","Chris Anstey","C",0.571,"DAL",0.5,0.049,0.133,0.048,0.064,0.48,0,0.008,0,0.052,0.074,0.379,0.4,0.045,0.049,0.708,0.067,0.062,0.063,0.023,0.073,0.035,0.056,0.264,0.047,"1999",FALSE,0,0,19,FALSE
" 11","Greg Anthony","PG",0.738,"POR",0.61,0,0.228,0.101,0.116,0.552,0.122,0.141,0.392,0.057,0.071,0.437,0.569,0.082,0.092,0.697,0.027,0.049,0.041,0.086,0.268,0.008,0.119,0.202,0.113,"1999",FALSE,0,0,35,FALSE
" 13","Darrell Armstrong","PG",0.714,"ORL",0.61,0.183,0.425,0.222,0.24,0.588,0.172,0.213,0.365,0.168,0.188,0.483,0.563,0.213,0.183,0.904,0.101,0.126,0.118,0.288,0.439,0.011,0.341,0.243,0.244,"1999",FALSE,0,0.002,33,TRUE
" 14","Keith Askins","SF",0.738,"MIA",0.402,0.159,0.117,0.019,0.029,0.431,0.02,0.033,0.276,0.012,0.019,0.364,0.43,0.007,0.008,0.625,0.019,0.034,0.029,0.009,0.069,0.008,0.028,0.156,0.019,"1999",FALSE,0,0,33,FALSE
" 15","Stacey Augmon","SF",0.714,"POR",0.585,0.256,0.247,0.075,0.08,0.597,0,0.002,0,0.081,0.097,0.453,0.498,0.069,0.078,0.684,0.09,0.077,0.082,0.05,0.232,0.048,0.065,0.218,0.073,"1999",FALSE,0,0,35,FALSE
" 16","Isaac Austin","C",0.69,"ORL",0.598,0.598,0.356,0.179,0.208,0.544,0.005,0.008,0.286,0.19,0.252,0.41,0.457,0.139,0.162,0.669,0.159,0.153,0.155,0.076,0.191,0.093,0.246,0.337,0.168,"1999",FALSE,0,0,33,FALSE
" 18","Thurl Bailey","PF",0.881,"UTA",0.524,0,0.154,0.075,0.081,0.595,0,0.002,0,0.081,0.098,0.451,0.496,0.033,0.035,0.735,0.069,0.058,0.061,0.022,0.037,0.074,0.058,0.21,0.064,"1999",FALSE,0,0,37,FALSE
" 19","Toby Bailey","SG",0.548,"PHO",0.329,0.122,0.07,0.033,0.04,0.527,0.002,0.006,0.2,0.034,0.046,0.407,0.446,0.012,0.013,0.692,0.046,0.03,0.035,0.011,0.037,0.005,0.024,0.065,0.028,"1999",FALSE,0,0,27,FALSE
" 21","Vin Baker","PF",0.643,"SEA",0.415,0.378,0.329,0.191,0.201,0.604,0,0.003,0,0.206,0.245,0.456,0.503,0.095,0.165,0.45,0.164,0.124,0.138,0.048,0.13,0.09,0.164,0.326,0.165,"1999",FALSE,0,0,25,FALSE
" 22","Charles Barkley","PF",0.833,"HOU",0.512,0.488,0.432,0.232,0.231,0.637,0.01,0.028,0.16,0.246,0.269,0.495,0.536,0.254,0.275,0.719,0.319,0.347,0.337,0.165,0.175,0.035,0.216,0.24,0.239,"1999",FALSE,0,0,31,FALSE
" 23","Dana Barros","PG",0.738,"BOS",0.61,0.195,0.327,0.162,0.171,0.604,0.159,0.181,0.4,0.108,0.119,0.493,0.599,0.085,0.075,0.877,0.031,0.088,0.069,0.179,0.211,0.013,0.19,0.173,0.164,"1999",FALSE,0,0,19,FALSE
" 24","Brent Barry","SG",0.643,"CHI",0.451,0.366,0.334,0.136,0.164,0.528,0.129,0.194,0.302,0.093,0.104,0.484,0.521,0.103,0.104,0.772,0.075,0.104,0.094,0.1,0.171,0.029,0.155,0.264,0.145,"1999",FALSE,0,0,13,FALSE
" 25","Drew Barry","SG",0.595,"SEA",0.207,0,0.052,0.01,0.015,0.417,0.02,0.027,0.333,0.002,0.005,0.25,0.487,0.012,0.013,0.692,0.006,0.017,0.013,0.025,0.028,0.003,0.026,0.065,0.013,"1999",FALSE,0,0,25,FALSE
" 26","Jon Barry","SG",0.69,"SAC",0.524,0,0.208,0.057,0.064,0.571,0.06,0.089,0.304,0.036,0.033,0.593,0.571,0.094,0.086,0.845,0.048,0.071,0.063,0.096,0.215,0.013,0.101,0.164,0.075,"1999",FALSE,0,0,27,FALSE
" 27","Tony Battie","C",0.524,"BOS",0.61,0.183,0.317,0.142,0.13,0.692,0,0.003,0,0.153,0.158,0.525,0.577,0.054,0.063,0.672,0.184,0.203,0.196,0.046,0.118,0.189,0.097,0.429,0.118,"1999",FALSE,0,0,19,FALSE
" 30","Corey Benjamin","PG",0.476,"CHI",0.378,0.012,0.091,0.043,0.054,0.501,0.007,0.016,0.214,0.043,0.058,0.398,0.432,0.036,0.041,0.675,0.029,0.025,0.026,0.009,0.045,0.021,0.045,0.124,0.042,"1999",FALSE,0,0,13,FALSE
" 32","Travis Best","PG",0.619,"IND",0.598,0,0.295,0.123,0.14,0.555,0.055,0.067,0.373,0.109,0.139,0.427,0.502,0.093,0.085,0.843,0.036,0.061,0.052,0.145,0.171,0.011,0.134,0.299,0.122,"1999",FALSE,0,0,33,FALSE
" 33","Mike Bibby","PG",0.476,"VAN",0.61,0.61,0.498,0.251,0.278,0.573,0.037,0.084,0.203,0.255,0.299,0.461,0.491,0.168,0.174,0.751,0.057,0.105,0.089,0.279,0.317,0.013,0.315,0.329,0.234,"1999",FALSE,0,0,8,FALSE
" 34","Chauncey Billups","SG",0.524,"DEN",0.549,0.5,0.421,0.185,0.228,0.515,0.211,0.265,0.362,0.11,0.147,0.408,0.524,0.208,0.177,0.913,0.046,0.071,0.063,0.149,0.236,0.037,0.211,0.31,0.22,"1999",FALSE,0,0,14,FALSE
" 35","Mookie Blaylock","PG",0.738,"ATL",0.585,0.585,0.499,0.239,0.3,0.505,0.192,0.283,0.307,0.177,0.226,0.425,0.488,0.091,0.094,0.758,0.086,0.178,0.146,0.239,0.402,0.024,0.248,0.164,0.226,"1999",FALSE,0,0,31,FALSE
" 37","Muggsy Bogues","PG",0.81,"GSW",0.439,0.061,0.202,0.074,0.071,0.659,0,0.007,0,0.079,0.083,0.514,0.549,0.041,0.037,0.861,0.031,0.057,0.048,0.115,0.175,0.003,0.101,0.119,0.065,"1999",FALSE,0,0,21,FALSE
" 39","Keith Booth","SF",0.571,"CHI",0.476,0.049,0.122,0.047,0.069,0.433,0.002,0.011,0.1,0.05,0.08,0.34,0.364,0.028,0.043,0.5,0.048,0.068,0.061,0.033,0.089,0.029,0.084,0.162,0.042,"1999",FALSE,0,0,13,FALSE
" 40","Bruce Bowen","SF",0.643,"BOS",0.366,0.012,0.14,0.025,0.043,0.373,0.017,0.029,0.269,0.02,0.038,0.284,0.352,0.015,0.025,0.458,0.029,0.037,0.034,0.024,0.085,0.024,0.028,0.137,0.025,"1999",FALSE,0,0,19,FALSE
" 42","Shawn Bradley","C",0.619,"DAL",0.598,0.402,0.366,0.162,0.16,0.64,0,0.005,0,0.174,0.194,0.485,0.533,0.114,0.118,0.748,0.249,0.26,0.256,0.034,0.142,0.423,0.121,0.412,0.148,"1999",FALSE,0,0,19,FALSE
" 44","Chucky Brown","PF",0.714,"CHH",0.585,0.256,0.337,0.17,0.172,0.629,0.037,0.045,0.375,0.168,0.188,0.483,0.547,0.053,0.061,0.678,0.069,0.137,0.114,0.049,0.065,0.051,0.082,0.286,0.144,"1999",FALSE,0,0,26,FALSE
" 45","Dee Brown","PG",0.714,"TOR",0.598,0,0.39,0.181,0.228,0.504,0.336,0.394,0.387,0.054,0.082,0.356,0.571,0.053,0.057,0.727,0.029,0.087,0.067,0.123,0.228,0.021,0.172,0.202,0.194,"1999",FALSE,0,0,23,FALSE
" 46","Gerald Brown","SG",0.548,"PHO",0.402,0,0.067,0.032,0.041,0.495,0.007,0.011,0.3,0.031,0.045,0.38,0.431,0.015,0.014,0.786,0.01,0.017,0.014,0.027,0.02,0.003,0.047,0.057,0.028,"1999",FALSE,0,0,27,FALSE
" 48","Randy Brown","PG",0.714,"CHI",0.476,0.39,0.322,0.128,0.147,0.552,0,0.011,0,0.137,0.174,0.427,0.46,0.103,0.106,0.757,0.052,0.104,0.086,0.128,0.276,0.021,0.172,0.251,0.121,"1999",FALSE,0,0,13,FALSE
" 49","Rick Brunson","PG",0.619,"NYK",0.207,0,0.027,0.006,0.01,0.381,0,0.006,0,0.006,0.009,0.375,0.318,0.007,0.019,0.278,0.006,0.007,0.007,0.016,0.037,0,0.026,0.022,0.006,"1999",FALSE,0,0,27,FALSE
" 50","Kobe Bryant","SG",0.476,"LAL",0.61,0.61,0.537,0.35,0.358,0.62,0.067,0.114,0.267,0.349,0.382,0.494,0.536,0.324,0.3,0.839,0.101,0.21,0.173,0.163,0.293,0.133,0.338,0.412,0.352,"1999",FALSE,0,0,31,FALSE
" 51","Mark Bryant","PF",0.786,"CHI",0.549,0.354,0.341,0.162,0.16,0.644,0,0.001,0,0.175,0.196,0.484,0.537,0.094,0.113,0.645,0.176,0.139,0.152,0.041,0.138,0.043,0.147,0.402,0.144,"1999",FALSE,0,0,13,FALSE
" 52","Jud Buechler","SF",0.714,"DET",0.61,0,0.299,0.097,0.11,0.556,0.152,0.167,0.412,0.041,0.052,0.424,0.604,0.017,0.019,0.722,0.055,0.103,0.087,0.049,0.15,0.035,0.045,0.224,0.097,"1999",FALSE,0,0,29,FALSE
" 53","Matt Bullard","PF",0.738,"HOU",0.5,0,0.117,0.042,0.052,0.503,0.06,0.07,0.387,0.02,0.029,0.365,0.536,0.009,0.01,0.7,0.017,0.033,0.027,0.015,0.053,0.011,0.03,0.075,0.041,"1999",FALSE,0,0,31,FALSE
" 54","Scott Burrell","SF",0.667,"NJN",0.39,0.122,0.2,0.073,0.096,0.481,0.07,0.081,0.389,0.049,0.077,0.346,0.476,0.045,0.043,0.81,0.061,0.086,0.078,0.039,0.163,0.029,0.05,0.221,0.075,"1999",FALSE,0,0,16,FALSE
" 55","Willie Burton","SF",0.714,"CHH",0.037,0,0.005,0.001,0.003,0.191,0,0.001,0,0.001,0.003,0.167,0.159,0.003,0.004,0.5,0.008,0.002,0.004,0,0,0,0.002,0.005,0.001,"1999",FALSE,0,0,26,FALSE
" 56","Mitchell Butler","SG",0.667,"CLE",0.378,0.012,0.118,0.065,0.064,0.643,0.027,0.033,0.379,0.058,0.062,0.509,0.58,0.03,0.033,0.719,0.025,0.031,0.029,0.019,0.061,0.011,0.062,0.111,0.059,"1999",FALSE,0,0,22,FALSE
" 57","Jason Caffey","PF",0.595,"GSW",0.427,0.39,0.248,0.119,0.127,0.592,0,0.001,0,0.128,0.156,0.446,0.493,0.082,0.101,0.633,0.151,0.125,0.134,0.015,0.098,0.024,0.162,0.305,0.109,"1999",FALSE,0,0,21,FALSE
" 60","Antoine Carr","PF",0.881,"HOU",0.22,0,0.043,0.02,0.024,0.539,0,0.001,0,0.022,0.029,0.412,0.449,0.007,0.007,0.714,0.017,0.022,0.02,0.008,0.004,0.027,0.019,0.084,0.017,"1999",FALSE,0,0,31,FALSE
" 62","Cory Carr","SG",0.548,"CHI",0.512,0.085,0.177,0.069,0.099,0.439,0.012,0.034,0.167,0.069,0.105,0.355,0.378,0.032,0.033,0.75,0.015,0.041,0.032,0.057,0.085,0.019,0.099,0.178,0.06,"1999",FALSE,0,0,13,FALSE
" 63","Vince Carter","SF",0.524,"TOR",0.61,0.598,0.498,0.334,0.353,0.6,0.047,0.074,0.288,0.339,0.395,0.466,0.514,0.27,0.276,0.761,0.18,0.188,0.185,0.128,0.224,0.205,0.237,0.377,0.322,"1999",FALSE,0,0.001,23,TRUE
" 65","Kelvin Cato","C",0.571,"POR",0.524,0,0.154,0.056,0.059,0.6,0.002,0.001,1,0.059,0.072,0.445,0.503,0.045,0.069,0.507,0.094,0.1,0.098,0.016,0.093,0.149,0.058,0.27,0.053,"1999",FALSE,0,0,35,FALSE
" 67","Cedric Ceballos","SF",0.69,"DAL",0.159,0.061,0.1,0.057,0.064,0.561,0.027,0.032,0.393,0.05,0.063,0.429,0.512,0.045,0.05,0.694,0.044,0.062,0.056,0.01,0.028,0.013,0.06,0.062,0.058,"1999",FALSE,0,0,19,FALSE
" 68","Rex Chapman","SG",0.738,"PHO",0.463,0.427,0.335,0.16,0.211,0.479,0.132,0.17,0.351,0.117,0.174,0.364,0.463,0.101,0.094,0.835,0.023,0.091,0.068,0.094,0.138,0.024,0.116,0.124,0.162,"1999",FALSE,0,0,27,FALSE
" 69","Calbert Cheaney","SG",0.643,"WAS",0.61,0.22,0.358,0.166,0.191,0.552,0.02,0.042,0.216,0.171,0.213,0.434,0.471,0.044,0.069,0.493,0.063,0.107,0.092,0.063,0.159,0.043,0.091,0.394,0.136,"1999",FALSE,0,0,18,FALSE
" 70","Pete Chilcutt","PF",0.714,"VAN",0.561,0,0.197,0.061,0.079,0.488,0.065,0.077,0.382,0.039,0.059,0.356,0.491,0.019,0.017,0.824,0.055,0.087,0.076,0.026,0.089,0.032,0.06,0.14,0.059,"1999",FALSE,0,0,8,FALSE
" 71","Chris Childs","PG",0.738,"NYK",0.585,0,0.367,0.11,0.123,0.569,0.09,0.106,0.383,0.081,0.098,0.451,0.549,0.085,0.08,0.821,0.034,0.114,0.087,0.166,0.179,0.003,0.183,0.42,0.116,"1999",FALSE,0,0,27,FALSE
" 72","Doug Christie","SG",0.667,"TOR",0.61,0.61,0.5,0.244,0.299,0.517,0.122,0.182,0.304,0.211,0.276,0.415,0.472,0.274,0.253,0.841,0.113,0.147,0.135,0.161,0.459,0.069,0.256,0.299,0.268,"1999",FALSE,0,0,23,FALSE
" 73","Keon Clark","C",0.548,"DEN",0.341,0,0.116,0.035,0.037,0.6,0,0.001,0,0.037,0.045,0.456,0.5,0.028,0.038,0.568,0.069,0.06,0.063,0.009,0.041,0.082,0.045,0.14,0.033,"1999",FALSE,0,0,14,FALSE
" 74","Keith Closs","C",0.524,"LAC",0.183,0,0.025,0.012,0.011,0.696,0,0.001,0,0.012,0.012,0.545,0.58,0.011,0.01,0.8,0.01,0.02,0.016,0,0.012,0.024,0.013,0.038,0.011,"1999",FALSE,0,0,9,FALSE
" 76","Derrick Coleman","PF",0.738,"CHH",0.451,0.354,0.333,0.162,0.187,0.552,0.017,0.037,0.212,0.168,0.21,0.432,0.469,0.189,0.195,0.753,0.145,0.25,0.214,0.067,0.098,0.112,0.194,0.259,0.172,"1999",FALSE,0,0,26,FALSE
" 77","Bimbo Coles","PG",0.714,"GSW",0.585,0.39,0.36,0.177,0.191,0.589,0.015,0.028,0.24,0.184,0.219,0.455,0.499,0.11,0.104,0.822,0.04,0.095,0.076,0.191,0.183,0.029,0.177,0.305,0.161,"1999",FALSE,0,0,21,FALSE
" 79","Tyrone Corbin","SF",0.857,"ATL",0.573,0.073,0.302,0.127,0.154,0.521,0.095,0.134,0.319,0.097,0.122,0.431,0.498,0.069,0.082,0.65,0.071,0.107,0.095,0.037,0.126,0.019,0.093,0.199,0.124,"1999",FALSE,0,0,31,FALSE
" 80","James Cotton","SG",0.548,"SEA",0.122,0,0.017,0.006,0.008,0.444,0,0.003,0,0.006,0.008,0.4,0.37,0.017,0.019,0.722,0.004,0.008,0.007,0,0.012,0,0.006,0.016,0.009,"1999",FALSE,0,0,25,FALSE
" 81","Chris Crawford","PF",0.548,"ATL",0.512,0.366,0.222,0.106,0.117,0.575,0.027,0.037,0.333,0.103,0.125,0.446,0.503,0.075,0.072,0.814,0.071,0.053,0.059,0.021,0.041,0.035,0.103,0.286,0.102,"1999",FALSE,0,0,31,FALSE
" 82","Austin Croshere","PF",0.548,"IND",0.329,0,0.07,0.031,0.035,0.569,0.02,0.033,0.276,0.025,0.026,0.522,0.533,0.026,0.024,0.87,0.031,0.029,0.029,0.009,0.028,0.021,0.05,0.086,0.032,"1999",FALSE,0,0,33,FALSE
" 84","Terry Cummings","PF",0.881,"GSW",0.61,0,0.286,0.18,0.195,0.585,0.002,0.001,1,0.193,0.239,0.437,0.489,0.107,0.117,0.711,0.182,0.159,0.167,0.05,0.187,0.027,0.125,0.453,0.16,"1999",FALSE,0,0,21,FALSE
" 86","Bill Curley","PF",0.619,"MIN",0.427,0.085,0.105,0.028,0.033,0.537,0.002,0.006,0.2,0.029,0.038,0.418,0.456,0.025,0.023,0.864,0.038,0.031,0.033,0.012,0.069,0.024,0.022,0.224,0.028,"1999",FALSE,0,0,25,FALSE
" 87","Dell Curry","SG",0.81,"MIL",0.512,0,0.245,0.158,0.155,0.647,0.172,0.164,0.476,0.098,0.108,0.492,0.653,0.037,0.035,0.824,0.034,0.067,0.056,0.041,0.146,0.008,0.097,0.113,0.149,"1999",FALSE,0,0,28,FALSE
" 88","Michael Curry","SF",0.714,"MIL",0.61,0.049,0.324,0.087,0.095,0.583,0.002,0.017,0.067,0.093,0.108,0.466,0.488,0.083,0.081,0.797,0.036,0.088,0.071,0.067,0.171,0.019,0.08,0.364,0.086,"1999",FALSE,0,0,28,FALSE
" 90","Antonio Daniels","PG",0.548,"SAS",0.573,0,0.174,0.08,0.084,0.605,0.012,0.019,0.294,0.081,0.094,0.47,0.519,0.065,0.067,0.754,0.025,0.041,0.035,0.091,0.122,0.016,0.095,0.105,0.078,"1999",FALSE,0,0,37,FALSE
" 91","Kornel David","SF",0.643,"CHI",0.61,0.073,0.255,0.105,0.112,0.599,0,0.001,0,0.113,0.136,0.45,0.499,0.119,0.114,0.811,0.134,0.102,0.113,0.034,0.093,0.045,0.103,0.237,0.109,"1999",FALSE,0,0,13,FALSE
" 95","Hubert Davis","SG",0.667,"DAL",0.61,0.256,0.39,0.168,0.183,0.584,0.162,0.163,0.451,0.113,0.143,0.431,0.578,0.058,0.051,0.88,0.006,0.082,0.056,0.076,0.085,0.008,0.123,0.205,0.161,"1999",FALSE,0,0,19,FALSE
" 97","Ricky Davis","SG",0.452,"CHH",0.561,0.012,0.158,0.078,0.092,0.54,0.005,0.014,0.167,0.082,0.106,0.42,0.456,0.06,0.061,0.763,0.076,0.044,0.055,0.05,0.122,0.019,0.116,0.124,0.074,"1999",FALSE,0,0,26,FALSE
"101","Vinny Del Negro","PG",0.762,"MIL",0.585,0.085,0.309,0.11,0.124,0.563,0.032,0.034,0.433,0.105,0.135,0.421,0.496,0.053,0.051,0.8,0.027,0.087,0.067,0.149,0.134,0.008,0.119,0.167,0.099,"1999",FALSE,0,0,28,FALSE
"102","Bison Dele","C",0.69,"DET",0.598,0.585,0.333,0.209,0.198,0.668,0,0.001,0,0.225,0.243,0.502,0.557,0.107,0.121,0.686,0.176,0.179,0.178,0.061,0.154,0.106,0.239,0.488,0.181,"1999",FALSE,0,0,29,FALSE
"103","Tony Delk","PG",0.595,"GSW",0.439,0.159,0.178,0.089,0.116,0.485,0.04,0.074,0.242,0.079,0.105,0.406,0.439,0.061,0.073,0.648,0.021,0.043,0.035,0.082,0.065,0.016,0.097,0.127,0.087,"1999",FALSE,0,0,21,FALSE
"104","Michael Dickerson","SG",0.548,"HOU",0.61,0.61,0.441,0.208,0.213,0.62,0.177,0.185,0.433,0.15,0.168,0.483,0.602,0.061,0.074,0.639,0.05,0.057,0.054,0.082,0.11,0.029,0.142,0.243,0.193,"1999",FALSE,0,0,31,FALSE
"105","Vlade Divac","C",0.714,"SAC",0.61,0.61,0.498,0.253,0.256,0.627,0.027,0.049,0.256,0.261,0.29,0.488,0.533,0.237,0.262,0.702,0.268,0.358,0.327,0.185,0.179,0.136,0.282,0.447,0.252,"1999",FALSE,0,0,27,FALSE
"107","Sherman Douglas","PG",0.762,"LAC",0.366,0.232,0.238,0.093,0.101,0.584,0,0.012,0,0.1,0.117,0.462,0.487,0.073,0.09,0.632,0.031,0.042,0.038,0.107,0.11,0.008,0.131,0.146,0.087,"1999",FALSE,0,0,9,FALSE
"108","Bryce Drew","PG",0.571,"HOU",0.415,0,0.125,0.045,0.059,0.485,0.04,0.055,0.327,0.032,0.045,0.388,0.473,0.011,0.008,1,0.006,0.029,0.021,0.045,0.049,0.011,0.067,0.164,0.042,"1999",FALSE,0,0,31,FALSE
"110","Joe Dumars","SG",0.833,"DET",0.463,0.463,0.316,0.139,0.161,0.548,0.221,0.249,0.403,0.057,0.073,0.426,0.599,0.067,0.063,0.836,0.023,0.056,0.044,0.115,0.093,0.005,0.114,0.137,0.151,"1999",FALSE,0,0,29,FALSE
"111","Tim Duncan","PF",0.524,"SAS",0.61,0.61,0.556,0.404,0.389,0.66,0.002,0.008,0.143,0.434,0.473,0.498,0.55,0.327,0.368,0.69,0.304,0.409,0.373,0.104,0.183,0.335,0.315,0.396,0.383,"1999",FALSE,30,0.627,37,TRUE
"112","Blue Edwards","SF",0.786,"MIA",0.293,0,0.08,0.031,0.033,0.592,0.01,0.011,0.4,0.029,0.035,0.452,0.524,0.012,0.013,0.692,0.013,0.026,0.022,0.026,0.069,0.013,0.045,0.062,0.027,"1999",FALSE,0,0,33,FALSE
"113","Howard Eisley","PG",0.619,"UTA",0.61,0,0.294,0.135,0.145,0.595,0.052,0.056,0.42,0.124,0.149,0.451,0.532,0.089,0.082,0.838,0.023,0.081,0.061,0.159,0.122,0.005,0.235,0.329,0.13,"1999",FALSE,0,0,37,FALSE
"114","Mario Elie","SG",0.833,"SAS",0.573,0.451,0.365,0.151,0.152,0.628,0.1,0.121,0.374,0.121,0.126,0.518,0.591,0.136,0.122,0.866,0.069,0.1,0.09,0.076,0.187,0.032,0.131,0.245,0.161,"1999",FALSE,0,0,37,FALSE
"115","Sean Elliott","SF",0.714,"SAS",0.61,0.61,0.427,0.201,0.233,0.547,0.097,0.134,0.328,0.176,0.219,0.436,0.499,0.14,0.144,0.757,0.067,0.177,0.139,0.101,0.106,0.045,0.153,0.28,0.198,"1999",FALSE,0,0,37,FALSE
"116","Dale Ellis","SF",0.905,"SEA",0.585,0.061,0.349,0.168,0.182,0.588,0.234,0.245,0.433,0.083,0.1,0.449,0.621,0.07,0.072,0.757,0.048,0.089,0.075,0.033,0.102,0.008,0.097,0.208,0.175,"1999",FALSE,0,0,25,FALSE
"117","LaPhonso Ellis","PF",0.667,"ATL",0.244,0.244,0.153,0.077,0.087,0.561,0.002,0.006,0.2,0.082,0.104,0.427,0.471,0.057,0.063,0.705,0.048,0.083,0.071,0.015,0.033,0.019,0.073,0.129,0.072,"1999",FALSE,0,0,31,FALSE
"119","Patrick Ewing","C",0.857,"NYK",0.463,0.463,0.368,0.239,0.261,0.58,0,0.002,0,0.257,0.319,0.436,0.483,0.216,0.238,0.706,0.141,0.301,0.246,0.037,0.122,0.266,0.213,0.283,0.232,"1999",FALSE,0,0,27,FALSE
"122","Danny Ferry","PF",0.762,"CLE",0.61,0.122,0.299,0.136,0.136,0.635,0.095,0.109,0.392,0.107,0.112,0.518,0.601,0.038,0.034,0.879,0.031,0.085,0.067,0.046,0.093,0.027,0.084,0.305,0.123,"1999",FALSE,0,0,22,FALSE
"123","Michael Finley","SF",0.595,"DAL",0.61,0.61,0.581,0.376,0.403,0.592,0.112,0.153,0.331,0.358,0.417,0.465,0.522,0.246,0.233,0.823,0.132,0.193,0.172,0.187,0.268,0.04,0.231,0.259,0.356,"1999",FALSE,0,0,19,FALSE
"124","Derek Fisher","PG",0.571,"LAL",0.61,0.256,0.32,0.096,0.121,0.501,0.095,0.109,0.392,0.063,0.094,0.367,0.499,0.079,0.081,0.759,0.04,0.07,0.059,0.169,0.248,0.003,0.166,0.256,0.105,"1999",FALSE,0,0,31,FALSE
"125","Danny Fortson","PF",0.524,"DEN",0.61,0.463,0.401,0.185,0.178,0.66,0,0.003,0,0.199,0.216,0.499,0.55,0.222,0.238,0.727,0.402,0.368,0.38,0.027,0.126,0.059,0.166,0.571,0.194,"1999",FALSE,0,0,14,FALSE
"126","Greg Foster","PF",0.714,"UTA",0.512,0.012,0.13,0.05,0.064,0.503,0.002,0.005,0.25,0.053,0.076,0.381,0.422,0.017,0.022,0.619,0.054,0.055,0.054,0.021,0.024,0.021,0.052,0.17,0.042,"1999",FALSE,0,0,37,FALSE
"127","Rick Fox","SF",0.69,"LAL",0.537,0.012,0.267,0.143,0.152,0.597,0.08,0.107,0.337,0.121,0.133,0.494,0.552,0.087,0.092,0.742,0.05,0.063,0.058,0.076,0.114,0.027,0.121,0.307,0.139,"1999",FALSE,0,0,31,FALSE
"130","Lawrence Funderburke","PF",0.667,"SAC",0.573,0.024,0.265,0.162,0.138,0.745,0.002,0.006,0.2,0.173,0.166,0.565,0.622,0.112,0.123,0.708,0.193,0.12,0.145,0.026,0.089,0.061,0.112,0.208,0.148,"1999",FALSE,0,0,27,FALSE
"131","Kevin Garnett","PF",0.524,"MIN",0.573,0.573,0.504,0.4,0.414,0.613,0.01,0.016,0.286,0.427,0.5,0.463,0.513,0.192,0.212,0.704,0.317,0.321,0.32,0.174,0.317,0.221,0.291,0.41,0.345,"1999",FALSE,0,0.008,25,TRUE
"132","Marlon Garnett","PG",0.548,"BOS",0.293,0,0.058,0.015,0.023,0.392,0.015,0.026,0.261,0.009,0.016,0.321,0.392,0.02,0.021,0.75,0.006,0.018,0.014,0.015,0.02,0.003,0.026,0.049,0.018,"1999",FALSE,0,0,19,FALSE
"134","Pat Garrity","PF",0.524,"PHO",0.476,0.11,0.152,0.082,0.078,0.667,0.017,0.02,0.389,0.081,0.086,0.513,0.579,0.053,0.058,0.714,0.05,0.049,0.049,0.015,0.033,0.008,0.043,0.167,0.077,"1999",FALSE,0,0,27,FALSE
"137","Matt Geiger","C",0.69,"PHI",0.61,0.488,0.436,0.257,0.255,0.639,0.002,0.006,0.2,0.276,0.31,0.482,0.533,0.187,0.182,0.797,0.262,0.223,0.237,0.05,0.159,0.106,0.218,0.423,0.238,"1999",FALSE,0,0,28,FALSE
"138","Kendall Gill","SF",0.714,"NJN",0.61,0.573,0.455,0.228,0.273,0.531,0.005,0.019,0.118,0.243,0.325,0.406,0.444,0.151,0.172,0.683,0.117,0.182,0.159,0.106,0.545,0.069,0.153,0.437,0.208,"1999",FALSE,0,0,16,FALSE
"139","Armen Gilliam","PF",0.81,"MIL",0.415,0.061,0.189,0.098,0.103,0.604,0,0.001,0,0.105,0.125,0.455,0.503,0.104,0.104,0.782,0.063,0.092,0.082,0.016,0.089,0.032,0.078,0.129,0.099,"1999",FALSE,0,0,28,FALSE
"142","Harvey Grant","PF",0.786,"PHI",0.573,0.122,0.226,0.06,0.077,0.492,0.002,0.007,0.167,0.063,0.091,0.377,0.413,0.028,0.03,0.724,0.069,0.073,0.072,0.02,0.081,0.043,0.045,0.197,0.052,"1999",FALSE,0,0,28,FALSE
"143","Horace Grant","PF",0.786,"ORL",0.61,0.61,0.47,0.191,0.21,0.579,0,0.002,0,0.206,0.256,0.436,0.482,0.062,0.072,0.671,0.224,0.232,0.229,0.077,0.187,0.16,0.095,0.267,0.156,"1999",FALSE,0,0,33,FALSE
"145","Ed Gray","SG",0.548,"ATL",0.366,0.037,0.095,0.051,0.084,0.388,0.03,0.047,0.286,0.043,0.079,0.293,0.36,0.037,0.038,0.757,0.013,0.021,0.018,0.01,0.049,0.003,0.062,0.081,0.052,"1999",FALSE,0,0,31,FALSE
"146","A.C. Green","PF",0.833,"DAL",0.61,0.427,0.262,0.104,0.118,0.563,0,0.009,0,0.112,0.14,0.435,0.469,0.04,0.053,0.577,0.157,0.145,0.149,0.021,0.114,0.021,0.041,0.186,0.087,"1999",FALSE,0,0,19,FALSE
"148","Tom Gugliotta","PF",0.69,"PHO",0.524,0.524,0.442,0.268,0.264,0.644,0.005,0.008,0.286,0.286,0.319,0.486,0.539,0.229,0.224,0.794,0.25,0.248,0.249,0.104,0.24,0.056,0.19,0.296,0.257,"1999",FALSE,0,0,27,FALSE
"150","Anfernee Hardaway","SG",0.643,"ORL",0.61,0.61,0.55,0.291,0.33,0.56,0.1,0.158,0.286,0.272,0.325,0.452,0.498,0.197,0.217,0.706,0.141,0.209,0.186,0.229,0.451,0.061,0.323,0.299,0.279,"1999",FALSE,0,0.001,33,TRUE
"151","Tim Hardaway","PG",0.762,"MIA",0.585,0.585,0.502,0.291,0.346,0.533,0.279,0.351,0.36,0.197,0.249,0.429,0.528,0.16,0.153,0.812,0.029,0.136,0.099,0.302,0.232,0.016,0.282,0.275,0.295,"1999",FALSE,0,0,33,FALSE
"152","Derek Harper","PG",0.881,"LAL",0.549,0.354,0.317,0.116,0.134,0.549,0.107,0.132,0.368,0.08,0.098,0.443,0.54,0.034,0.033,0.813,0.025,0.054,0.044,0.161,0.179,0.011,0.112,0.178,0.109,"1999",FALSE,0,0,31,FALSE
"153","Ron Harper","SG",0.833,"CHI",0.427,0.427,0.313,0.142,0.179,0.503,0.067,0.096,0.318,0.125,0.172,0.393,0.458,0.094,0.104,0.703,0.094,0.13,0.118,0.099,0.244,0.093,0.14,0.216,0.138,"1999",FALSE,0,0,13,FALSE
"154","Matt Harpring","SF",0.524,"ORL",0.61,0.268,0.315,0.143,0.147,0.617,0.025,0.028,0.4,0.144,0.166,0.468,0.531,0.135,0.147,0.713,0.168,0.125,0.14,0.039,0.122,0.016,0.157,0.302,0.144,"1999",FALSE,0,0,33,FALSE
"155","Al Harrington","PF",0.429,"IND",0.256,0,0.045,0.017,0.026,0.428,0,0.006,0,0.019,0.029,0.353,0.357,0.012,0.015,0.6,0.038,0.019,0.025,0.004,0.016,0.005,0.024,0.07,0.016,"1999",FALSE,0,0,33,FALSE
"157","Lucious Harris","SG",0.667,"NJN",0.439,0.061,0.17,0.071,0.083,0.537,0.027,0.056,0.22,0.065,0.074,0.473,0.482,0.048,0.049,0.75,0.04,0.046,0.044,0.027,0.073,0.019,0.039,0.14,0.068,"1999",FALSE,0,0,16,FALSE
"158","Hersey Hawkins","SG",0.762,"SEA",0.61,0.415,0.465,0.165,0.188,0.559,0.137,0.203,0.306,0.121,0.129,0.509,0.541,0.157,0.136,0.902,0.098,0.149,0.131,0.106,0.325,0.048,0.172,0.243,0.182,"1999",FALSE,0,0,25,FALSE
"159","Michael Hawkins","PG",0.619,"SAC",0.293,0,0.057,0.014,0.018,0.467,0.012,0.021,0.263,0.009,0.012,0.429,0.459,0.004,0.003,1,0.019,0.015,0.016,0.023,0.012,0.003,0.028,0.038,0.013,"1999",FALSE,0,0,27,FALSE
"160","Alan Henderson","SF",0.619,"ATL",0.463,0.451,0.323,0.181,0.195,0.589,0,0.001,0,0.195,0.238,0.443,0.491,0.132,0.153,0.671,0.191,0.149,0.163,0.024,0.134,0.051,0.125,0.259,0.167,"1999",FALSE,0,0,31,FALSE
"161","Cedric Henderson","SF",0.548,"CLE",0.61,0.585,0.429,0.183,0.208,0.556,0.005,0.014,0.167,0.195,0.249,0.424,0.466,0.098,0.094,0.813,0.086,0.151,0.129,0.097,0.236,0.064,0.209,0.367,0.16,"1999",FALSE,0,0,22,FALSE
"162","J.R. Henderson","SF",0.524,"VAN",0.366,0,0.094,0.034,0.044,0.487,0.005,0.006,0.4,0.034,0.051,0.363,0.417,0.033,0.046,0.556,0.038,0.027,0.031,0.019,0.037,0.011,0.039,0.078,0.034,"1999",FALSE,0,0,8,FALSE
"163","Mark Hendrickson","PF",0.571,"NJN",0.268,0.073,0.113,0.038,0.04,0.591,0,0.001,0,0.041,0.049,0.448,0.492,0.056,0.051,0.84,0.052,0.041,0.044,0.011,0.049,0.003,0.032,0.105,0.042,"1999",FALSE,0,0,16,FALSE
"166","Grant Hill","SF",0.619,"DET",0.61,0.61,0.524,0.371,0.369,0.639,0,0.016,0,0.4,0.444,0.487,0.532,0.377,0.39,0.752,0.124,0.288,0.232,0.258,0.325,0.072,0.397,0.307,0.372,"1999",FALSE,0,0.033,29,TRUE
"168","Fred Hoiberg","SG",0.619,"IND",0.146,0,0.025,0.006,0.01,0.381,0.002,0.01,0.111,0.005,0.007,0.417,0.344,0.008,0.006,1,0.004,0.009,0.007,0.003,0,0,0.006,0.03,0.007,"1999",FALSE,0,0,33,FALSE
"170","Jeff Hornacek","SG",0.833,"UTA",0.585,0.585,0.406,0.207,0.207,0.636,0.085,0.091,0.42,0.187,0.208,0.489,0.571,0.165,0.144,0.893,0.063,0.126,0.105,0.165,0.211,0.037,0.177,0.256,0.207,"1999",FALSE,0,0,37,FALSE
"171","Robert Horry","PF",0.667,"LAL",0.463,0.061,0.211,0.065,0.067,0.612,0.05,0.051,0.444,0.049,0.057,0.465,0.586,0.045,0.047,0.739,0.107,0.095,0.099,0.048,0.146,0.104,0.106,0.278,0.066,"1999",FALSE,0,0,31,FALSE
"172","Allan Houston","SG",0.643,"NYK",0.61,0.61,0.514,0.284,0.324,0.557,0.142,0.158,0.407,0.247,0.318,0.421,0.51,0.222,0.201,0.862,0.038,0.131,0.099,0.118,0.142,0.024,0.28,0.31,0.287,"1999",FALSE,0,0,27,FALSE
"173","Juwan Howard","SF",0.595,"WAS",0.439,0.439,0.405,0.277,0.278,0.632,0,0.003,0,0.298,0.339,0.476,0.527,0.146,0.15,0.753,0.172,0.202,0.192,0.092,0.171,0.037,0.205,0.35,0.241,"1999",FALSE,0,0,18,FALSE
"174","Troy Hudson","PG",0.524,"LAC",0.305,0.073,0.148,0.058,0.069,0.533,0.037,0.053,0.319,0.047,0.058,0.437,0.5,0.045,0.039,0.895,0.029,0.04,0.036,0.079,0.045,0.005,0.082,0.075,0.06,"1999",FALSE,0,0,9,FALSE
"175","Larry Hughes","PG",0.476,"PHI",0.61,0.012,0.28,0.164,0.191,0.548,0.02,0.059,0.154,0.169,0.204,0.448,0.467,0.142,0.155,0.709,0.159,0.105,0.124,0.066,0.179,0.037,0.147,0.261,0.161,"1999",FALSE,0,0,28,FALSE
"176","Lindsey Hunter","PG",0.667,"DET",0.598,0.598,0.497,0.221,0.241,0.58,0.147,0.173,0.386,0.176,0.209,0.456,0.546,0.089,0.092,0.753,0.05,0.141,0.11,0.166,0.35,0.021,0.198,0.34,0.206,"1999",FALSE,0,0,29,FALSE
"178","Allen Iverson","SG",0.548,"PHI",0.585,0.585,0.563,0.421,0.486,0.549,0.144,0.225,0.291,0.392,0.483,0.44,0.488,0.471,0.488,0.751,0.126,0.169,0.154,0.192,0.447,0.019,0.36,0.264,0.453,"1999",FALSE,5,0.27,28,TRUE
"179","Bobby Jackson","PG",0.595,"MIN",0.61,0.146,0.266,0.136,0.16,0.54,0.025,0.03,0.37,0.136,0.181,0.408,0.467,0.081,0.081,0.772,0.082,0.091,0.088,0.143,0.159,0.008,0.162,0.202,0.125,"1999",FALSE,0,0,25,FALSE
"180","Jaren Jackson","SG",0.738,"SAS",0.573,0.159,0.244,0.104,0.131,0.507,0.132,0.166,0.361,0.057,0.077,0.401,0.527,0.042,0.04,0.821,0.04,0.077,0.065,0.042,0.167,0.024,0.08,0.17,0.106,"1999",FALSE,0,0,37,FALSE
"181","Jim Jackson","SG",0.667,"POR",0.598,0.11,0.333,0.147,0.17,0.548,0.062,0.102,0.278,0.132,0.158,0.454,0.494,0.112,0.104,0.842,0.069,0.122,0.104,0.11,0.175,0.016,0.177,0.216,0.146,"1999",FALSE,0,0,35,FALSE
"182","Mark Jackson","PG",0.786,"IND",0.598,0.598,0.391,0.133,0.151,0.559,0.08,0.116,0.311,0.11,0.127,0.469,0.52,0.086,0.081,0.823,0.063,0.15,0.12,0.332,0.171,0.008,0.213,0.156,0.132,"1999",FALSE,0,0.001,33,TRUE
"183","Randell Jackson","PF",0.548,"WAS",0.329,0.098,0.077,0.044,0.05,0.568,0.002,0.008,0.143,0.047,0.057,0.446,0.479,0.028,0.033,0.656,0.057,0.024,0.035,0.007,0.012,0.029,0.056,0.078,0.04,"1999",FALSE,0,0,18,FALSE
"184","Sam Jacobson","PG",0.548,"LAL",0.024,0,0.003,0.003,0.002,0.8,0,0.001,0,0.003,0.002,0.75,0.667,0.003,0.002,1,0,0.003,0.002,0,0,0,0.002,0.005,0.003,"1999",FALSE,0,0,31,FALSE
"186","Antawn Jamison","SF",0.524,"GSW",0.573,0.293,0.299,0.172,0.181,0.603,0.007,0.011,0.3,0.182,0.217,0.456,0.507,0.119,0.157,0.588,0.25,0.169,0.197,0.029,0.154,0.043,0.147,0.275,0.159,"1999",FALSE,0,0,21,FALSE
"187","Anthony Johnson","PG",0.571,"ATL",0.598,0.024,0.25,0.088,0.104,0.539,0.012,0.021,0.263,0.089,0.116,0.417,0.462,0.075,0.084,0.695,0.031,0.059,0.049,0.092,0.142,0.019,0.14,0.181,0.086,"1999",FALSE,0,0,31,FALSE
"188","Avery Johnson","PG",0.786,"SAS",0.61,0.61,0.473,0.211,0.212,0.631,0.002,0.014,0.083,0.226,0.253,0.483,0.527,0.066,0.091,0.568,0.042,0.095,0.077,0.317,0.207,0.029,0.241,0.272,0.172,"1999",FALSE,0,0,37,FALSE
"191","Larry Johnson","PF",0.69,"NYK",0.598,0.585,0.464,0.203,0.211,0.612,0.082,0.104,0.359,0.184,0.206,0.484,0.55,0.177,0.169,0.817,0.174,0.192,0.186,0.102,0.138,0.027,0.192,0.396,0.207,"1999",FALSE,0,0,27,FALSE
"192","Charles Jones","SG",0.548,"CHI",0.354,0.061,0.135,0.038,0.057,0.423,0.047,0.069,0.311,0.021,0.035,0.323,0.438,0.015,0.023,0.5,0.017,0.033,0.027,0.035,0.073,0.013,0.062,0.081,0.038,"1999",FALSE,0,0,13,FALSE
"195","Popeye Jones","PF",0.667,"BOS",0.22,0.024,0.058,0.019,0.023,0.523,0,0.001,0,0.021,0.028,0.4,0.436,0.019,0.017,0.824,0.054,0.024,0.034,0.013,0.02,0,0.015,0.084,0.019,"1999",FALSE,0,0,19,FALSE
"196","Adonis Jordan","PG",0.667,"MIL",0.049,0,0.005,0.002,0.002,0.667,0,0.002,0,0.002,0.001,1,0.556,0.003,0.004,0.5,0,0,0,0.003,0.012,0,0.004,0,0.002,"1999",FALSE,0,0,28,FALSE
"198","Adam Keefe","PF",0.667,"UTA",0.537,0,0.182,0.054,0.057,0.603,0,0.005,0,0.058,0.068,0.467,0.502,0.082,0.092,0.697,0.098,0.09,0.093,0.024,0.065,0.032,0.071,0.17,0.061,"1999",FALSE,0,0,37,FALSE
"199","Shawn Kemp","PF",0.69,"CLE",0.512,0.512,0.417,0.268,0.265,0.643,0.002,0.002,0.5,0.287,0.323,0.482,0.537,0.406,0.4,0.789,0.25,0.255,0.254,0.087,0.195,0.12,0.274,0.429,0.304,"1999",FALSE,0,0.006,22,TRUE
"201","Steve Kerr","PG",0.786,"SAS",0.537,0,0.208,0.066,0.08,0.521,0.062,0.09,0.313,0.045,0.053,0.457,0.514,0.041,0.036,0.886,0.011,0.038,0.029,0.042,0.093,0.008,0.047,0.075,0.068,"1999",FALSE,0,0,37,FALSE
"202","Jerome Kersey","SF",0.857,"SAS",0.549,0,0.198,0.066,0.092,0.453,0.007,0.016,0.214,0.068,0.105,0.349,0.387,0.008,0.014,0.429,0.08,0.087,0.085,0.035,0.15,0.037,0.065,0.248,0.051,"1999",FALSE,0,0,37,FALSE
"203","Jason Kidd","PG",0.595,"PHO",0.61,0.61,0.583,0.3,0.321,0.592,0.112,0.139,0.366,0.276,0.324,0.461,0.529,0.239,0.246,0.757,0.166,0.25,0.222,0.463,0.463,0.051,0.323,0.291,0.299,"1999",FALSE,2,0.135,27,TRUE
"206","Kerry Kittles","SG",0.571,"NJN",0.561,0.488,0.444,0.22,0.282,0.493,0.124,0.178,0.316,0.184,0.257,0.389,0.457,0.116,0.117,0.772,0.099,0.138,0.125,0.1,0.321,0.069,0.142,0.221,0.209,"1999",FALSE,0,0,16,FALSE
"207","Joe Kleine","C",0.881,"PHO",0.378,0.061,0.106,0.029,0.034,0.54,0,0.002,0,0.031,0.041,0.417,0.45,0.011,0.012,0.667,0.052,0.04,0.044,0.01,0.033,0.003,0.022,0.124,0.024,"1999",FALSE,0,0,27,FALSE
"208","Brevin Knight","PG",0.548,"CLE",0.476,0.463,0.336,0.13,0.145,0.567,0,0.006,0,0.139,0.175,0.432,0.472,0.139,0.145,0.745,0.031,0.114,0.086,0.259,0.285,0.019,0.226,0.31,0.132,"1999",FALSE,0,0,22,FALSE
"209","Negele Knight","PG",0.738,"TOR",0.073,0,0.016,0.003,0.004,0.5,0,0.001,0,0.003,0.004,0.429,0.417,0.003,0.004,0.5,0.002,0.005,0.004,0.007,0.004,0,0.015,0.013,0.003,"1999",FALSE,0,0,23,FALSE
"210","Travis Knight","C",0.571,"LAL",0.451,0.28,0.149,0.065,0.06,0.687,0,0.001,0,0.07,0.073,0.519,0.572,0.029,0.03,0.759,0.065,0.093,0.084,0.027,0.085,0.072,0.075,0.291,0.055,"1999",FALSE,0,0,31,FALSE
"211","Toni Kukoc","SF",0.714,"CHI",0.537,0.537,0.468,0.305,0.345,0.56,0.097,0.155,0.285,0.287,0.346,0.45,0.496,0.21,0.221,0.74,0.124,0.243,0.203,0.202,0.199,0.029,0.261,0.221,0.292,"1999",FALSE,0,0,13,FALSE
"212","Christian Laettner","PF",0.69,"DET",0.195,0,0.095,0.037,0.049,0.477,0.002,0.003,0.333,0.039,0.058,0.359,0.403,0.058,0.059,0.772,0.04,0.033,0.035,0.021,0.061,0.032,0.041,0.081,0.043,"1999",FALSE,0,0,29,FALSE
"213","Raef LaFrentz","C",0.524,"DEN",0.146,0.146,0.11,0.057,0.059,0.609,0.03,0.035,0.387,0.049,0.055,0.48,0.56,0.048,0.049,0.75,0.063,0.058,0.059,0.007,0.037,0.045,0.019,0.102,0.059,"1999",FALSE,0,0,14,FALSE
"216","Rusty LaRue","PG",0.595,"CHI",0.524,0.073,0.207,0.075,0.1,0.479,0.075,0.1,0.337,0.05,0.072,0.375,0.477,0.022,0.017,1,0.017,0.047,0.037,0.054,0.134,0.008,0.073,0.178,0.072,"1999",FALSE,0,0,13,FALSE
"217","Tim Legler","SG",0.762,"WAS",0.366,0,0.107,0.049,0.053,0.591,0.035,0.04,0.4,0.039,0.045,0.463,0.56,0.004,0.006,0.5,0.015,0.032,0.026,0.018,0.016,0.008,0.03,0.113,0.042,"1999",FALSE,0,0,18,FALSE
"218","Voshon Lenard","SG",0.595,"MIA",0.146,0.024,0.054,0.03,0.036,0.523,0.03,0.04,0.343,0.02,0.025,0.432,0.52,0.011,0.011,0.727,0.008,0.012,0.01,0.009,0.012,0.003,0.015,0.049,0.029,"1999",FALSE,0,0,33,FALSE
"219","Rashard Lewis","SF",0.452,"SEA",0.244,0.085,0.041,0.018,0.024,0.487,0.002,0.007,0.167,0.019,0.026,0.391,0.417,0.011,0.014,0.571,0.025,0.012,0.016,0.003,0.033,0.003,0.043,0.051,0.017,"1999",FALSE,0,0,25,FALSE
"221","Grant Long","PF",0.762,"ATL",0.61,0.159,0.391,0.146,0.165,0.561,0.007,0.02,0.167,0.154,0.192,0.434,0.472,0.243,0.242,0.783,0.191,0.195,0.193,0.046,0.232,0.043,0.159,0.385,0.173,"1999",FALSE,0,0,31,FALSE
"223","Felipe Lopez","SG",0.571,"VAN",0.573,0.39,0.345,0.163,0.174,0.595,0.03,0.05,0.273,0.163,0.189,0.469,0.513,0.115,0.139,0.644,0.132,0.096,0.108,0.053,0.199,0.037,0.177,0.345,0.154,"1999",FALSE,0,0,8,FALSE
"224","Tyronn Lue","PG",0.5,"LAL",0.183,0,0.053,0.027,0.03,0.575,0.017,0.018,0.438,0.022,0.028,0.429,0.539,0.016,0.022,0.571,0.004,0.004,0.004,0.021,0.02,0,0.024,0.075,0.026,"1999",FALSE,0,0,31,FALSE
"225","George Lynch","SF",0.667,"PHI",0.524,0.524,0.372,0.142,0.161,0.561,0.022,0.026,0.391,0.144,0.184,0.423,0.482,0.07,0.086,0.631,0.21,0.168,0.182,0.065,0.346,0.059,0.17,0.383,0.126,"1999",FALSE,0,0,28,FALSE
"227","Don MacLean","PF",0.69,"SEA",0.207,0.122,0.103,0.061,0.073,0.528,0.022,0.037,0.273,0.056,0.071,0.429,0.472,0.066,0.082,0.625,0.034,0.047,0.042,0.014,0.02,0.013,0.054,0.092,0.065,"1999",FALSE,0,0,25,FALSE
"230","Dan Majerle","SG",0.786,"MIA",0.585,0.585,0.46,0.114,0.137,0.528,0.169,0.229,0.335,0.052,0.054,0.526,0.567,0.044,0.047,0.717,0.04,0.186,0.136,0.129,0.154,0.019,0.119,0.27,0.119,"1999",FALSE,0,0,33,FALSE
"231","Karl Malone","PF",0.833,"UTA",0.598,0.598,0.519,0.38,0.367,0.657,0,0.001,0,0.409,0.449,0.494,0.548,0.5,0.494,0.788,0.205,0.354,0.303,0.173,0.252,0.074,0.349,0.361,0.411,"1999",TRUE,44,0.701,37,TRUE
"232","Matt Maloney","PG",0.643,"HOU",0.183,0.085,0.053,0.005,0.013,0.239,0.002,0.017,0.067,0.004,0.007,0.308,0.218,0.013,0.011,0.909,0.004,0.008,0.007,0.018,0.016,0,0.03,0.019,0.007,"1999",FALSE,0,0,31,FALSE
"233","Danny Manning","PF",0.762,"PHO",0.61,0.061,0.335,0.181,0.178,0.645,0.002,0.01,0.111,0.194,0.213,0.493,0.54,0.103,0.115,0.696,0.119,0.156,0.143,0.097,0.146,0.101,0.149,0.348,0.16,"1999",FALSE,0,0,27,FALSE
"236","Donyell Marshall","SF",0.595,"GSW",0.585,0.244,0.354,0.201,0.227,0.561,0.065,0.081,0.361,0.189,0.238,0.431,0.497,0.116,0.124,0.727,0.22,0.225,0.224,0.057,0.191,0.098,0.172,0.332,0.187,"1999",FALSE,0,0,21,FALSE
"237","Darrick Martin","PG",0.643,"LAC",0.451,0.305,0.266,0.099,0.128,0.489,0.077,0.12,0.292,0.074,0.097,0.413,0.47,0.081,0.078,0.803,0.01,0.043,0.031,0.124,0.175,0.011,0.144,0.221,0.105,"1999",FALSE,0,0,9,FALSE
"238","Jamal Mashburn","SF",0.619,"MIA",0.293,0.28,0.242,0.13,0.137,0.601,0.032,0.034,0.433,0.126,0.151,0.453,0.526,0.099,0.107,0.721,0.046,0.121,0.095,0.064,0.081,0.008,0.129,0.156,0.126,"1999",FALSE,0,0,33,FALSE
"239","Tony Massenburg","PF",0.738,"VAN",0.524,0.427,0.324,0.183,0.179,0.649,0,0.002,0,0.197,0.218,0.49,0.541,0.136,0.159,0.665,0.159,0.173,0.168,0.02,0.106,0.104,0.138,0.291,0.17,"1999",FALSE,0,0,8,FALSE
"240","Vernon Maxwell","SG",0.786,"SAC",0.561,0.012,0.285,0.159,0.194,0.52,0.199,0.261,0.346,0.087,0.107,0.442,0.539,0.111,0.117,0.737,0.025,0.071,0.056,0.065,0.122,0.008,0.144,0.299,0.174,"1999",FALSE,0,0,27,FALSE
"241","Lee Mayberry","PG",0.667,"VAN",0.11,0,0.036,0.007,0.009,0.491,0.005,0.011,0.2,0.005,0.005,0.556,0.468,0.005,0.005,0.8,0,0.003,0.002,0.02,0.028,0,0.024,0.035,0.007,"1999",FALSE,0,0,8,FALSE
"243","Walter McCarty","PF",0.571,"BOS",0.39,0.049,0.187,0.062,0.081,0.483,0.032,0.056,0.26,0.053,0.072,0.402,0.442,0.053,0.059,0.702,0.069,0.078,0.075,0.034,0.098,0.035,0.086,0.237,0.064,"1999",FALSE,0,0,19,FALSE
"244","George McCloud","SF",0.738,"PHO",0.585,0.195,0.352,0.137,0.149,0.584,0.172,0.187,0.416,0.076,0.089,0.462,0.606,0.099,0.09,0.862,0.065,0.127,0.106,0.068,0.183,0.037,0.106,0.345,0.151,"1999",FALSE,0,0,27,FALSE
"246","Antonio McDyess","C",0.571,"DEN",0.61,0.61,0.548,0.401,0.406,0.628,0.002,0.01,0.111,0.431,0.492,0.474,0.523,0.304,0.348,0.68,0.321,0.366,0.351,0.07,0.297,0.306,0.297,0.472,0.375,"1999",FALSE,0,0,14,FALSE
"247","Tracy McGrady","SF",0.452,"TOR",0.598,0.024,0.313,0.162,0.177,0.581,0.02,0.04,0.229,0.166,0.197,0.457,0.497,0.151,0.162,0.726,0.229,0.157,0.182,0.097,0.211,0.176,0.172,0.253,0.162,"1999",FALSE,0,0,23,FALSE
"249","Jeff McInnis","PG",0.571,"WAS",0.427,0.073,0.121,0.048,0.062,0.497,0.022,0.04,0.257,0.043,0.056,0.414,0.452,0.028,0.029,0.75,0.017,0.012,0.014,0.063,0.077,0.003,0.065,0.097,0.046,"1999",FALSE,0,0,18,FALSE
"250","Derrick McKey","SF",0.762,"IND",0.159,0,0.069,0.022,0.024,0.589,0,0.001,0,0.024,0.029,0.451,0.491,0.019,0.017,0.824,0.034,0.023,0.027,0.011,0.049,0.011,0.026,0.065,0.021,"1999",FALSE,0,0,33,FALSE
"251","Aaron McKie","SG",0.619,"PHI",0.61,0.049,0.271,0.092,0.109,0.535,0.015,0.035,0.194,0.093,0.116,0.432,0.46,0.058,0.064,0.71,0.052,0.112,0.092,0.086,0.256,0.008,0.123,0.243,0.085,"1999",FALSE,0,0,28,FALSE
"252","Roshown McLeod","SF",0.548,"ATL",0.415,0,0.098,0.06,0.075,0.507,0.002,0.011,0.1,0.063,0.086,0.399,0.426,0.049,0.046,0.822,0.023,0.038,0.033,0.012,0.008,0.003,0.05,0.065,0.057,"1999",FALSE,0,0,31,FALSE
"253","Ron Mercer","SG",0.524,"BOS",0.5,0.488,0.439,0.295,0.325,0.575,0.012,0.034,0.167,0.312,0.382,0.443,0.483,0.11,0.108,0.79,0.071,0.117,0.101,0.089,0.272,0.032,0.192,0.218,0.246,"1999",FALSE,0,0,19,FALSE
"254","Loren Meyer","C",0.619,"DEN",0.171,0,0.02,0.007,0.013,0.333,0.002,0.006,0.2,0.006,0.013,0.261,0.298,0.001,0.002,0.5,0.008,0.012,0.01,0.001,0,0.008,0.009,0.059,0.006,"1999",FALSE,0,0,14,FALSE
"256","Anthony Miller","PF",0.643,"HOU",0.354,0,0.07,0.027,0.028,0.623,0,0.001,0,0.029,0.033,0.475,0.519,0.019,0.023,0.636,0.05,0.041,0.044,0.006,0.028,0.013,0.019,0.092,0.025,"1999",FALSE,0,0,31,FALSE
"257","Brad Miller","C",0.524,"CHH",0.463,0,0.133,0.075,0.064,0.753,0.002,0.002,0.5,0.08,0.077,0.566,0.632,0.107,0.105,0.794,0.067,0.081,0.076,0.019,0.037,0.048,0.069,0.175,0.084,"1999",FALSE,0,0,26,FALSE
"259","Reggie Miller","SG",0.786,"IND",0.61,0.61,0.506,0.284,0.309,0.584,0.264,0.31,0.385,0.196,0.223,0.475,0.574,0.299,0.254,0.915,0.048,0.109,0.088,0.096,0.15,0.024,0.164,0.272,0.325,"1999",FALSE,0,0,33,FALSE
"260","Chris Mills","SF",0.69,"GSW",0.573,0.293,0.395,0.18,0.208,0.548,0.08,0.13,0.278,0.16,0.191,0.456,0.496,0.104,0.099,0.823,0.094,0.187,0.155,0.088,0.159,0.037,0.125,0.337,0.171,"1999",FALSE,0,0,21,FALSE
"261","Terry Mills","PF",0.738,"MIA",0.012,0,0.008,0.003,0.004,0.5,0.005,0.005,0.5,0.001,0.002,0.25,0.556,0.001,0.002,0.5,0.006,0.001,0.003,0,0.004,0,0.006,0.008,0.003,"1999",FALSE,0,0,33,FALSE
"262","Greg Minor","SG",0.643,"BOS",0.537,0.085,0.217,0.082,0.094,0.556,0.02,0.032,0.286,0.08,0.099,0.438,0.484,0.048,0.049,0.75,0.059,0.085,0.076,0.043,0.081,0.016,0.082,0.186,0.076,"1999",FALSE,0,0,19,FALSE
"263","Sam Mitchell","SF",0.833,"MIN",0.61,0.244,0.38,0.206,0.24,0.544,0.022,0.043,0.237,0.212,0.273,0.421,0.463,0.167,0.17,0.764,0.105,0.126,0.119,0.084,0.142,0.043,0.073,0.299,0.198,"1999",FALSE,0,0,25,FALSE
"264","Cuttino Mobley","PG",0.548,"HOU",0.598,0.451,0.412,0.166,0.186,0.567,0.132,0.167,0.358,0.124,0.145,0.463,0.544,0.119,0.113,0.818,0.042,0.088,0.073,0.104,0.179,0.061,0.17,0.264,0.172,"1999",FALSE,0,0,31,FALSE
"266","Eric Montross","C",0.643,"DET",0.561,0.024,0.163,0.041,0.037,0.7,0,0.001,0,0.044,0.045,0.532,0.583,0.015,0.033,0.344,0.086,0.093,0.091,0.012,0.049,0.072,0.034,0.288,0.034,"1999",FALSE,0,0,29,FALSE
"268","Chris Morris","SF",0.786,"PHO",0.537,0.024,0.151,0.062,0.069,0.573,0.04,0.063,0.286,0.05,0.052,0.516,0.537,0.053,0.047,0.87,0.103,0.067,0.079,0.02,0.065,0.029,0.045,0.146,0.065,"1999",FALSE,0,0,27,FALSE
"269","Alonzo Mourning","C",0.667,"MIA",0.561,0.561,0.496,0.313,0.292,0.681,0,0.002,0,0.337,0.356,0.513,0.568,0.365,0.435,0.652,0.317,0.339,0.331,0.064,0.138,0.479,0.3,0.434,0.326,"1999",FALSE,36,0.655,33,TRUE
"270","Chris Mullin","SF",0.833,"IND",0.61,0.61,0.334,0.171,0.171,0.636,0.182,0.177,0.465,0.108,0.121,0.486,0.639,0.106,0.095,0.87,0.048,0.134,0.105,0.07,0.191,0.035,0.129,0.272,0.179,"1999",FALSE,0,0,33,FALSE
"271","Eric Murdock","PG",0.714,"NJN",0.183,0.098,0.114,0.044,0.052,0.527,0.02,0.025,0.364,0.039,0.052,0.402,0.478,0.028,0.027,0.808,0.006,0.032,0.023,0.057,0.089,0.005,0.062,0.094,0.042,"1999",FALSE,0,0,16,FALSE
"273","Lamond Murray","SF",0.595,"LAC",0.61,0.159,0.373,0.219,0.266,0.521,0.085,0.116,0.33,0.2,0.268,0.404,0.467,0.167,0.162,0.803,0.113,0.135,0.127,0.052,0.236,0.053,0.213,0.288,0.216,"1999",FALSE,0,0,9,FALSE
"274","Tracy Murray","SF",0.643,"WAS",0.439,0,0.185,0.08,0.109,0.467,0.082,0.116,0.32,0.052,0.076,0.373,0.467,0.045,0.043,0.81,0.034,0.063,0.053,0.023,0.085,0.016,0.062,0.175,0.082,"1999",FALSE,0,0,18,FALSE
"277","Steve Nash","PG",0.571,"DAL",0.488,0.488,0.359,0.11,0.145,0.484,0.122,0.148,0.374,0.068,0.103,0.355,0.49,0.05,0.047,0.826,0.061,0.081,0.075,0.188,0.15,0.005,0.179,0.264,0.111,"1999",FALSE,0,0,19,FALSE
"278","Tyrone Nesby","SF",0.548,"LAC",0.61,0.439,0.365,0.176,0.186,0.599,0.087,0.108,0.365,0.153,0.174,0.476,0.548,0.138,0.137,0.782,0.109,0.117,0.114,0.07,0.313,0.053,0.114,0.385,0.178,"1999",FALSE,0,0,9,FALSE
"280","Johnny Newman","SF",0.833,"CLE",0.61,0.024,0.269,0.103,0.116,0.563,0.057,0.069,0.377,0.086,0.107,0.437,0.52,0.09,0.086,0.81,0.029,0.06,0.049,0.035,0.114,0.032,0.088,0.34,0.107,"1999",FALSE,0,0,22,FALSE
"281","Moochie Norris","PG",0.595,"SEA",0.146,0,0.04,0.013,0.018,0.433,0.015,0.017,0.4,0.007,0.014,0.28,0.444,0.008,0.016,0.375,0.008,0.016,0.013,0.021,0.028,0,0.034,0.046,0.013,"1999",FALSE,0,0,25,FALSE
"282","Dirk Nowitzki","PF",0.476,"DAL",0.573,0.293,0.271,0.132,0.155,0.54,0.035,0.077,0.206,0.127,0.151,0.455,0.473,0.131,0.132,0.773,0.078,0.12,0.106,0.04,0.118,0.072,0.157,0.283,0.136,"1999",FALSE,0,0,19,FALSE
"283","Charles O'Bannon","SG",0.548,"DET",0.22,0.012,0.047,0.023,0.026,0.572,0,0.001,0,0.025,0.031,0.436,0.477,0.011,0.008,1,0.034,0.016,0.022,0.01,0.008,0.008,0.017,0.059,0.02,"1999",FALSE,0,0,29,FALSE
"284","Jermaine O'Neal","PF",0.476,"POR",0.439,0.012,0.088,0.035,0.038,0.579,0,0.001,0,0.037,0.046,0.439,0.482,0.024,0.036,0.514,0.08,0.055,0.063,0.011,0.016,0.037,0.03,0.111,0.032,"1999",FALSE,0,0,35,FALSE
"285","Shaquille O'Neal","C",0.619,"LAL",0.598,0.598,0.483,0.493,0.407,0.768,0,0.001,0,0.531,0.499,0.577,0.64,0.356,0.512,0.54,0.358,0.336,0.343,0.098,0.146,0.218,0.263,0.418,0.455,"1999",FALSE,1,0.075,31,TRUE
"286","Charles Oakley","PF",0.833,"TOR",0.61,0.61,0.462,0.135,0.15,0.571,0.002,0.006,0.2,0.145,0.182,0.432,0.478,0.089,0.085,0.807,0.184,0.276,0.244,0.144,0.187,0.056,0.207,0.491,0.123,"1999",FALSE,0,0,23,FALSE
"287","Hakeem Olajuwon","C",0.857,"HOU",0.61,0.61,0.505,0.361,0.334,0.685,0.01,0.015,0.308,0.384,0.402,0.518,0.574,0.258,0.28,0.717,0.203,0.369,0.312,0.076,0.333,0.327,0.3,0.431,0.334,"1999",FALSE,0,0.003,31,TRUE
"292","Bo Outlaw","PF",0.643,"ORL",0.378,0.268,0.241,0.081,0.071,0.727,0,0.003,0,0.087,0.085,0.556,0.606,0.046,0.083,0.432,0.103,0.112,0.109,0.048,0.163,0.114,0.125,0.213,0.072,"1999",FALSE,0,0,33,FALSE
"294","Billy Owens","SF",0.69,"SEA",0.256,0.232,0.128,0.063,0.076,0.525,0.012,0.012,0.455,0.062,0.087,0.39,0.454,0.037,0.036,0.8,0.067,0.045,0.052,0.033,0.049,0.011,0.071,0.1,0.058,"1999",FALSE,0,0,25,FALSE
"295","Robert Pack","PG",0.69,"DAL",0.305,0,0.132,0.073,0.08,0.575,0,0.005,0,0.078,0.096,0.441,0.479,0.095,0.091,0.818,0.017,0.027,0.024,0.07,0.081,0.003,0.106,0.111,0.078,"1999",FALSE,0,0,19,FALSE
"297","Cherokee Parks","C",0.619,"VAN",0.585,0.5,0.316,0.114,0.127,0.572,0,0.001,0,0.123,0.155,0.431,0.477,0.04,0.057,0.545,0.143,0.167,0.159,0.031,0.114,0.074,0.106,0.307,0.094,"1999",FALSE,0,0,8,FALSE
"298","Andrae Patterson","PF",0.548,"MIN",0.427,0,0.08,0.042,0.045,0.591,0,0.006,0,0.045,0.052,0.467,0.492,0.037,0.037,0.778,0.057,0.035,0.042,0.013,0.077,0.019,0.047,0.167,0.04,"1999",FALSE,0,0,25,FALSE
"299","Ruben Patterson","SF",0.548,"LAL",0.293,0.024,0.041,0.02,0.023,0.549,0.002,0.007,0.167,0.021,0.025,0.444,0.469,0.029,0.032,0.71,0.033,0.013,0.02,0.002,0.02,0.008,0.026,0.043,0.023,"1999",FALSE,0,0,31,FALSE
"300","Gary Payton","PG",0.714,"SEA",0.61,0.61,0.568,0.388,0.425,0.579,0.206,0.317,0.295,0.331,0.362,0.495,0.532,0.263,0.284,0.721,0.119,0.181,0.159,0.375,0.443,0.032,0.332,0.31,0.383,"1999",FALSE,0,0.03,25,TRUE
"301","Anthony Peeler","SG",0.69,"MIN",0.341,0.341,0.229,0.1,0.125,0.505,0.085,0.129,0.298,0.072,0.089,0.437,0.49,0.04,0.042,0.732,0.057,0.054,0.055,0.067,0.142,0.016,0.082,0.162,0.095,"1999",FALSE,0,0,25,FALSE
"303","Sam Perkins","PF",0.881,"IND",0.585,0,0.223,0.077,0.092,0.533,0.087,0.102,0.389,0.047,0.062,0.409,0.542,0.057,0.062,0.717,0.069,0.101,0.09,0.021,0.061,0.037,0.047,0.199,0.084,"1999",FALSE,0,0,33,FALSE
"305","Chuck Person","SF",0.81,"CHH",0.61,0.256,0.28,0.108,0.133,0.517,0.137,0.177,0.35,0.059,0.074,0.432,0.537,0.032,0.033,0.75,0.033,0.114,0.086,0.052,0.081,0.021,0.088,0.243,0.107,"1999",FALSE,0,0,26,FALSE
"306","Wesley Person","SG",0.643,"CLE",0.549,0.512,0.38,0.191,0.201,0.604,0.187,0.226,0.375,0.128,0.134,0.519,0.599,0.042,0.055,0.604,0.036,0.122,0.093,0.069,0.15,0.043,0.088,0.14,0.178,"1999",FALSE,0,0,22,FALSE
"307","Bobby Phills","SG",0.69,"CHH",0.524,0.524,0.446,0.208,0.229,0.577,0.169,0.194,0.395,0.153,0.183,0.452,0.557,0.152,0.173,0.685,0.075,0.134,0.114,0.128,0.244,0.066,0.198,0.334,0.216,"1999",FALSE,0,0,26,FALSE
"308","Eric Piatkowski","SG",0.667,"LAC",0.598,0.463,0.352,0.174,0.192,0.576,0.162,0.186,0.394,0.12,0.142,0.456,0.567,0.116,0.105,0.863,0.075,0.1,0.092,0.046,0.179,0.016,0.114,0.232,0.181,"1999",FALSE,0,0,9,FALSE
"309","Paul Pierce","SF",0.5,"BOS",0.585,0.573,0.462,0.275,0.298,0.585,0.209,0.23,0.412,0.208,0.25,0.451,0.56,0.184,0.201,0.713,0.224,0.191,0.202,0.099,0.333,0.133,0.244,0.375,0.279,"1999",FALSE,0,0,19,FALSE
"310","Scottie Pippen","SF",0.786,"HOU",0.61,0.61,0.569,0.252,0.278,0.576,0.179,0.239,0.34,0.197,0.221,0.482,0.547,0.175,0.188,0.721,0.12,0.258,0.211,0.252,0.398,0.098,0.343,0.318,0.256,"1999",FALSE,0,0,31,FALSE
"312","Olden Polynice","C",0.81,"SEA",0.585,0.573,0.419,0.163,0.165,0.629,0.002,0.001,1,0.175,0.201,0.471,0.526,0.038,0.097,0.309,0.352,0.239,0.278,0.037,0.081,0.08,0.106,0.404,0.13,"1999",FALSE,0,0,25,FALSE
"313","Mark Pope","SF",0.619,"IND",0.049,0,0.007,0.001,0.003,0.191,0,0.005,0,0.001,0.002,0.333,0.159,0,0.001,0,0.004,0.002,0.003,0,0,0,0.002,0.016,0.001,"1999",FALSE,0,0,33,FALSE
"314","Terry Porter","PG",0.833,"MIA",0.61,0.012,0.386,0.166,0.17,0.62,0.144,0.159,0.411,0.119,0.129,0.498,0.603,0.163,0.152,0.831,0.025,0.126,0.092,0.125,0.195,0.029,0.159,0.261,0.185,"1999",FALSE,0,0,33,FALSE
"316","Brent Price","PG",0.714,"HOU",0.488,0.073,0.228,0.097,0.095,0.644,0.114,0.126,0.411,0.056,0.054,0.568,0.66,0.061,0.063,0.754,0.034,0.06,0.051,0.097,0.134,0.003,0.14,0.243,0.103,"1999",FALSE,0,0,31,FALSE
"318","Eldridge Recasner","PG",0.738,"CHH",0.537,0.024,0.2,0.079,0.085,0.595,0.06,0.068,0.4,0.06,0.07,0.468,0.568,0.045,0.04,0.872,0.038,0.057,0.05,0.078,0.069,0.003,0.125,0.178,0.078,"1999",FALSE,0,0,26,FALSE
"319","Bryant Reeves","C",0.595,"VAN",0.305,0.171,0.199,0.099,0.116,0.541,0,0.001,0,0.106,0.141,0.408,0.451,0.089,0.119,0.578,0.096,0.087,0.09,0.032,0.053,0.021,0.101,0.278,0.096,"1999",FALSE,0,0,8,FALSE
"320","Khalid Reeves","PG",0.619,"DET",0.134,0,0.032,0.008,0.01,0.508,0.002,0.003,0.333,0.007,0.01,0.389,0.45,0.011,0.014,0.571,0.006,0.004,0.005,0.009,0.016,0,0.015,0.035,0.009,"1999",FALSE,0,0,29,FALSE
"323","Shawn Respert","SG",0.619,"PHO",0.146,0.012,0.028,0.013,0.017,0.481,0.01,0.015,0.308,0.009,0.013,0.391,0.463,0.009,0.01,0.7,0.004,0.011,0.008,0.007,0.02,0,0.011,0.027,0.013,"1999",FALSE,0,0,27,FALSE
"325","Glen Rice","SF",0.738,"LAL",0.329,0.305,0.279,0.165,0.182,0.576,0.132,0.152,0.393,0.123,0.147,0.452,0.554,0.102,0.093,0.856,0.017,0.089,0.065,0.061,0.069,0.016,0.097,0.181,0.167,"1999",FALSE,0,0,31,FALSE
"326","Pooh Richardson","PG",0.762,"LAC",0.134,0,0.037,0.012,0.017,0.444,0,0.007,0,0.012,0.017,0.4,0.37,0.005,0.004,1,0.002,0.012,0.008,0.026,0.016,0,0.019,0.013,0.01,"1999",FALSE,0,0,9,FALSE
"327","Mitch Richmond","SG",0.786,"WAS",0.61,0.61,0.541,0.32,0.37,0.549,0.174,0.249,0.317,0.272,0.328,0.448,0.507,0.332,0.301,0.857,0.057,0.141,0.112,0.105,0.26,0.027,0.293,0.326,0.347,"1999",FALSE,0,0,18,FALSE
"328","Isaiah Rider","SG",0.643,"POR",0.573,0.5,0.392,0.241,0.278,0.549,0.104,0.125,0.378,0.215,0.279,0.419,0.496,0.147,0.151,0.755,0.113,0.136,0.128,0.089,0.102,0.024,0.205,0.27,0.23,"1999",FALSE,0,0,35,FALSE
"331","Clifford Robinson","SF",0.762,"PHO",0.61,0.427,0.492,0.289,0.289,0.633,0.144,0.157,0.417,0.251,0.276,0.492,0.579,0.216,0.241,0.697,0.132,0.157,0.148,0.11,0.305,0.157,0.19,0.412,0.289,"1999",FALSE,0,0,27,FALSE
"332","David Robinson","C",0.786,"SAS",0.598,0.598,0.44,0.259,0.243,0.679,0,0.001,0,0.279,0.297,0.51,0.566,0.316,0.373,0.658,0.283,0.342,0.322,0.088,0.28,0.316,0.233,0.385,0.274,"1999",FALSE,0,0.005,37,TRUE
"333","Glenn Robinson","SF",0.619,"MIL",0.573,0.573,0.447,0.336,0.348,0.612,0.077,0.089,0.392,0.329,0.382,0.467,0.532,0.185,0.166,0.87,0.14,0.202,0.18,0.086,0.187,0.109,0.228,0.307,0.305,"1999",FALSE,0,0.001,28,TRUE
"335","Dennis Rodman","PF",0.881,"LAL",0.28,0.134,0.186,0.015,0.021,0.464,0,0.002,0,0.017,0.025,0.364,0.387,0.022,0.04,0.436,0.119,0.195,0.169,0.026,0.041,0.032,0.067,0.191,0.017,"1999",FALSE,0,0,31,FALSE
"337","Rodney Rogers","SF",0.643,"LAC",0.573,0.085,0.274,0.127,0.137,0.588,0.045,0.071,0.286,0.118,0.132,0.483,0.523,0.09,0.104,0.673,0.124,0.113,0.117,0.066,0.191,0.059,0.142,0.377,0.123,"1999",FALSE,0,0,9,FALSE
"338","Sean Rooks","C",0.69,"LAL",0.439,0,0.089,0.031,0.036,0.54,0,0.002,0,0.033,0.043,0.416,0.45,0.045,0.049,0.708,0.063,0.039,0.047,0.008,0.008,0.024,0.045,0.164,0.035,"1999",FALSE,0,0,31,FALSE
"339","Jalen Rose","SF",0.619,"IND",0.598,0.012,0.35,0.193,0.228,0.537,0.042,0.073,0.262,0.19,0.243,0.425,0.467,0.165,0.163,0.791,0.065,0.119,0.101,0.08,0.203,0.04,0.155,0.345,0.191,"1999",FALSE,0,0,33,FALSE
"340","Malik Rose","PF",0.571,"SAS",0.573,0,0.172,0.09,0.092,0.617,0,0.001,0,0.097,0.113,0.465,0.514,0.13,0.15,0.671,0.172,0.091,0.119,0.025,0.163,0.059,0.121,0.323,0.1,"1999",FALSE,0,0,37,FALSE
"341","Bryon Russell","SF",0.667,"UTA",0.61,0.61,0.501,0.21,0.215,0.619,0.129,0.166,0.354,0.172,0.181,0.514,0.577,0.18,0.176,0.795,0.124,0.2,0.174,0.064,0.309,0.04,0.164,0.415,0.22,"1999",FALSE,0,0,37,FALSE
"342","Arvydas Sabonis","C",0.81,"POR",0.61,0.585,0.382,0.224,0.22,0.647,0.017,0.027,0.292,0.234,0.256,0.496,0.548,0.179,0.18,0.771,0.168,0.303,0.257,0.102,0.138,0.168,0.183,0.396,0.214,"1999",FALSE,0,0.003,35,TRUE
"346","Detlef Schrempf","SF",0.857,"SEA",0.61,0.476,0.5,0.25,0.253,0.629,0.085,0.097,0.395,0.234,0.261,0.486,0.559,0.265,0.25,0.823,0.147,0.291,0.242,0.158,0.167,0.069,0.222,0.41,0.266,"1999",FALSE,0,0,25,FALSE
"348","Malik Sealy","SF",0.667,"MIN",0.378,0.085,0.207,0.092,0.106,0.548,0.015,0.026,0.261,0.093,0.117,0.428,0.471,0.073,0.063,0.902,0.044,0.069,0.06,0.031,0.122,0.013,0.071,0.183,0.089,"1999",FALSE,0,0,25,FALSE
"353","Jeff Sheppard","SG",0.571,"ATL",0.22,0.061,0.052,0.015,0.018,0.513,0.005,0.008,0.286,0.014,0.018,0.406,0.456,0.011,0.013,0.615,0.011,0.016,0.014,0.014,0.012,0,0.015,0.032,0.014,"1999",FALSE,0,0,31,FALSE
"355","Dickey Simpkins","C",0.619,"CHI",0.61,0.427,0.41,0.145,0.149,0.617,0,0.001,0,0.156,0.182,0.464,0.514,0.206,0.249,0.645,0.21,0.227,0.222,0.056,0.146,0.035,0.155,0.345,0.161,"1999",FALSE,0,0,13,FALSE
"356","Alvin Sims","SG",0.571,"PHO",0.049,0,0.007,0.004,0.005,0.533,0.002,0.001,1,0.003,0.005,0.333,0.5,0.003,0.005,0.4,0.006,0.001,0.003,0.004,0.008,0,0.013,0.005,0.004,"1999",FALSE,0,0,27,FALSE
"359","Charles Smith","SG",0.548,"LAC",0.28,0.122,0.09,0.034,0.045,0.481,0.017,0.037,0.212,0.029,0.036,0.438,0.441,0.009,0.016,0.438,0.013,0.017,0.016,0.011,0.069,0.037,0.043,0.094,0.03,"1999",FALSE,0,0,9,FALSE
"360","Joe Smith","C",0.548,"MIN",0.524,0.512,0.401,0.216,0.24,0.569,0,0.003,0,0.232,0.293,0.43,0.474,0.188,0.193,0.755,0.294,0.199,0.231,0.058,0.13,0.176,0.142,0.396,0.208,"1999",FALSE,0,0,25,FALSE
"361","Michael Smith","PF",0.619,"VAN",0.585,0.122,0.311,0.074,0.066,0.713,0,0.001,0,0.08,0.081,0.538,0.594,0.101,0.132,0.594,0.258,0.214,0.229,0.041,0.187,0.048,0.129,0.288,0.081,"1999",FALSE,0,0,8,FALSE
"362","Steve Smith","SG",0.69,"ATL",0.439,0.439,0.372,0.21,0.249,0.536,0.117,0.157,0.338,0.177,0.226,0.424,0.494,0.253,0.231,0.849,0.096,0.1,0.099,0.101,0.146,0.029,0.213,0.27,0.237,"1999",FALSE,0,0.001,31,TRUE
"363","Rik Smits","C",0.762,"IND",0.598,0.598,0.36,0.3,0.291,0.653,0,0.002,0,0.323,0.356,0.491,0.544,0.143,0.136,0.818,0.14,0.201,0.18,0.045,0.073,0.138,0.162,0.429,0.257,"1999",FALSE,0,0,33,FALSE
"364","Eric Snow","PG",0.595,"PHI",0.585,0.585,0.486,0.144,0.16,0.571,0.012,0.024,0.238,0.15,0.184,0.44,0.483,0.146,0.154,0.733,0.048,0.136,0.106,0.259,0.407,0.003,0.239,0.402,0.146,"1999",FALSE,0,0,28,FALSE
"366","Latrell Sprewell","SF",0.667,"NYK",0.451,0.049,0.349,0.208,0.238,0.553,0.052,0.087,0.273,0.202,0.249,0.44,0.483,0.205,0.197,0.812,0.078,0.114,0.102,0.078,0.187,0.005,0.17,0.175,0.214,"1999",FALSE,0,0,27,FALSE
"368","Jerry Stackhouse","SG",0.571,"DET",0.512,0.11,0.336,0.175,0.225,0.495,0.087,0.142,0.278,0.152,0.204,0.403,0.452,0.278,0.254,0.85,0.05,0.08,0.07,0.101,0.138,0.051,0.261,0.213,0.214,"1999",FALSE,0,0,29,FALSE
"369","John Starks","SG",0.786,"GSW",0.61,0.61,0.477,0.26,0.335,0.493,0.194,0.304,0.29,0.199,0.259,0.416,0.47,0.098,0.103,0.74,0.063,0.129,0.107,0.202,0.28,0.013,0.179,0.364,0.244,"1999",FALSE,0,0,21,FALSE
"370","Vladimir Stepania","C",0.524,"SEA",0.28,0.073,0.089,0.051,0.058,0.565,0,0.003,0,0.055,0.069,0.434,0.471,0.028,0.041,0.525,0.052,0.048,0.049,0.01,0.041,0.061,0.069,0.156,0.045,"1999",FALSE,0,0,25,FALSE
"372","Bryant Stith","SG",0.667,"DEN",0.561,0.39,0.338,0.11,0.133,0.524,0.077,0.12,0.292,0.086,0.104,0.451,0.497,0.081,0.073,0.859,0.057,0.076,0.07,0.07,0.114,0.04,0.097,0.175,0.113,"1999",FALSE,0,0,14,FALSE
"373","John Stockton","PG",0.857,"UTA",0.61,0.61,0.399,0.193,0.189,0.651,0.04,0.056,0.32,0.191,0.203,0.511,0.563,0.181,0.174,0.811,0.059,0.114,0.095,0.321,0.329,0.035,0.237,0.288,0.195,"1999",FALSE,0,0,37,FALSE
"374","Peja Stojakovic","SF",0.5,"SAC",0.585,0.012,0.29,0.136,0.172,0.504,0.142,0.201,0.32,0.087,0.11,0.431,0.504,0.083,0.076,0.851,0.082,0.099,0.093,0.062,0.167,0.019,0.114,0.116,0.142,"1999",FALSE,0,0,27,FALSE
"375","Damon Stoudamire","PG",0.595,"POR",0.61,0.61,0.474,0.241,0.289,0.528,0.109,0.16,0.31,0.213,0.275,0.421,0.479,0.118,0.126,0.73,0.078,0.125,0.109,0.268,0.199,0.011,0.237,0.218,0.223,"1999",FALSE,0,0,35,FALSE
"376","Erick Strickland","SG",0.595,"DAL",0.402,0.024,0.16,0.086,0.102,0.537,0.045,0.067,0.305,0.074,0.091,0.438,0.492,0.07,0.067,0.815,0.023,0.071,0.054,0.055,0.163,0.005,0.078,0.119,0.088,"1999",FALSE,0,0,19,FALSE
"377","Mark Strickland","PF",0.667,"MIA",0.39,0.012,0.101,0.048,0.046,0.66,0,0.001,0,0.052,0.056,0.5,0.55,0.025,0.027,0.731,0.05,0.052,0.051,0.008,0.028,0.021,0.028,0.075,0.042,"1999",FALSE,0,0,33,FALSE
"378","Rod Strickland","PG",0.762,"WAS",0.537,0.524,0.462,0.243,0.277,0.555,0.03,0.047,0.286,0.249,0.316,0.426,0.473,0.233,0.243,0.746,0.107,0.155,0.139,0.373,0.309,0.013,0.306,0.245,0.244,"1999",FALSE,0,0,18,FALSE
"379","Derek Strong","PF",0.714,"ORL",0.537,0,0.197,0.074,0.083,0.563,0,0.002,0,0.079,0.1,0.427,0.469,0.094,0.102,0.717,0.126,0.094,0.105,0.015,0.061,0.019,0.08,0.173,0.079,"1999",FALSE,0,0,33,FALSE
"381","Bob Sura","PG",0.595,"CLE",0.61,0.073,0.238,0.068,0.097,0.444,0.022,0.051,0.2,0.063,0.093,0.37,0.394,0.086,0.106,0.631,0.04,0.08,0.067,0.131,0.187,0.037,0.144,0.264,0.076,"1999",FALSE,0,0,22,FALSE
"382","Johnny Taylor","SF",0.571,"DEN",0.439,0.11,0.205,0.079,0.091,0.552,0.065,0.077,0.382,0.058,0.073,0.431,0.533,0.022,0.024,0.739,0.057,0.071,0.066,0.021,0.114,0.045,0.073,0.261,0.073,"1999",FALSE,0,0,14,FALSE
"383","Maurice Taylor","PF",0.524,"LAC",0.561,0.549,0.426,0.301,0.311,0.615,0.002,0.007,0.167,0.323,0.377,0.463,0.512,0.198,0.212,0.728,0.191,0.141,0.158,0.058,0.065,0.077,0.259,0.482,0.273,"1999",FALSE,0,0,9,FALSE
"384","John Thomas","C",0.548,"TOR",0.476,0.134,0.168,0.069,0.057,0.769,0,0.001,0,0.074,0.069,0.582,0.641,0.036,0.049,0.563,0.124,0.069,0.088,0.013,0.069,0.024,0.045,0.221,0.06,"1999",FALSE,0,0,23,FALSE
"385","Kurt Thomas","PF",0.619,"NYK",0.61,0.537,0.335,0.164,0.169,0.616,0,0.001,0,0.177,0.207,0.463,0.513,0.087,0.111,0.611,0.157,0.203,0.187,0.047,0.183,0.045,0.157,0.429,0.143,"1999",FALSE,0,0,27,FALSE
"387","Otis Thorpe","PF",0.857,"WAS",0.598,0.463,0.436,0.232,0.202,0.727,0,0.002,0,0.25,0.247,0.548,0.606,0.098,0.109,0.698,0.184,0.236,0.218,0.087,0.171,0.051,0.19,0.528,0.196,"1999",FALSE,0,0,18,FALSE
"388","Robert Traylor","C",0.5,"MIL",0.598,0.524,0.222,0.104,0.092,0.716,0,0.001,0,0.112,0.113,0.54,0.597,0.057,0.082,0.538,0.153,0.101,0.119,0.033,0.179,0.117,0.091,0.377,0.091,"1999",FALSE,0,0,28,FALSE
"389","Gary Trent","PF",0.571,"DAL",0.549,0.28,0.386,0.278,0.277,0.636,0,0.006,0,0.299,0.337,0.481,0.53,0.192,0.242,0.617,0.243,0.222,0.229,0.066,0.118,0.061,0.142,0.329,0.254,"1999",FALSE,0,0,19,FALSE
"390","Nick Van Exel","PG",0.643,"DEN",0.61,0.61,0.51,0.296,0.354,0.531,0.179,0.264,0.308,0.243,0.302,0.437,0.494,0.188,0.18,0.811,0.027,0.098,0.074,0.316,0.163,0.008,0.261,0.243,0.292,"1999",FALSE,0,0,14,FALSE
"391","Keith Van Horn","PF",0.548,"NJN",0.512,0.512,0.446,0.311,0.346,0.571,0.04,0.06,0.302,0.318,0.394,0.438,0.488,0.339,0.307,0.859,0.218,0.242,0.234,0.056,0.175,0.141,0.287,0.361,0.323,"1999",FALSE,0,0,16,FALSE
"393","Jacque Vaughn","PG",0.548,"UTA",0.232,0,0.025,0.011,0.014,0.489,0.005,0.009,0.25,0.009,0.012,0.409,0.444,0.026,0.025,0.833,0.002,0.01,0.007,0.01,0.02,0,0.03,0.038,0.016,"1999",FALSE,0,0,37,FALSE
"394","Loy Vaught","PF",0.714,"DET",0.451,0.122,0.136,0.057,0.071,0.508,0,0.001,0,0.061,0.087,0.383,0.423,0.012,0.014,0.643,0.069,0.109,0.095,0.009,0.061,0.016,0.037,0.146,0.045,"1999",FALSE,0,0,29,FALSE
"396","Antoine Walker","PF",0.524,"BOS",0.512,0.5,0.438,0.293,0.338,0.549,0.162,0.199,0.369,0.248,0.315,0.426,0.507,0.149,0.208,0.559,0.203,0.251,0.235,0.112,0.256,0.074,0.256,0.383,0.277,"1999",FALSE,0,0,19,FALSE
"397","Samaki Walker","PF",0.524,"DAL",0.476,0.024,0.161,0.085,0.087,0.617,0,0.001,0,0.092,0.107,0.466,0.514,0.07,0.101,0.541,0.088,0.096,0.093,0.005,0.037,0.043,0.08,0.235,0.081,"1999",FALSE,0,0,19,FALSE
"400","Rasheed Wallace","PF",0.571,"POR",0.598,0.22,0.4,0.234,0.219,0.677,0.032,0.035,0.419,0.238,0.251,0.515,0.58,0.173,0.184,0.732,0.109,0.183,0.158,0.052,0.195,0.144,0.172,0.472,0.222,"1999",FALSE,0,0.001,35,TRUE
"401","Rex Walters","SG",0.667,"MIA",0.402,0.159,0.143,0.034,0.044,0.491,0.03,0.043,0.316,0.024,0.032,0.404,0.48,0.025,0.024,0.826,0.019,0.04,0.033,0.05,0.041,0.008,0.069,0.17,0.036,"1999",FALSE,0,0,33,FALSE
"402","Charlie Ward","PG",0.667,"NYK",0.61,0.61,0.44,0.131,0.154,0.539,0.132,0.168,0.356,0.085,0.104,0.443,0.538,0.073,0.08,0.705,0.044,0.148,0.112,0.233,0.419,0.021,0.282,0.283,0.133,"1999",FALSE,0,0,27,FALSE
"403","Eric Washington","SG",0.571,"DEN",0.463,0.073,0.215,0.071,0.085,0.529,0.092,0.109,0.381,0.037,0.049,0.414,0.552,0.029,0.033,0.688,0.067,0.054,0.058,0.026,0.102,0.048,0.073,0.235,0.072,"1999",FALSE,0,0,14,FALSE
"406","Chris Webber","PF",0.595,"SAC",0.512,0.512,0.487,0.366,0.358,0.648,0.01,0.038,0.118,0.389,0.42,0.503,0.542,0.104,0.179,0.454,0.285,0.393,0.356,0.149,0.244,0.237,0.319,0.391,0.296,"1999",FALSE,0,0.043,27,TRUE
"407","Bonzi Wells","SF",0.524,"POR",0.085,0,0.01,0.011,0.009,0.733,0.002,0.003,0.333,0.01,0.01,0.588,0.639,0.011,0.019,0.444,0.008,0.005,0.006,0.003,0.004,0.003,0.013,0.013,0.011,"1999",FALSE,0,0,35,FALSE
"408","Bill Wennington","C",0.833,"CHI",0.463,0.037,0.128,0.06,0.082,0.464,0.002,0.001,1,0.063,0.1,0.345,0.39,0.024,0.023,0.818,0.038,0.059,0.052,0.015,0.053,0.032,0.037,0.213,0.05,"1999",FALSE,0,0,13,FALSE
"409","David Wesley","PG",0.667,"CHH",0.61,0.61,0.523,0.235,0.251,0.595,0.152,0.192,0.359,0.189,0.212,0.485,0.558,0.21,0.197,0.832,0.044,0.137,0.105,0.277,0.407,0.027,0.306,0.35,0.249,"1999",FALSE,0,0,26,FALSE
"410","Doug West","SG",0.738,"VAN",0.171,0.024,0.083,0.03,0.03,0.636,0,0.002,0,0.032,0.036,0.492,0.53,0.025,0.026,0.76,0.01,0.02,0.016,0.016,0.065,0.019,0.026,0.102,0.029,"1999",FALSE,0,0,8,FALSE
"412","DeJuan Wheat","PG",0.595,"VAN",0.561,0,0.167,0.071,0.089,0.504,0.055,0.068,0.367,0.053,0.075,0.383,0.483,0.053,0.057,0.727,0.021,0.034,0.029,0.088,0.106,0.005,0.103,0.159,0.073,"1999",FALSE,0,0,8,FALSE
"415","Chris Whitney","PG",0.643,"WAS",0.476,0.012,0.125,0.062,0.072,0.547,0.08,0.107,0.337,0.033,0.034,0.525,0.57,0.036,0.032,0.871,0.015,0.039,0.031,0.059,0.073,0.005,0.078,0.132,0.066,"1999",FALSE,0,0,18,FALSE
"416","Dominique Wilkins","SF",0.929,"ORL",0.329,0.024,0.071,0.048,0.061,0.505,0.012,0.021,0.263,0.047,0.064,0.398,0.442,0.038,0.043,0.69,0.057,0.041,0.046,0.014,0.016,0.003,0.05,0.051,0.047,"1999",FALSE,0,0,33,FALSE
"418","Aaron Williams","PF",0.643,"SEA",0.488,0.024,0.13,0.05,0.057,0.564,0,0.001,0,0.054,0.069,0.426,0.47,0.071,0.076,0.73,0.103,0.073,0.084,0.019,0.057,0.064,0.065,0.202,0.056,"1999",FALSE,0,0,25,FALSE
"419","Alvin Williams","PG",0.571,"TOR",0.61,0.549,0.297,0.092,0.109,0.535,0.035,0.047,0.333,0.084,0.11,0.415,0.478,0.058,0.053,0.846,0.036,0.063,0.054,0.112,0.207,0.032,0.121,0.253,0.088,"1999",FALSE,0,0,23,FALSE
"421","Eric Williams","SF",0.619,"DEN",0.463,0.098,0.221,0.077,0.101,0.487,0.015,0.029,0.231,0.077,0.109,0.383,0.421,0.147,0.143,0.799,0.065,0.047,0.053,0.032,0.11,0.021,0.106,0.205,0.098,"1999",FALSE,0,0,14,FALSE
"424","Jason Williams","PG",0.548,"SAC",0.61,0.61,0.511,0.223,0.284,0.499,0.249,0.365,0.31,0.136,0.166,0.446,0.506,0.104,0.108,0.752,0.027,0.138,0.1,0.257,0.386,0.003,0.308,0.245,0.226,"1999",FALSE,0,0,27,FALSE
"425","Jayson Williams","C",0.714,"NJN",0.366,0.366,0.289,0.094,0.1,0.593,0,0.002,0,0.101,0.122,0.449,0.494,0.063,0.087,0.565,0.281,0.212,0.235,0.028,0.098,0.16,0.099,0.34,0.085,"1999",FALSE,0,0,16,FALSE
"432","Walt Williams","SF",0.667,"POR",0.585,0.195,0.295,0.142,0.16,0.565,0.157,0.163,0.438,0.087,0.114,0.414,0.571,0.118,0.11,0.832,0.069,0.106,0.093,0.069,0.15,0.074,0.136,0.272,0.157,"1999",FALSE,0,0,35,FALSE
"433","Corliss Williamson","SF",0.595,"SAC",0.61,0.61,0.389,0.26,0.255,0.647,0.002,0.006,0.2,0.279,0.31,0.487,0.54,0.159,0.193,0.638,0.163,0.12,0.135,0.057,0.122,0.021,0.162,0.318,0.233,"1999",FALSE,0,0,27,FALSE
"434","Kevin Willis","C",0.857,"TOR",0.512,0.463,0.344,0.181,0.206,0.557,0,0.002,0,0.195,0.251,0.42,0.464,0.172,0.159,0.839,0.208,0.239,0.229,0.058,0.114,0.074,0.185,0.361,0.178,"1999",FALSE,0,0,23,FALSE
"438","Haywoode Workman","PG",0.786,"MIL",0.354,0.354,0.231,0.071,0.078,0.572,0.042,0.053,0.362,0.058,0.069,0.455,0.532,0.049,0.048,0.787,0.027,0.087,0.067,0.148,0.13,0.003,0.136,0.143,0.071,"1999",FALSE,0,0,28,FALSE
"439","Lorenzen Wright","C",0.548,"LAC",0.585,0.183,0.321,0.115,0.12,0.611,0,0.001,0,0.124,0.146,0.459,0.509,0.107,0.12,0.692,0.272,0.217,0.236,0.028,0.106,0.096,0.103,0.437,0.113,"1999",FALSE,0,0,9,FALSE
"440","Korleone Young","SF",0.476,"DET",0.037,0,0.004,0.005,0.005,0.667,0.002,0.005,0.25,0.004,0.003,0.667,0.611,0.003,0.002,1,0.004,0.002,0.003,0.001,0,0,0.002,0.008,0.005,"1999",FALSE,0,0,29,FALSE
"  2","Shareef Abdur-Rahim","SF",0.548,"VAN",1,1,0.912,0.574,0.588,0.62,0.072,0.108,0.302,0.588,0.666,0.478,0.53,0.59,0.567,0.809,0.417,0.603,0.539,0.233,0.362,0.231,0.537,0.658,0.587,"2000",FALSE,0,0,22,FALSE
"  3","Cory Alexander","PG",0.619,"DEN",0.354,0.024,0.093,0.027,0.045,0.381,0.022,0.04,0.257,0.02,0.036,0.302,0.369,0.022,0.023,0.773,0.015,0.034,0.027,0.05,0.098,0.005,0.06,0.105,0.029,"2000",FALSE,0,0,35,FALSE
"  4","Ray Allen","SG",0.571,"MIL",1,1,0.869,0.621,0.649,0.607,0.428,0.459,0.423,0.489,0.566,0.468,0.573,0.467,0.409,0.887,0.159,0.274,0.235,0.265,0.447,0.051,0.394,0.504,0.639,"2000",FALSE,0,0,42,FALSE
"  5","Rafer Alston","PG",0.548,"MIL",0.329,0,0.102,0.026,0.044,0.379,0.007,0.016,0.214,0.025,0.046,0.296,0.333,0.004,0.004,0.75,0.01,0.018,0.015,0.06,0.049,0,0.062,0.078,0.021,"2000",FALSE,0,0,42,FALSE
"  6","John Amaechi","C",0.69,"ORL",0.976,0.646,0.477,0.296,0.322,0.583,0.002,0.007,0.167,0.317,0.391,0.439,0.487,0.295,0.299,0.766,0.119,0.203,0.174,0.082,0.142,0.098,0.3,0.434,0.295,"2000",FALSE,0,0,41,FALSE
"  7","Derek Anderson","SG",0.595,"LAC",0.78,0.707,0.623,0.365,0.396,0.584,0.137,0.201,0.309,0.335,0.385,0.472,0.522,0.358,0.318,0.877,0.153,0.177,0.169,0.189,0.366,0.029,0.36,0.402,0.381,"2000",FALSE,0,0,15,FALSE
"  8","Kenny Anderson","PG",0.69,"BOS",1,1,0.734,0.42,0.454,0.587,0.211,0.248,0.386,0.363,0.432,0.456,0.537,0.259,0.26,0.775,0.105,0.169,0.147,0.361,0.565,0.021,0.28,0.62,0.406,"2000",FALSE,0,0,35,FALSE
"  9","Nick Anderson","SG",0.762,"SAC",0.878,0.878,0.593,0.296,0.36,0.521,0.328,0.448,0.332,0.181,0.217,0.452,0.529,0.049,0.078,0.487,0.159,0.254,0.222,0.106,0.382,0.043,0.205,0.318,0.276,"2000",FALSE,0,0,44,FALSE
" 10","Shandon Anderson","SF",0.619,"HOU",1,1,0.764,0.356,0.358,0.631,0.197,0.254,0.351,0.301,0.312,0.523,0.582,0.257,0.26,0.767,0.174,0.291,0.251,0.205,0.39,0.085,0.418,0.491,0.356,"2000",FALSE,0,0,34,FALSE
" 11","Chris Anstey","C",0.595,"CHI",0.89,0.134,0.285,0.156,0.168,0.589,0.002,0.007,0.167,0.166,0.202,0.447,0.493,0.153,0.151,0.789,0.172,0.189,0.183,0.056,0.118,0.066,0.172,0.485,0.155,"2000",FALSE,0,0,17,FALSE
" 12","Greg Anthony","PG",0.762,"POR",1,0.037,0.438,0.163,0.191,0.541,0.219,0.263,0.378,0.084,0.103,0.443,0.569,0.116,0.117,0.772,0.033,0.115,0.087,0.179,0.24,0.024,0.183,0.385,0.181,"2000",FALSE,0,0,59,FALSE
" 13","B.J. Armstrong","PG",0.762,"CHI",0.329,0.22,0.165,0.08,0.086,0.595,0.032,0.033,0.448,0.073,0.089,0.446,0.534,0.029,0.026,0.88,0.004,0.045,0.031,0.067,0.028,0.003,0.086,0.092,0.071,"2000",FALSE,0,0,17,FALSE
" 14","Darrell Armstrong","PG",0.738,"ORL",1,1,0.733,0.468,0.515,0.577,0.341,0.455,0.34,0.361,0.404,0.485,0.549,0.298,0.254,0.911,0.124,0.204,0.176,0.43,0.687,0.024,0.534,0.369,0.47,"2000",FALSE,0,0.001,41,TRUE
" 15","Chucky Atkins","PG",0.595,"ORL",1,0,0.46,0.304,0.341,0.565,0.142,0.184,0.35,0.267,0.326,0.445,0.513,0.128,0.137,0.729,0.038,0.105,0.082,0.263,0.211,0.008,0.306,0.369,0.276,"2000",FALSE,0,0,41,FALSE
" 16","Stacey Augmon","SG",0.738,"POR",0.72,0,0.196,0.08,0.081,0.632,0,0.002,0,0.086,0.098,0.48,0.527,0.049,0.057,0.673,0.08,0.073,0.076,0.046,0.11,0.029,0.082,0.186,0.072,"2000",FALSE,0,0,59,FALSE
" 17","Isaac Austin","C",0.714,"WAS",0.72,0.28,0.332,0.146,0.162,0.572,0.002,0.005,0.25,0.156,0.196,0.431,0.478,0.124,0.141,0.686,0.122,0.216,0.184,0.064,0.069,0.101,0.231,0.345,0.14,"2000",FALSE,0,0,29,FALSE
" 19","William Avery","PG",0.476,"MIN",0.72,0.012,0.137,0.054,0.083,0.412,0.045,0.071,0.286,0.04,0.067,0.322,0.399,0.032,0.037,0.667,0.015,0.032,0.026,0.076,0.057,0.005,0.091,0.162,0.054,"2000",FALSE,0,0,50,FALSE
" 20","Toby Bailey","SG",0.571,"PHO",0.561,0.024,0.127,0.056,0.064,0.552,0.005,0.011,0.2,0.058,0.073,0.431,0.468,0.06,0.067,0.692,0.05,0.046,0.047,0.026,0.053,0.011,0.052,0.148,0.058,"2000",FALSE,0,0,53,FALSE
" 21","Vin Baker","C",0.667,"SEA",0.963,0.915,0.806,0.497,0.52,0.607,0.005,0.009,0.25,0.533,0.632,0.457,0.507,0.372,0.424,0.682,0.434,0.375,0.395,0.127,0.191,0.176,0.459,0.776,0.463,"2000",FALSE,0,0,45,FALSE
" 22","Charles Barkley","PF",0.857,"HOU",0.244,0.22,0.175,0.103,0.102,0.636,0.015,0.029,0.231,0.104,0.111,0.51,0.546,0.094,0.113,0.645,0.136,0.137,0.137,0.054,0.057,0.011,0.095,0.129,0.102,"2000",FALSE,0,0,34,FALSE
" 23","Dana Barros","PG",0.762,"BOS",0.878,0,0.322,0.19,0.2,0.601,0.147,0.163,0.41,0.143,0.164,0.471,0.576,0.087,0.078,0.868,0.025,0.085,0.065,0.114,0.126,0.011,0.142,0.216,0.183,"2000",FALSE,0,0,35,FALSE
" 24","Brent Barry","SG",0.667,"SEA",0.976,0.902,0.772,0.316,0.325,0.617,0.408,0.45,0.411,0.17,0.174,0.529,0.643,0.168,0.162,0.809,0.096,0.32,0.243,0.25,0.419,0.082,0.306,0.615,0.334,"2000",FALSE,0,0,45,FALSE
" 26","Jon Barry","SG",0.714,"SAC",0.756,0.012,0.363,0.156,0.159,0.62,0.164,0.174,0.429,0.099,0.108,0.495,0.623,0.142,0.119,0.922,0.073,0.12,0.104,0.129,0.305,0.019,0.183,0.28,0.175,"2000",FALSE,0,0,44,FALSE
" 27","Tony Battie","C",0.548,"BOS",1,0.049,0.426,0.212,0.211,0.636,0.002,0.009,0.125,0.227,0.254,0.483,0.531,0.135,0.155,0.675,0.291,0.256,0.268,0.054,0.191,0.186,0.144,0.671,0.191,"2000",FALSE,0,0,35,FALSE
" 28","Jonathan Bender","SF",0.452,"IND",0.293,0.012,0.037,0.022,0.032,0.439,0.005,0.014,0.167,0.022,0.033,0.362,0.381,0.021,0.025,0.667,0.008,0.017,0.014,0.003,0.004,0.013,0.015,0.049,0.023,"2000",FALSE,0,0,56,FALSE
" 30","Corey Benjamin","SG",0.5,"CHI",0.585,0.122,0.244,0.14,0.161,0.552,0.077,0.1,0.348,0.119,0.147,0.437,0.51,0.065,0.084,0.598,0.04,0.067,0.058,0.046,0.126,0.059,0.159,0.329,0.131,"2000",FALSE,0,0,17,FALSE
" 32","Travis Best","PG",0.643,"IND",1,0,0.479,0.262,0.258,0.644,0.087,0.105,0.376,0.246,0.264,0.504,0.571,0.206,0.195,0.821,0.031,0.125,0.093,0.234,0.309,0.013,0.231,0.55,0.259,"2000",FALSE,0,0,56,FALSE
" 33","Mike Bibby","PG",0.5,"VAN",1,1,0.893,0.444,0.474,0.593,0.192,0.239,0.363,0.398,0.462,0.466,0.537,0.258,0.257,0.78,0.14,0.231,0.2,0.571,0.537,0.04,0.532,0.461,0.42,"2000",FALSE,0,0,22,FALSE
" 34","Chauncey Billups","SG",0.548,"DEN",0.159,0.061,0.086,0.033,0.046,0.449,0.017,0.046,0.171,0.028,0.034,0.45,0.412,0.049,0.045,0.841,0.015,0.026,0.022,0.034,0.041,0.005,0.052,0.073,0.04,"2000",FALSE,0,0,35,FALSE
" 35","Mookie Blaylock","PG",0.762,"GSW",0.89,0.878,0.696,0.316,0.385,0.521,0.251,0.34,0.336,0.235,0.302,0.422,0.501,0.089,0.098,0.705,0.105,0.214,0.176,0.42,0.593,0.059,0.308,0.329,0.29,"2000",FALSE,0,0,19,FALSE
" 36","Corie Blount","PF",0.738,"PHO",0.463,0.012,0.126,0.043,0.041,0.659,0,0.002,0,0.046,0.049,0.506,0.549,0.025,0.034,0.576,0.099,0.061,0.074,0.009,0.061,0.019,0.06,0.21,0.038,"2000",FALSE,0,0,53,FALSE
" 37","Muggsy Bogues","PG",0.833,"TOR",0.976,0.061,0.49,0.152,0.165,0.585,0.042,0.058,0.333,0.146,0.173,0.456,0.513,0.104,0.09,0.908,0.048,0.109,0.088,0.257,0.264,0.011,0.127,0.321,0.145,"2000",FALSE,0,0,45,FALSE
" 40","Lazaro Borrell","SF",0.643,"SEA",0.207,0.073,0.047,0.027,0.029,0.592,0,0.003,0,0.029,0.034,0.467,0.493,0.008,0.011,0.545,0.027,0.026,0.026,0.009,0.024,0.008,0.013,0.024,0.022,"2000",FALSE,0,0,45,FALSE
" 41","Cal Bowdler","SF",0.524,"ATL",0.561,0,0.12,0.047,0.053,0.568,0,0.001,0,0.051,0.064,0.43,0.473,0.032,0.039,0.632,0.042,0.063,0.056,0.012,0.057,0.024,0.045,0.124,0.043,"2000",FALSE,0,0,28,FALSE
" 43","Ryan Bowen","SF",0.571,"DEN",0.634,0,0.167,0.044,0.054,0.524,0.002,0.01,0.111,0.047,0.061,0.417,0.441,0.05,0.055,0.717,0.143,0.039,0.075,0.017,0.159,0.035,0.03,0.256,0.046,"2000",FALSE,0,0,35,FALSE
" 46","Shawn Bradley","C",0.643,"DAL",0.939,0.659,0.538,0.257,0.255,0.639,0.002,0.006,0.2,0.276,0.31,0.482,0.533,0.151,0.153,0.765,0.306,0.335,0.325,0.052,0.289,0.505,0.159,0.701,0.228,"2000",FALSE,0,0,40,FALSE
" 48","Elton Brand","PF",0.476,"CHI",0.988,0.976,0.849,0.609,0.601,0.643,0,0.002,0,0.656,0.735,0.483,0.536,0.485,0.551,0.685,0.665,0.459,0.529,0.133,0.268,0.351,0.491,0.698,0.575,"2000",FALSE,0,0,17,FALSE
" 49","Terrell Brandon","PG",0.69,"MIN",0.866,0.866,0.732,0.47,0.48,0.621,0.132,0.149,0.402,0.451,0.513,0.476,0.547,0.247,0.214,0.899,0.084,0.193,0.156,0.54,0.545,0.08,0.397,0.426,0.428,"2000",FALSE,0,0,50,FALSE
" 51","Dee Brown","PG",0.738,"TOR",0.463,0.146,0.19,0.09,0.119,0.48,0.167,0.211,0.358,0.027,0.04,0.366,0.544,0.015,0.016,0.688,0.017,0.045,0.035,0.074,0.098,0.013,0.084,0.167,0.093,"2000",FALSE,0,0,45,FALSE
" 52","Marcus Brown","SG",0.595,"DET",0.073,0,0.013,0.004,0.006,0.381,0,0.008,0,0.004,0.004,0.571,0.318,0.003,0.002,1,0.006,0.004,0.005,0.003,0,0,0.006,0.022,0.004,"2000",FALSE,0,0,42,FALSE
" 53","P.J. Brown","PF",0.714,"MIA",0.976,0.976,0.652,0.311,0.309,0.64,0,0.001,0,0.335,0.378,0.481,0.533,0.159,0.164,0.755,0.413,0.381,0.392,0.125,0.264,0.162,0.216,0.712,0.27,"2000",FALSE,0,0,52,FALSE
" 54","Randy Brown","PG",0.738,"CHI",0.72,0.671,0.46,0.152,0.2,0.481,0.007,0.007,0.5,0.16,0.242,0.359,0.404,0.082,0.086,0.738,0.044,0.12,0.094,0.174,0.248,0.04,0.226,0.323,0.134,"2000",FALSE,0,0,17,FALSE
" 55","Rick Brunson","PG",0.643,"NYK",0.451,0,0.082,0.028,0.032,0.552,0.005,0.015,0.154,0.028,0.032,0.474,0.477,0.015,0.019,0.611,0.006,0.024,0.018,0.042,0.037,0.003,0.067,0.094,0.025,"2000",FALSE,0,0,50,FALSE
" 56","Kobe Bryant","SG",0.5,"LAL",0.805,0.756,0.714,0.536,0.544,0.624,0.114,0.163,0.319,0.529,0.586,0.489,0.542,0.438,0.415,0.821,0.207,0.306,0.272,0.277,0.431,0.165,0.392,0.593,0.524,"2000",FALSE,0,0.002,67,TRUE
" 58","Greg Buckner","SG",0.548,"DAL",0.585,0.012,0.261,0.107,0.107,0.635,0.025,0.029,0.385,0.105,0.117,0.488,0.553,0.057,0.065,0.683,0.107,0.117,0.114,0.047,0.154,0.053,0.078,0.399,0.097,"2000",FALSE,0,0,40,FALSE
" 59","Jud Buechler","SF",0.738,"DET",0.707,0.061,0.186,0.053,0.072,0.471,0.045,0.094,0.217,0.039,0.041,0.507,0.456,0.003,0.007,0.286,0.057,0.061,0.059,0.028,0.102,0.043,0.028,0.135,0.046,"2000",FALSE,0,0,42,FALSE
" 60","Rodney Buford","SG",0.524,"MIA",0.415,0,0.109,0.06,0.069,0.548,0.017,0.033,0.241,0.057,0.069,0.451,0.482,0.021,0.023,0.727,0.019,0.038,0.031,0.018,0.041,0.021,0.019,0.119,0.052,"2000",FALSE,0,0,52,FALSE
" 61","Matt Bullard","PF",0.762,"HOU",0.683,0.329,0.29,0.134,0.156,0.545,0.197,0.2,0.446,0.062,0.092,0.368,0.583,0.033,0.031,0.833,0.025,0.124,0.09,0.054,0.077,0.035,0.078,0.229,0.135,"2000",FALSE,0,0,34,FALSE
" 62","Scott Burrell","SF",0.69,"NJN",0.902,0.11,0.378,0.16,0.193,0.525,0.204,0.262,0.353,0.086,0.105,0.444,0.547,0.052,0.051,0.78,0.124,0.19,0.167,0.062,0.272,0.117,0.082,0.466,0.159,"2000",FALSE,0,0,31,FALSE
" 63","Jason Caffey","PF",0.619,"GSW",0.866,0.683,0.611,0.312,0.311,0.639,0,0.002,0,0.336,0.38,0.48,0.532,0.272,0.355,0.597,0.361,0.291,0.315,0.102,0.252,0.053,0.366,0.725,0.301,"2000",FALSE,0,0,19,FALSE
" 65","Marcus Camby","C",0.595,"NYK",0.72,0.134,0.438,0.219,0.217,0.64,0.002,0.002,0.5,0.234,0.265,0.48,0.534,0.196,0.227,0.67,0.333,0.285,0.301,0.042,0.175,0.309,0.155,0.55,0.212,"2000",FALSE,0,0,50,FALSE
" 66","Elden Campbell","C",0.738,"CHH",0.951,0.939,0.718,0.358,0.382,0.595,0,0.007,0,0.385,0.464,0.45,0.496,0.327,0.368,0.69,0.321,0.419,0.386,0.111,0.228,0.399,0.274,0.725,0.349,"2000",FALSE,0,0,49,FALSE
" 69","Anthony Carter","PG",0.571,"MIA",0.963,0.366,0.526,0.194,0.234,0.527,0.007,0.026,0.13,0.206,0.274,0.407,0.442,0.123,0.128,0.75,0.092,0.15,0.13,0.325,0.378,0.013,0.373,0.45,0.176,"2000",FALSE,0,0,52,FALSE
" 70","Vince Carter","SF",0.548,"TOR",1,1,0.885,0.762,0.78,0.62,0.236,0.266,0.403,0.721,0.823,0.475,0.548,0.577,0.567,0.791,0.287,0.324,0.311,0.277,0.447,0.245,0.384,0.709,0.744,"2000",FALSE,0,0.042,45,TRUE
" 71","Sam Cassell","PG",0.714,"MIL",0.988,0.988,0.821,0.527,0.538,0.621,0.065,0.102,0.289,0.54,0.609,0.481,0.53,0.516,0.458,0.876,0.132,0.23,0.197,0.626,0.415,0.021,0.575,0.687,0.532,"2000",FALSE,0,0,42,FALSE
" 72","Kelvin Cato","C",0.595,"HOU",0.793,0.39,0.447,0.209,0.185,0.716,0,0.005,0,0.225,0.224,0.543,0.597,0.179,0.214,0.649,0.195,0.285,0.254,0.022,0.134,0.33,0.153,0.472,0.2,"2000",FALSE,0,0,34,FALSE
" 74","Cedric Ceballos","SF",0.714,"DAL",0.841,0.305,0.584,0.432,0.461,0.595,0.109,0.151,0.328,0.419,0.49,0.464,0.52,0.276,0.255,0.843,0.329,0.288,0.302,0.077,0.228,0.064,0.269,0.445,0.405,"2000",FALSE,0,0,40,FALSE
" 75","John Celestand","PG",0.524,"LAL",0.195,0,0.052,0.015,0.021,0.444,0.005,0.01,0.222,0.014,0.02,0.361,0.396,0.007,0.006,0.833,0.002,0.01,0.007,0.017,0.028,0,0.034,0.059,0.013,"2000",FALSE,0,0,67,FALSE
" 76","Rex Chapman","SG",0.762,"PHO",0.646,0.232,0.271,0.12,0.147,0.517,0.102,0.139,0.333,0.086,0.111,0.421,0.502,0.078,0.08,0.756,0.019,0.07,0.052,0.053,0.089,0.003,0.082,0.189,0.123,"2000",FALSE,0,0,53,FALSE
" 77","Calbert Cheaney","SG",0.667,"BOS",0.817,0.232,0.371,0.116,0.126,0.587,0.045,0.061,0.333,0.106,0.124,0.466,0.526,0.012,0.022,0.429,0.044,0.114,0.09,0.069,0.179,0.037,0.099,0.426,0.094,"2000",FALSE,0,0,35,FALSE
" 79","Chris Childs","PG",0.762,"NYK",0.866,0.024,0.474,0.141,0.164,0.545,0.092,0.117,0.356,0.113,0.143,0.431,0.512,0.062,0.061,0.797,0.033,0.129,0.096,0.245,0.146,0.011,0.226,0.647,0.133,"2000",FALSE,0,0,50,FALSE
" 80","Doug Christie","SG",0.69,"TOR",0.89,0.89,0.641,0.301,0.352,0.543,0.246,0.31,0.36,0.221,0.276,0.434,0.524,0.241,0.222,0.843,0.12,0.22,0.186,0.276,0.415,0.114,0.31,0.45,0.319,"2000",FALSE,0,0,45,FALSE
" 81","Keon Clark","C",0.571,"DEN",0.988,0.244,0.524,0.277,0.243,0.723,0.002,0.009,0.125,0.297,0.293,0.548,0.603,0.16,0.181,0.688,0.31,0.341,0.33,0.061,0.183,0.303,0.269,0.623,0.245,"2000",FALSE,0,0,35,FALSE
" 82","Keith Closs","C",0.548,"LAC",0.695,0.073,0.232,0.093,0.091,0.649,0,0.003,0,0.1,0.109,0.495,0.541,0.061,0.08,0.59,0.124,0.113,0.117,0.021,0.053,0.194,0.073,0.216,0.084,"2000",FALSE,0,0,15,FALSE
" 83","Derrick Coleman","PF",0.762,"CHH",0.902,0.78,0.664,0.431,0.451,0.608,0.127,0.159,0.362,0.411,0.473,0.471,0.536,0.392,0.388,0.785,0.237,0.504,0.413,0.15,0.138,0.346,0.373,0.526,0.438,"2000",FALSE,0,0,49,FALSE
" 84","Bimbo Coles","PG",0.738,"ATL",0.976,0.659,0.545,0.267,0.279,0.607,0.02,0.044,0.205,0.279,0.32,0.472,0.512,0.112,0.107,0.817,0.057,0.141,0.112,0.249,0.236,0.029,0.222,0.48,0.228,"2000",FALSE,0,0,28,FALSE
" 86","Tyrone Corbin","SF",0.881,"SAC",0.659,0.061,0.266,0.085,0.114,0.475,0.025,0.05,0.227,0.081,0.114,0.384,0.419,0.044,0.04,0.846,0.076,0.124,0.108,0.052,0.146,0.013,0.062,0.267,0.077,"2000",FALSE,0,0,44,FALSE
" 87","Chris Crawford","PF",0.571,"ATL",0.671,0.134,0.189,0.088,0.105,0.529,0.017,0.03,0.259,0.087,0.114,0.416,0.459,0.083,0.083,0.778,0.098,0.048,0.065,0.028,0.069,0.043,0.08,0.224,0.089,"2000",FALSE,0,0,28,FALSE
" 88","Austin Croshere","PF",0.571,"IND",0.988,0.171,0.534,0.279,0.301,0.588,0.157,0.196,0.362,0.234,0.27,0.47,0.543,0.259,0.238,0.848,0.258,0.378,0.337,0.076,0.179,0.16,0.261,0.547,0.295,"2000",FALSE,0,0,56,FALSE
" 89","John Crotty","PG",0.714,"DET",0.841,0,0.265,0.103,0.116,0.563,0.082,0.09,0.413,0.076,0.096,0.427,0.542,0.106,0.096,0.86,0.033,0.058,0.049,0.11,0.11,0.013,0.116,0.28,0.115,"2000",FALSE,0,0,42,FALSE
" 91","Vonteego Cummings","PG",0.548,"GSW",0.915,0.134,0.508,0.256,0.301,0.54,0.122,0.17,0.325,0.225,0.284,0.429,0.491,0.168,0.174,0.751,0.109,0.126,0.12,0.212,0.37,0.035,0.284,0.469,0.249,"2000",FALSE,0,0,19,FALSE
" 93","Dell Curry","SG",0.833,"TOR",0.817,0.11,0.31,0.188,0.209,0.569,0.236,0.273,0.393,0.103,0.12,0.467,0.591,0.032,0.033,0.75,0.021,0.088,0.065,0.076,0.13,0.024,0.086,0.178,0.179,"2000",FALSE,0,0,45,FALSE
" 94","Michael Curry","SG",0.738,"DET",1,0.037,0.456,0.176,0.174,0.64,0.002,0.006,0.2,0.188,0.211,0.484,0.536,0.187,0.173,0.839,0.04,0.082,0.068,0.075,0.134,0.013,0.157,0.563,0.179,"2000",FALSE,0,0,42,FALSE
" 96","Antonio Daniels","SG",0.571,"SAS",0.829,0.012,0.338,0.158,0.158,0.632,0.055,0.074,0.333,0.147,0.157,0.507,0.562,0.095,0.104,0.713,0.031,0.07,0.056,0.152,0.224,0.013,0.125,0.197,0.148,"2000",FALSE,0,0,53,FALSE
" 99","Baron Davis","PG",0.476,"CHH",1,0,0.431,0.176,0.199,0.56,0.062,0.125,0.225,0.163,0.182,0.488,0.499,0.128,0.157,0.634,0.092,0.116,0.108,0.265,0.394,0.051,0.302,0.542,0.172,"2000",FALSE,0,0,49,FALSE
"102","Emanual Davis","PG",0.738,"SEA",0.659,0.024,0.198,0.077,0.101,0.485,0.077,0.116,0.301,0.051,0.066,0.419,0.482,0.034,0.039,0.684,0.029,0.084,0.065,0.06,0.154,0.013,0.095,0.194,0.077,"2000",FALSE,0,0,45,FALSE
"103","Hubert Davis","PG",0.69,"DAL",0.963,0.183,0.514,0.21,0.214,0.624,0.204,0.188,0.491,0.14,0.168,0.455,0.618,0.089,0.079,0.87,0.033,0.116,0.088,0.121,0.098,0.008,0.151,0.294,0.206,"2000",FALSE,0,0,40,FALSE
"104","Mark Davis","SF",0.619,"GSW",0.28,0.085,0.131,0.054,0.063,0.545,0,0.002,0,0.058,0.076,0.415,0.454,0.041,0.048,0.66,0.059,0.053,0.055,0.033,0.102,0.011,0.086,0.14,0.05,"2000",FALSE,0,0,19,FALSE
"105","Ricky Davis","SG",0.476,"CHH",0.585,0.049,0.161,0.091,0.086,0.671,0,0.005,0,0.098,0.103,0.514,0.559,0.052,0.052,0.765,0.055,0.054,0.054,0.053,0.122,0.021,0.099,0.105,0.08,"2000",FALSE,0,0,49,FALSE
"106","Todd Day","SG",0.714,"PHO",0.707,0.012,0.266,0.126,0.152,0.525,0.159,0.186,0.388,0.069,0.093,0.4,0.546,0.095,0.111,0.667,0.059,0.097,0.084,0.056,0.179,0.059,0.108,0.342,0.14,"2000",FALSE,0,0,53,FALSE
"108","Vinny Del Negro","PG",0.786,"MIL",0.817,0,0.343,0.148,0.15,0.628,0.02,0.027,0.333,0.151,0.17,0.482,0.537,0.046,0.04,0.897,0.017,0.097,0.07,0.137,0.146,0,0.103,0.218,0.123,"2000",FALSE,0,0,42,FALSE
"109","Tony Delk","PG",0.619,"SAC",0.561,0.012,0.193,0.116,0.128,0.573,0.022,0.045,0.225,0.116,0.135,0.464,0.496,0.062,0.061,0.797,0.069,0.052,0.058,0.047,0.142,0.013,0.069,0.156,0.105,"2000",FALSE,0,0,44,FALSE
"110","Derrick Dial","SG",0.571,"SAS",0.098,0,0.027,0.016,0.021,0.493,0.007,0.014,0.25,0.015,0.019,0.412,0.447,0.004,0.005,0.6,0.027,0.012,0.017,0.004,0.004,0.003,0.013,0.027,0.014,"2000",FALSE,0,0,53,FALSE
"111","Michael Dickerson","SG",0.571,"VAN",1,1,0.878,0.536,0.584,0.581,0.296,0.328,0.409,0.453,0.552,0.444,0.537,0.356,0.333,0.83,0.149,0.2,0.182,0.179,0.472,0.12,0.356,0.609,0.528,"2000",FALSE,0,0,22,FALSE
"112","Vlade Divac","C",0.738,"SAC",1,0.988,0.672,0.371,0.352,0.671,0.017,0.029,0.269,0.392,0.416,0.511,0.563,0.304,0.343,0.691,0.333,0.479,0.429,0.21,0.419,0.274,0.409,0.677,0.355,"2000",FALSE,0,0,44,FALSE
"113","Michael Doleac","C",0.524,"ORL",0.988,0.354,0.378,0.234,0.246,0.603,0.002,0.002,0.5,0.251,0.301,0.452,0.503,0.106,0.098,0.842,0.17,0.243,0.218,0.054,0.118,0.09,0.14,0.604,0.2,"2000",FALSE,0,0,41,FALSE
"114","Sherman Douglas","PG",0.786,"NJN",0.244,0.024,0.087,0.044,0.041,0.667,0.012,0.018,0.313,0.042,0.042,0.541,0.587,0.033,0.029,0.893,0.025,0.016,0.019,0.029,0.069,0,0.052,0.07,0.042,"2000",FALSE,0,0,31,FALSE
"115","Bryce Drew","PG",0.595,"HOU",0.878,0.061,0.366,0.153,0.19,0.511,0.147,0.184,0.362,0.103,0.141,0.396,0.504,0.06,0.055,0.849,0.044,0.079,0.067,0.139,0.167,0.003,0.142,0.213,0.148,"2000",FALSE,0,0,34,FALSE
"117","Tim Duncan","PF",0.548,"SAS",0.902,0.902,0.814,0.607,0.59,0.653,0.002,0.012,0.091,0.652,0.716,0.494,0.546,0.607,0.62,0.761,0.501,0.651,0.6,0.201,0.268,0.439,0.522,0.566,0.606,"2000",FALSE,0,0.205,53,TRUE
"118","Howard Eisley","PG",0.643,"UTA",1,0.061,0.593,0.273,0.311,0.557,0.149,0.184,0.368,0.231,0.289,0.434,0.513,0.111,0.105,0.824,0.044,0.146,0.111,0.298,0.24,0.024,0.284,0.601,0.25,"2000",FALSE,0,0,55,FALSE
"120","Mario Elie","SF",0.857,"SAS",0.963,0.963,0.628,0.189,0.21,0.569,0.184,0.21,0.398,0.126,0.153,0.446,0.564,0.167,0.153,0.846,0.092,0.2,0.163,0.166,0.297,0.024,0.28,0.42,0.208,"2000",FALSE,0,0,53,FALSE
"121","Sean Elliott","SF",0.738,"SAS",0.232,0.232,0.111,0.037,0.049,0.477,0.032,0.042,0.351,0.026,0.039,0.362,0.467,0.033,0.033,0.781,0.011,0.041,0.031,0.024,0.049,0.005,0.041,0.092,0.04,"2000",FALSE,0,0,53,FALSE
"123","LaPhonso Ellis","PF",0.69,"ATL",0.707,0.098,0.371,0.202,0.214,0.6,0.007,0.024,0.143,0.214,0.25,0.465,0.504,0.087,0.098,0.695,0.187,0.191,0.19,0.051,0.13,0.066,0.112,0.358,0.172,"2000",FALSE,0,0,28,FALSE
"126","Patrick Ewing","C",0.881,"NYK",0.756,0.756,0.576,0.349,0.357,0.621,0,0.002,0,0.376,0.436,0.467,0.518,0.274,0.291,0.731,0.268,0.461,0.395,0.05,0.146,0.223,0.306,0.528,0.328,"2000",FALSE,0,0,50,FALSE
"127","Tony Farmer","PF",0.714,"GSW",0.902,0.11,0.339,0.123,0.144,0.543,0.02,0.05,0.182,0.124,0.151,0.444,0.467,0.269,0.273,0.766,0.226,0.176,0.193,0.064,0.268,0.043,0.177,0.45,0.164,"2000",FALSE,0,0,19,FALSE
"128","Jamie Feick","C",0.595,"NJN",0.988,0.207,0.634,0.175,0.195,0.571,0.007,0.003,1,0.185,0.237,0.424,0.479,0.124,0.137,0.707,0.505,0.488,0.493,0.058,0.175,0.101,0.127,0.555,0.162,"2000",FALSE,0,0,31,FALSE
"129","Danny Ferry","PF",0.786,"CLE",0.768,0.037,0.375,0.183,0.175,0.663,0.082,0.085,0.44,0.162,0.172,0.511,0.601,0.069,0.059,0.912,0.105,0.182,0.156,0.058,0.089,0.064,0.119,0.488,0.163,"2000",FALSE,0,0,32,FALSE
"130","Michael Finley","SF",0.619,"DAL",1,1,0.98,0.723,0.753,0.609,0.246,0.279,0.401,0.675,0.783,0.467,0.541,0.344,0.326,0.82,0.233,0.393,0.339,0.376,0.443,0.085,0.422,0.461,0.655,"2000",FALSE,0,0.001,40,TRUE
"131","Derek Fisher","PG",0.595,"LAL",0.951,0.268,0.51,0.162,0.222,0.461,0.129,0.187,0.313,0.12,0.179,0.363,0.444,0.139,0.149,0.724,0.042,0.12,0.093,0.186,0.325,0.008,0.162,0.404,0.173,"2000",FALSE,0,0,67,FALSE
"133","Greg Foster","PF",0.738,"SEA",0.732,0.061,0.203,0.088,0.103,0.541,0.007,0.017,0.2,0.092,0.118,0.421,0.459,0.024,0.029,0.643,0.031,0.09,0.07,0.035,0.041,0.048,0.06,0.283,0.072,"2000",FALSE,0,0,45,FALSE
"134","Jeff Foster","C",0.548,"IND",0.232,0,0.024,0.013,0.011,0.753,0,0.001,0,0.014,0.012,0.591,0.628,0.022,0.026,0.68,0.023,0.02,0.021,0.004,0.02,0.003,0.004,0.049,0.015,"2000",FALSE,0,0,56,FALSE
"135","Rick Fox","SF",0.714,"LAL",1,0.012,0.417,0.199,0.229,0.552,0.147,0.204,0.326,0.153,0.179,0.464,0.526,0.083,0.08,0.808,0.12,0.134,0.129,0.119,0.211,0.069,0.188,0.547,0.189,"2000",FALSE,0,0,67,FALSE
"137","Steve Francis","PG",0.524,"HOU",0.939,0.939,0.786,0.481,0.514,0.593,0.266,0.35,0.345,0.406,0.455,0.483,0.548,0.38,0.376,0.786,0.291,0.255,0.267,0.436,0.48,0.077,0.659,0.623,0.49,"2000",FALSE,0,0,34,FALSE
"139","Lawrence Funderburke","PF",0.69,"SAC",0.915,0.012,0.29,0.178,0.162,0.697,0,0.002,0,0.191,0.197,0.526,0.581,0.152,0.168,0.706,0.187,0.135,0.153,0.028,0.13,0.053,0.086,0.245,0.171,"2000",FALSE,0,0,44,FALSE
"140","Kevin Garnett","PF",0.548,"MIN",0.988,0.988,0.918,0.734,0.702,0.663,0.075,0.091,0.37,0.759,0.815,0.504,0.563,0.409,0.416,0.765,0.426,0.728,0.625,0.345,0.488,0.335,0.578,0.553,0.656,"2000",FALSE,0,0.337,50,TRUE
"143","Pat Garrity","SF",0.548,"ORL",1,0.012,0.419,0.25,0.269,0.588,0.197,0.222,0.401,0.186,0.219,0.461,0.566,0.106,0.114,0.721,0.084,0.165,0.137,0.05,0.126,0.051,0.183,0.531,0.238,"2000",FALSE,0,0,41,FALSE
"145","Matt Geiger","C",0.714,"PHI",0.793,0.244,0.398,0.251,0.271,0.588,0,0.005,0,0.271,0.33,0.444,0.49,0.144,0.144,0.779,0.294,0.231,0.253,0.034,0.118,0.059,0.196,0.523,0.222,"2000",FALSE,0,0,49,FALSE
"146","Devean George","SF",0.524,"LAL",0.598,0.012,0.098,0.054,0.066,0.519,0.04,0.053,0.34,0.042,0.055,0.412,0.493,0.036,0.042,0.659,0.055,0.046,0.049,0.01,0.041,0.011,0.045,0.146,0.055,"2000",FALSE,0,0,67,FALSE
"147","Kendall Gill","SF",0.738,"NJN",0.927,0.915,0.667,0.383,0.44,0.552,0.05,0.088,0.256,0.391,0.495,0.428,0.472,0.239,0.262,0.71,0.157,0.2,0.185,0.18,0.565,0.109,0.192,0.569,0.351,"2000",FALSE,0,0,31,FALSE
"148","Armen Gilliam","PF",0.833,"UTA",0.61,0,0.221,0.129,0.14,0.581,0,0.001,0,0.138,0.171,0.438,0.484,0.089,0.088,0.779,0.138,0.136,0.137,0.036,0.049,0.043,0.119,0.224,0.118,"2000",FALSE,0,0,55,FALSE
"149","Dion Glover","SG",0.5,"ATL",0.366,0.012,0.126,0.064,0.079,0.515,0.03,0.051,0.267,0.056,0.071,0.429,0.468,0.067,0.072,0.729,0.029,0.023,0.025,0.023,0.061,0.011,0.06,0.075,0.069,"2000",FALSE,0,0,28,FALSE
"150","Brian Grant","PF",0.643,"POR",0.768,0.171,0.374,0.167,0.162,0.655,0.002,0.002,0.5,0.179,0.197,0.491,0.548,0.148,0.171,0.675,0.231,0.221,0.225,0.055,0.13,0.074,0.181,0.447,0.162,"2000",FALSE,0,0,59,FALSE
"152","Horace Grant","PF",0.81,"SEA",0.927,0.927,0.761,0.257,0.276,0.592,0,0.005,0,0.277,0.336,0.447,0.493,0.106,0.114,0.721,0.319,0.421,0.386,0.162,0.224,0.16,0.131,0.518,0.216,"2000",FALSE,0,0,45,FALSE
"154","A.C. Green","PF",0.857,"LAL",1,1,0.546,0.167,0.178,0.596,0.002,0.005,0.25,0.179,0.216,0.449,0.498,0.087,0.098,0.695,0.306,0.324,0.318,0.069,0.215,0.048,0.114,0.342,0.146,"2000",FALSE,0,0,67,FALSE
"155","Adrian Griffin","SG",0.595,"BOS",0.878,0.573,0.545,0.169,0.19,0.565,0.04,0.064,0.281,0.165,0.201,0.447,0.492,0.157,0.163,0.753,0.245,0.242,0.243,0.152,0.472,0.04,0.2,0.598,0.171,"2000",FALSE,0,0,35,FALSE
"156","Tom Gugliotta","PF",0.714,"PHO",0.659,0.659,0.5,0.3,0.297,0.641,0.002,0.009,0.125,0.322,0.359,0.485,0.534,0.155,0.155,0.775,0.27,0.282,0.278,0.107,0.325,0.082,0.228,0.41,0.261,"2000",FALSE,0,0,53,FALSE
"157","Darvin Ham","SF",0.619,"MIL",0.427,0.256,0.224,0.069,0.059,0.74,0,0.001,0,0.074,0.072,0.559,0.617,0.046,0.08,0.449,0.163,0.086,0.112,0.036,0.118,0.077,0.062,0.275,0.062,"2000",FALSE,0,0,42,FALSE
"158","Richard Hamilton","SG",0.5,"WAS",0.866,0.146,0.389,0.246,0.278,0.56,0.07,0.087,0.364,0.235,0.298,0.428,0.492,0.136,0.137,0.774,0.073,0.09,0.084,0.093,0.114,0.016,0.181,0.383,0.226,"2000",FALSE,0,0,29,FALSE
"161","Anfernee Hardaway","SG",0.667,"PHO",0.732,0.732,0.638,0.366,0.367,0.632,0.082,0.115,0.324,0.359,0.393,0.496,0.549,0.299,0.294,0.79,0.174,0.254,0.227,0.271,0.382,0.101,0.33,0.442,0.358,"2000",FALSE,0,0,53,FALSE
"162","Tim Hardaway","PG",0.786,"MIA",0.634,0.634,0.473,0.238,0.294,0.515,0.234,0.289,0.367,0.158,0.215,0.398,0.51,0.146,0.137,0.827,0.048,0.124,0.098,0.331,0.199,0.011,0.256,0.302,0.246,"2000",FALSE,0,0,52,FALSE
"163","Ron Harper","PG",0.857,"LAL",0.976,0.951,0.578,0.205,0.244,0.532,0.082,0.12,0.311,0.186,0.24,0.421,0.478,0.132,0.151,0.68,0.184,0.239,0.22,0.232,0.346,0.104,0.284,0.442,0.197,"2000",FALSE,0,0,67,FALSE
"164","Matt Harpring","SF",0.548,"ORL",0.049,0,0.018,0.004,0.008,0.313,0.005,0.002,1,0.002,0.008,0.133,0.327,0.008,0.007,0.857,0.01,0.007,0.008,0.007,0.02,0.003,0.002,0.019,0.006,"2000",FALSE,0,0,41,FALSE
"165","Al Harrington","PF",0.452,"IND",0.61,0,0.242,0.117,0.121,0.611,0.02,0.038,0.235,0.118,0.13,0.491,0.526,0.103,0.114,0.703,0.09,0.111,0.104,0.033,0.102,0.024,0.14,0.35,0.116,"2000",FALSE,0,0,56,FALSE
"166","Othella Harrington","PF",0.619,"VAN",1,1,0.758,0.406,0.382,0.675,0,0.002,0,0.437,0.467,0.507,0.562,0.312,0.307,0.792,0.375,0.364,0.368,0.083,0.146,0.154,0.468,0.774,0.38,"2000",FALSE,0,0,22,FALSE
"167","Lucious Harris","SG",0.69,"NJN",0.939,0.134,0.427,0.191,0.213,0.571,0.095,0.13,0.33,0.166,0.196,0.46,0.521,0.104,0.102,0.798,0.101,0.133,0.122,0.086,0.264,0.016,0.091,0.264,0.181,"2000",FALSE,0,0,31,FALSE
"169","Hersey Hawkins","SG",0.786,"CHI",0.744,0.598,0.459,0.154,0.173,0.565,0.137,0.159,0.39,0.108,0.132,0.444,0.552,0.142,0.122,0.899,0.059,0.143,0.114,0.115,0.301,0.04,0.216,0.394,0.169,"2000",FALSE,0,0,17,FALSE
"170","Michael Hawkins","PG",0.643,"CHH",0.146,0,0.01,0.003,0.006,0.308,0.002,0.006,0.2,0.002,0.005,0.25,0.299,0.001,0.002,0.5,0,0.007,0.005,0.011,0,0,0.006,0.005,0.003,"2000",FALSE,0,0,49,FALSE
"171","Alan Henderson","PF",0.643,"ATL",1,1,0.785,0.415,0.428,0.615,0.002,0.011,0.1,0.445,0.519,0.465,0.513,0.296,0.344,0.671,0.507,0.304,0.373,0.066,0.329,0.144,0.3,0.628,0.382,"2000",FALSE,0,0,28,FALSE
"172","Cedric Henderson","SF",0.571,"CLE",0.744,0.085,0.313,0.125,0.15,0.528,0.002,0.017,0.067,0.133,0.175,0.412,0.441,0.091,0.107,0.663,0.065,0.105,0.092,0.047,0.159,0.045,0.147,0.267,0.116,"2000",FALSE,0,0,32,FALSE
"174","Chris Herren","PG",0.571,"DEN",0.549,0.012,0.169,0.044,0.057,0.484,0.06,0.076,0.358,0.022,0.032,0.368,0.511,0.036,0.041,0.675,0.023,0.04,0.034,0.095,0.061,0.005,0.091,0.199,0.05,"2000",FALSE,0,0,35,FALSE
"175","Grant Hill","SF",0.643,"DET",0.902,0.902,0.786,0.673,0.654,0.652,0.085,0.111,0.347,0.689,0.747,0.5,0.557,0.635,0.621,0.795,0.185,0.39,0.32,0.331,0.419,0.114,0.517,0.512,0.673,"2000",FALSE,0,0.093,42,TRUE
"176","Tyrone Hill","PF",0.738,"PHI",0.829,0.793,0.61,0.308,0.302,0.647,0,0.001,0,0.331,0.369,0.485,0.539,0.237,0.266,0.691,0.421,0.402,0.408,0.045,0.26,0.072,0.267,0.655,0.288,"2000",FALSE,0,0,49,FALSE
"177","Fred Hoiberg","SG",0.643,"CHI",0.378,0.134,0.239,0.086,0.106,0.516,0.08,0.106,0.34,0.059,0.077,0.419,0.508,0.091,0.078,0.908,0.013,0.102,0.072,0.073,0.163,0.005,0.093,0.178,0.099,"2000",FALSE,0,0,17,FALSE
"179","Jeff Hornacek","SG",0.857,"UTA",0.939,0.939,0.604,0.346,0.335,0.656,0.164,0.156,0.478,0.304,0.333,0.495,0.597,0.226,0.185,0.95,0.094,0.132,0.119,0.174,0.268,0.043,0.244,0.402,0.337,"2000",FALSE,0,0,55,FALSE
"180","Robert Horry","PF",0.69,"LAL",0.927,0,0.477,0.154,0.167,0.584,0.072,0.106,0.309,0.135,0.152,0.483,0.531,0.118,0.116,0.788,0.254,0.226,0.236,0.101,0.341,0.213,0.157,0.509,0.154,"2000",FALSE,0,0,67,FALSE
"181","Allan Houston","SG",0.667,"NYK",1,1,0.897,0.594,0.585,0.644,0.264,0.274,0.436,0.529,0.58,0.494,0.583,0.37,0.344,0.838,0.073,0.231,0.177,0.192,0.264,0.037,0.401,0.59,0.57,"2000",FALSE,0,0,50,FALSE
"182","Juwan Howard","PF",0.619,"WAS",1,1,0.823,0.492,0.51,0.612,0,0.008,0,0.53,0.621,0.462,0.51,0.267,0.283,0.735,0.252,0.336,0.307,0.212,0.272,0.056,0.485,0.806,0.431,"2000",FALSE,0,0,29,FALSE
"183","Troy Hudson","PG",0.548,"LAC",0.756,0.463,0.451,0.197,0.249,0.503,0.149,0.218,0.311,0.15,0.196,0.414,0.481,0.102,0.098,0.811,0.054,0.119,0.097,0.208,0.175,0,0.233,0.175,0.192,"2000",FALSE,0,0,15,FALSE
"185","Rick Hughes","PF",0.619,"DAL",0.256,0,0.063,0.034,0.033,0.648,0,0.001,0,0.036,0.04,0.493,0.54,0.016,0.027,0.462,0.046,0.025,0.032,0.008,0.012,0.003,0.03,0.081,0.029,"2000",FALSE,0,0,40,FALSE
"186","Lindsey Hunter","PG",0.69,"DET",1,1,0.826,0.367,0.41,0.567,0.418,0.439,0.432,0.22,0.284,0.419,0.577,0.155,0.158,0.76,0.067,0.214,0.163,0.281,0.524,0.059,0.312,0.582,0.368,"2000",FALSE,0,0,42,FALSE
"187","Allen Iverson","SG",0.571,"PHI",0.854,0.854,0.808,0.705,0.798,0.561,0.221,0.295,0.341,0.666,0.83,0.435,0.496,0.585,0.638,0.713,0.136,0.195,0.175,0.282,0.585,0.013,0.496,0.437,0.702,"2000",FALSE,1,0.109,49,TRUE
"188","Bobby Jackson","PG",0.619,"MIN",0.89,0.122,0.293,0.135,0.159,0.54,0.032,0.052,0.283,0.132,0.169,0.423,0.47,0.101,0.101,0.776,0.096,0.102,0.1,0.148,0.195,0.019,0.125,0.307,0.13,"2000",FALSE,0,0,50,FALSE
"189","Jaren Jackson","SG",0.762,"SAS",0.988,0.146,0.479,0.18,0.225,0.508,0.269,0.345,0.353,0.081,0.103,0.429,0.547,0.044,0.052,0.647,0.065,0.146,0.118,0.101,0.22,0.019,0.142,0.423,0.181,"2000",FALSE,0,0,53,FALSE
"190","Jermaine Jackson","SG",0.548,"DET",0.085,0,0.021,0.001,0.005,0.121,0,0.001,0,0.001,0.006,0.1,0.101,0.007,0.008,0.625,0.002,0.01,0.007,0.003,0.012,0,0.015,0.019,0.002,"2000",FALSE,0,0,42,FALSE
"191","Jim Jackson","SF",0.69,"ATL",0.963,0.927,0.783,0.49,0.568,0.548,0.291,0.342,0.386,0.406,0.526,0.418,0.509,0.246,0.218,0.877,0.193,0.291,0.258,0.198,0.232,0.027,0.399,0.45,0.465,"2000",FALSE,0,0,28,FALSE
"192","Mark Jackson","PG",0.81,"IND",0.988,0.988,0.62,0.238,0.262,0.576,0.221,0.249,0.403,0.163,0.197,0.45,0.567,0.104,0.101,0.806,0.12,0.231,0.193,0.558,0.309,0.027,0.375,0.299,0.233,"2000",FALSE,0,0,56,FALSE
"196","Antawn Jamison","SF",0.548,"GSW",0.524,0.5,0.44,0.344,0.348,0.628,0.005,0.008,0.286,0.368,0.422,0.473,0.524,0.168,0.214,0.611,0.329,0.186,0.235,0.077,0.122,0.04,0.244,0.31,0.297,"2000",FALSE,0,0,19,FALSE
"199","Avery Johnson","PG",0.81,"SAS",1,1,0.728,0.389,0.391,0.631,0.002,0.01,0.111,0.417,0.474,0.477,0.527,0.151,0.159,0.735,0.063,0.124,0.103,0.422,0.309,0.048,0.302,0.404,0.325,"2000",FALSE,0,0,53,FALSE
"201","Ervin Johnson","C",0.762,"MIL",0.976,0.902,0.603,0.139,0.128,0.688,0,0.001,0,0.15,0.157,0.518,0.573,0.126,0.162,0.605,0.446,0.412,0.424,0.038,0.329,0.338,0.172,0.803,0.135,"2000",FALSE,0,0,42,FALSE
"202","Kevin Johnson","PG",0.786,"PHO",0.073,0,0.032,0.015,0.013,0.761,0.002,0.001,1,0.016,0.015,0.556,0.654,0.009,0.007,1,0,0.016,0.01,0.021,0.008,0,0.015,0.016,0.014,"2000",FALSE,0,0,53,FALSE
"203","Larry Johnson","PF",0.714,"NYK",0.854,0.829,0.646,0.273,0.3,0.577,0.144,0.196,0.333,0.233,0.27,0.469,0.53,0.169,0.172,0.766,0.166,0.291,0.248,0.15,0.171,0.019,0.203,0.553,0.265,"2000",FALSE,0,0,50,FALSE
"204","Charles Jones","PG",0.571,"LAC",0.683,0,0.187,0.064,0.092,0.437,0.097,0.133,0.331,0.028,0.047,0.325,0.472,0.022,0.024,0.739,0.033,0.045,0.041,0.081,0.122,0.013,0.06,0.124,0.066,"2000",FALSE,0,0,15,FALSE
"206","Eddie Jones","SG",0.667,"CHH",0.878,0.878,0.795,0.462,0.515,0.569,0.318,0.385,0.375,0.364,0.439,0.45,0.538,0.479,0.431,0.864,0.155,0.26,0.224,0.262,0.78,0.13,0.345,0.474,0.511,"2000",FALSE,0,0,49,FALSE
"207","Jumaine Jones","SF",0.476,"PHI",0.402,0,0.039,0.021,0.027,0.505,0.005,0.005,0.5,0.021,0.03,0.37,0.441,0.015,0.019,0.611,0.031,0.022,0.025,0.004,0.024,0.013,0.03,0.027,0.02,"2000",FALSE,0,0,49,FALSE
"208","Popeye Jones","PF",0.69,"DEN",0.488,0.012,0.093,0.043,0.048,0.564,0.005,0.003,0.667,0.044,0.057,0.416,0.481,0.019,0.02,0.737,0.078,0.062,0.067,0.016,0.012,0.016,0.028,0.135,0.037,"2000",FALSE,0,0,35,FALSE
"209","Reggie Jordan","PG",0.762,"WAS",0.439,0,0.069,0.016,0.024,0.428,0,0.001,0,0.018,0.029,0.327,0.357,0.009,0.013,0.538,0.031,0.025,0.027,0.027,0.049,0.005,0.041,0.078,0.014,"2000",FALSE,0,0,29,FALSE
"210","Adam Keefe","C",0.69,"UTA",0.756,0.037,0.171,0.051,0.06,0.544,0,0.001,0,0.055,0.073,0.411,0.453,0.038,0.037,0.806,0.086,0.09,0.089,0.029,0.069,0.035,0.099,0.243,0.048,"2000",FALSE,0,0,55,FALSE
"211","Shawn Kemp","C",0.714,"CLE",1,1,0.705,0.468,0.534,0.556,0.005,0.007,0.333,0.502,0.651,0.418,0.464,0.652,0.653,0.776,0.442,0.491,0.474,0.119,0.407,0.255,0.627,1,0.517,"2000",FALSE,0,0,32,FALSE
"212","Steve Kerr","PG",0.81,"SAS",0.39,0,0.076,0.031,0.034,0.576,0.04,0.035,0.516,0.017,0.024,0.372,0.601,0.012,0.011,0.818,0.006,0.016,0.012,0.01,0.016,0,0.015,0.038,0.031,"2000",FALSE,0,0,53,FALSE
"213","Jerome Kersey","SF",0.881,"SAS",0.878,0.22,0.371,0.141,0.163,0.549,0,0.01,0,0.152,0.195,0.423,0.458,0.038,0.042,0.707,0.111,0.166,0.147,0.059,0.272,0.125,0.11,0.434,0.113,"2000",FALSE,0,0,53,FALSE
"215","Jason Kidd","PG",0.619,"PHO",0.817,0.817,0.74,0.338,0.393,0.545,0.139,0.187,0.337,0.306,0.389,0.427,0.491,0.269,0.252,0.829,0.184,0.384,0.316,0.582,0.545,0.074,0.487,0.399,0.339,"2000",FALSE,0,0.021,53,TRUE
"217","Kerry Kittles","SG",0.595,"NJN",0.756,0.744,0.537,0.295,0.321,0.583,0.239,0.271,0.4,0.217,0.258,0.456,0.562,0.134,0.131,0.795,0.088,0.178,0.147,0.122,0.321,0.051,0.121,0.323,0.285,"2000",FALSE,0,0,31,FALSE
"219","Brevin Knight","PG",0.571,"CLE",0.793,0.561,0.496,0.222,0.257,0.549,0.005,0.011,0.2,0.237,0.309,0.416,0.46,0.185,0.189,0.761,0.073,0.154,0.126,0.393,0.435,0.056,0.338,0.499,0.213,"2000",FALSE,0,0,32,FALSE
"222","Christian Laettner","C",0.714,"DET",1,1,0.691,0.367,0.369,0.631,0.017,0.027,0.292,0.387,0.438,0.479,0.531,0.313,0.3,0.812,0.335,0.375,0.361,0.16,0.337,0.12,0.401,0.879,0.354,"2000",FALSE,0,0,42,FALSE
"223","Raef LaFrentz","C",0.548,"DEN",0.988,0.976,0.689,0.379,0.405,0.595,0.149,0.207,0.328,0.345,0.393,0.477,0.533,0.214,0.243,0.686,0.325,0.468,0.419,0.083,0.171,0.479,0.207,0.787,0.355,"2000",FALSE,0,0,35,FALSE
"226","Trajan Langdon","SG",0.548,"CLE",0.122,0,0.041,0.015,0.018,0.5,0.02,0.021,0.421,0.007,0.012,0.333,0.528,0.015,0.011,1,0.008,0.011,0.01,0.009,0.02,0,0.013,0.043,0.017,"2000",FALSE,0,0,32,FALSE
"227","Rusty LaRue","PG",0.619,"CHI",0.049,0.012,0.037,0.015,0.02,0.465,0.005,0.016,0.143,0.014,0.016,0.448,0.413,0.007,0.007,0.714,0.002,0.009,0.007,0.009,0.028,0,0.015,0.024,0.013,"2000",FALSE,0,0,17,FALSE
"228","Tim Legler","SG",0.786,"GSW",0.28,0.049,0.08,0.027,0.036,0.479,0.017,0.024,0.333,0.022,0.032,0.368,0.449,0.019,0.019,0.778,0.008,0.019,0.015,0.021,0.016,0.003,0.013,0.089,0.027,"2000",FALSE,0,0,19,FALSE
"229","Voshon Lenard","SG",0.619,"MIA",0.646,0.159,0.406,0.221,0.258,0.543,0.221,0.257,0.39,0.145,0.187,0.419,0.541,0.111,0.109,0.792,0.071,0.115,0.1,0.117,0.167,0.04,0.172,0.342,0.222,"2000",FALSE,0,0,52,FALSE
"230","Quincy Lewis","SG",0.524,"UTA",0.902,0,0.254,0.107,0.137,0.496,0.057,0.071,0.365,0.092,0.133,0.374,0.457,0.05,0.053,0.731,0.088,0.067,0.074,0.034,0.098,0.04,0.099,0.426,0.1,"2000",FALSE,0,0,55,FALSE
"231","Rashard Lewis","SF",0.476,"SEA",1,0.098,0.446,0.266,0.26,0.648,0.1,0.135,0.333,0.245,0.252,0.527,0.579,0.111,0.127,0.683,0.243,0.208,0.22,0.06,0.252,0.096,0.168,0.439,0.238,"2000",FALSE,0,0,45,FALSE
"232","Randy Livingston","PG",0.571,"PHO",0.963,0.183,0.306,0.15,0.172,0.555,0.047,0.062,0.345,0.142,0.179,0.428,0.49,0.069,0.064,0.839,0.048,0.104,0.085,0.146,0.199,0.035,0.198,0.348,0.135,"2000",FALSE,0,0,53,FALSE
"233","Grant Long","PF",0.786,"VAN",0.512,0.012,0.26,0.072,0.077,0.591,0,0.005,0,0.077,0.092,0.454,0.492,0.073,0.073,0.775,0.164,0.147,0.153,0.037,0.183,0.027,0.106,0.291,0.072,"2000",FALSE,0,0,22,FALSE
"235","Felipe Lopez","SG",0.595,"VAN",0.793,0,0.221,0.107,0.12,0.567,0.007,0.02,0.167,0.112,0.137,0.444,0.479,0.089,0.112,0.615,0.113,0.065,0.081,0.038,0.13,0.045,0.114,0.253,0.103,"2000",FALSE,0,0,22,FALSE
"236","Tyronn Lue","PG",0.524,"LAL",0.098,0,0.041,0.018,0.018,0.649,0.01,0.009,0.5,0.016,0.017,0.484,0.598,0.008,0.008,0.75,0.004,0.01,0.008,0.015,0.012,0,0.019,0.046,0.017,"2000",FALSE,0,0,67,FALSE
"237","George Lynch","SF",0.69,"PHI",0.915,0.915,0.684,0.287,0.296,0.615,0.037,0.041,0.417,0.293,0.343,0.464,0.526,0.149,0.188,0.617,0.413,0.363,0.38,0.117,0.484,0.101,0.259,0.623,0.255,"2000",FALSE,0,0,49,FALSE
"239","Sam Mack","SF",0.69,"GSW",0.28,0.061,0.094,0.036,0.056,0.404,0.052,0.072,0.328,0.017,0.033,0.276,0.432,0.025,0.021,0.95,0.013,0.032,0.025,0.021,0.073,0.003,0.041,0.121,0.04,"2000",FALSE,0,0,19,FALSE
"240","Don MacLean","PF",0.714,"PHO",0.195,0,0.04,0.017,0.023,0.489,0.005,0.007,0.333,0.017,0.024,0.372,0.431,0.005,0.006,0.667,0.011,0.017,0.015,0.007,0.008,0.003,0.017,0.065,0.015,"2000",FALSE,0,0,53,FALSE
"241","Corey Maggette","SF",0.476,"ORL",0.939,0.061,0.388,0.217,0.216,0.637,0.005,0.012,0.182,0.231,0.258,0.485,0.533,0.259,0.269,0.751,0.235,0.179,0.198,0.052,0.098,0.069,0.297,0.456,0.228,"2000",FALSE,0,0,41,FALSE
"242","Dan Majerle","SG",0.81,"MIA",0.841,0.841,0.653,0.164,0.194,0.537,0.274,0.343,0.362,0.062,0.067,0.508,0.592,0.074,0.071,0.812,0.052,0.304,0.218,0.177,0.362,0.045,0.134,0.42,0.179,"2000",FALSE,0,0,52,FALSE
"243","Karl Malone","PF",0.857,"UTA",1,1,0.834,0.727,0.679,0.679,0.005,0.009,0.25,0.78,0.828,0.511,0.567,0.779,0.76,0.797,0.323,0.606,0.509,0.261,0.321,0.189,0.498,0.617,0.74,"2000",FALSE,0,0.258,55,TRUE
"244","Matt Maloney","PG",0.667,"CHI",0.622,0.146,0.333,0.11,0.146,0.477,0.154,0.196,0.356,0.054,0.081,0.361,0.507,0.049,0.046,0.822,0.019,0.054,0.042,0.119,0.13,0.008,0.136,0.113,0.115,"2000",FALSE,0,0,17,FALSE
"245","Danny Manning","PF",0.786,"MIL",0.878,0,0.344,0.144,0.156,0.587,0.002,0.005,0.25,0.154,0.189,0.442,0.49,0.045,0.053,0.654,0.096,0.157,0.136,0.063,0.252,0.077,0.119,0.493,0.118,"2000",FALSE,0,0,42,FALSE
"246","Stephon Marbury","PG",0.524,"NJN",0.902,0.902,0.815,0.55,0.606,0.576,0.164,0.263,0.283,0.523,0.611,0.464,0.508,0.577,0.551,0.813,0.117,0.178,0.157,0.534,0.455,0.04,0.582,0.526,0.579,"2000",FALSE,0,0,31,FALSE
"247","Shawn Marion","SF",0.5,"PHO",0.622,0.463,0.357,0.215,0.217,0.628,0.01,0.025,0.182,0.227,0.253,0.486,0.529,0.095,0.087,0.847,0.201,0.225,0.217,0.059,0.154,0.141,0.11,0.305,0.184,"2000",FALSE,0,0,53,FALSE
"248","Sean Marks","PF",0.571,"TOR",0.061,0,0.003,0.002,0.003,0.444,0,0.001,0,0.002,0.003,0.4,0.37,0.005,0.004,1,0,0.002,0.001,0,0.004,0.003,0.006,0.008,0.003,"2000",FALSE,0,0,45,FALSE
"249","Donny Marshall","SF",0.643,"CLE",0.073,0,0.011,0.003,0.005,0.364,0,0.003,0,0.003,0.005,0.375,0.303,0.007,0.006,0.833,0,0.001,0.001,0,0.008,0,0.006,0.019,0.004,"2000",FALSE,0,0,32,FALSE
"250","Donyell Marshall","PF",0.619,"GSW",0.78,0.622,0.586,0.32,0.387,0.525,0.122,0.156,0.355,0.293,0.396,0.402,0.47,0.263,0.262,0.78,0.361,0.445,0.416,0.143,0.276,0.181,0.265,0.485,0.321,"2000",FALSE,0,0,19,FALSE
"251","Darrick Martin","PG",0.667,"SAC",0.866,0.012,0.253,0.129,0.161,0.507,0.095,0.14,0.306,0.099,0.127,0.42,0.482,0.13,0.122,0.824,0.013,0.037,0.029,0.105,0.114,0.005,0.134,0.24,0.142,"2000",FALSE,0,0,44,FALSE
"252","Jamal Mashburn","SF",0.643,"MIA",0.927,0.927,0.8,0.498,0.533,0.593,0.279,0.314,0.403,0.419,0.496,0.458,0.548,0.246,0.246,0.778,0.122,0.315,0.249,0.256,0.321,0.037,0.388,0.58,0.469,"2000",FALSE,0,0,52,FALSE
"253","Anthony Mason","SF",0.786,"CHH",1,0.988,0.887,0.307,0.304,0.64,0,0.001,0,0.33,0.372,0.48,0.533,0.415,0.433,0.746,0.277,0.55,0.457,0.315,0.301,0.077,0.345,0.593,0.335,"2000",FALSE,0,0,49,FALSE
"255","Vernon Maxwell","SG",0.81,"SEA",0.573,0,0.28,0.163,0.225,0.46,0.167,0.252,0.3,0.106,0.151,0.382,0.459,0.143,0.152,0.73,0.029,0.064,0.052,0.064,0.154,0.024,0.114,0.224,0.181,"2000",FALSE,0,0,45,FALSE
"256","Walter McCarty","PF",0.595,"BOS",0.744,0.061,0.249,0.075,0.106,0.452,0.085,0.124,0.309,0.046,0.068,0.367,0.459,0.052,0.056,0.722,0.063,0.076,0.072,0.06,0.098,0.061,0.144,0.224,0.081,"2000",FALSE,0,0,35,FALSE
"257","George McCloud","SF",0.762,"DEN",0.951,0.134,0.599,0.257,0.294,0.556,0.266,0.319,0.378,0.165,0.2,0.448,0.557,0.196,0.186,0.818,0.138,0.212,0.186,0.211,0.195,0.069,0.289,0.485,0.278,"2000",FALSE,0,0,35,FALSE
"259","Antonio McDyess","PF",0.595,"DEN",0.988,0.988,0.764,0.594,0.557,0.676,0,0.002,0,0.639,0.682,0.508,0.563,0.427,0.531,0.626,0.447,0.448,0.448,0.137,0.28,0.37,0.496,0.852,0.548,"2000",FALSE,0,0,35,FALSE
"260","Tracy McGrady","SF",0.476,"TOR",0.963,0.415,0.697,0.444,0.468,0.601,0.045,0.073,0.277,0.459,0.538,0.463,0.511,0.366,0.403,0.707,0.359,0.311,0.327,0.226,0.366,0.402,0.345,0.542,0.428,"2000",FALSE,0,0,45,FALSE
"262","Jeff McInnis","PG",0.595,"LAC",0.305,0.122,0.169,0.077,0.086,0.573,0.017,0.024,0.333,0.076,0.093,0.442,0.499,0.017,0.017,0.765,0.034,0.054,0.047,0.076,0.061,0.005,0.058,0.148,0.064,"2000",FALSE,0,0,15,FALSE
"263","Derrick McKey","SF",0.786,"IND",0.39,0,0.179,0.042,0.05,0.531,0.025,0.026,0.435,0.034,0.048,0.388,0.493,0.057,0.058,0.768,0.055,0.105,0.088,0.03,0.118,0.035,0.041,0.218,0.049,"2000",FALSE,0,0,56,FALSE
"264","Aaron McKie","SG",0.643,"PHI",1,0.171,0.553,0.236,0.273,0.548,0.109,0.137,0.364,0.208,0.266,0.424,0.499,0.16,0.15,0.829,0.09,0.198,0.161,0.206,0.439,0.048,0.244,0.523,0.231,"2000",FALSE,0,0,49,FALSE
"265","Roshown McLeod","SF",0.571,"ATL",0.537,0.244,0.243,0.127,0.153,0.527,0.005,0.015,0.154,0.134,0.18,0.404,0.442,0.071,0.072,0.771,0.078,0.096,0.09,0.045,0.065,0.013,0.127,0.226,0.112,"2000",FALSE,0,0,28,FALSE
"267","Andre Miller","PG",0.548,"CLE",1,0.439,0.592,0.328,0.347,0.599,0.025,0.055,0.204,0.342,0.398,0.466,0.507,0.299,0.3,0.774,0.163,0.194,0.183,0.409,0.341,0.045,0.358,0.523,0.323,"2000",FALSE,0,0,32,FALSE
"269","Brad Miller","C",0.548,"CHH",0.671,0.049,0.272,0.131,0.135,0.615,0,0.002,0,0.14,0.164,0.464,0.512,0.202,0.201,0.785,0.216,0.179,0.192,0.039,0.093,0.093,0.103,0.299,0.149,"2000",FALSE,0,0,49,FALSE
"271","Reggie Miller","SG",0.81,"IND",0.988,0.988,0.845,0.451,0.479,0.597,0.41,0.456,0.408,0.313,0.359,0.473,0.586,0.493,0.418,0.919,0.096,0.188,0.156,0.161,0.346,0.066,0.278,0.34,0.519,"2000",FALSE,0,0.001,56,TRUE
"272","Chris Mills","SF",0.714,"GSW",0.244,0.134,0.184,0.119,0.134,0.561,0.02,0.034,0.267,0.12,0.148,0.439,0.483,0.09,0.086,0.81,0.088,0.076,0.08,0.04,0.073,0.011,0.054,0.162,0.114,"2000",FALSE,0,0,19,FALSE
"273","Terry Mills","PF",0.762,"DET",1,0.951,0.521,0.207,0.225,0.585,0.236,0.273,0.393,0.124,0.139,0.484,0.596,0.033,0.035,0.735,0.096,0.338,0.255,0.073,0.154,0.064,0.099,0.652,0.194,"2000",FALSE,0,0,42,FALSE
"275","Sam Mitchell","SF",0.857,"MIN",0.805,0.293,0.347,0.162,0.173,0.596,0.025,0.026,0.435,0.164,0.199,0.448,0.511,0.107,0.095,0.88,0.054,0.109,0.09,0.095,0.11,0.037,0.095,0.313,0.151,"2000",FALSE,0,0,50,FALSE
"276","Cuttino Mobley","SG",0.571,"HOU",0.988,0.098,0.706,0.423,0.468,0.573,0.259,0.33,0.356,0.347,0.408,0.46,0.534,0.396,0.363,0.847,0.113,0.227,0.188,0.179,0.354,0.085,0.401,0.461,0.451,"2000",FALSE,0,0,34,FALSE
"280","Alonzo Mourning","C",0.69,"MIA",0.963,0.951,0.778,0.631,0.545,0.735,0,0.005,0,0.678,0.666,0.553,0.612,0.548,0.599,0.711,0.411,0.534,0.492,0.106,0.163,0.782,0.468,0.83,0.607,"2000",FALSE,0,0.303,52,TRUE
"281","Chris Mullin","SG",0.857,"IND",0.573,0.024,0.165,0.077,0.086,0.571,0.112,0.124,0.409,0.036,0.043,0.455,0.609,0.049,0.042,0.902,0.027,0.062,0.05,0.032,0.114,0.024,0.06,0.162,0.085,"2000",FALSE,0,0,56,FALSE
"282","Eric Murdock","PG",0.738,"LAC",0.488,0.183,0.196,0.076,0.094,0.513,0.04,0.047,0.381,0.066,0.092,0.387,0.471,0.067,0.082,0.638,0.029,0.062,0.05,0.093,0.191,0.013,0.125,0.181,0.079,"2000",FALSE,0,0,15,FALSE
"284","Lamond Murray","SF",0.619,"CLE",0.902,0.878,0.669,0.445,0.469,0.601,0.127,0.157,0.367,0.426,0.496,0.465,0.529,0.27,0.276,0.761,0.243,0.294,0.276,0.113,0.427,0.096,0.397,0.561,0.415,"2000",FALSE,0,0,32,FALSE
"285","Tracy Murray","SF",0.667,"WAS",0.976,0.098,0.518,0.28,0.308,0.577,0.281,0.297,0.43,0.184,0.23,0.435,0.574,0.159,0.145,0.851,0.12,0.207,0.177,0.062,0.183,0.064,0.181,0.499,0.287,"2000",FALSE,0,0,29,FALSE
"287","Steve Nash","PG",0.595,"DAL",0.683,0.329,0.434,0.167,0.167,0.636,0.149,0.168,0.403,0.118,0.121,0.528,0.621,0.099,0.087,0.882,0.065,0.086,0.079,0.234,0.15,0.008,0.22,0.329,0.17,"2000",FALSE,0,0,40,FALSE
"288","Tyrone Nesby","SG",0.571,"LAC",0.89,0.476,0.656,0.352,0.421,0.531,0.234,0.317,0.335,0.281,0.358,0.426,0.499,0.2,0.197,0.791,0.157,0.192,0.18,0.104,0.305,0.082,0.22,0.553,0.344,"2000",FALSE,0,0,15,FALSE
"289","Rasho Nesterovic","C",0.548,"MIN",1,0.671,0.488,0.199,0.199,0.635,0,0.002,0,0.214,0.243,0.478,0.529,0.078,0.106,0.573,0.258,0.242,0.248,0.08,0.085,0.226,0.153,0.706,0.166,"2000",FALSE,0,0,50,FALSE
"290","Johnny Newman","SF",0.857,"NJN",1,0.11,0.499,0.269,0.287,0.595,0.179,0.214,0.379,0.214,0.244,0.476,0.56,0.254,0.236,0.838,0.075,0.114,0.101,0.056,0.215,0.029,0.192,0.558,0.29,"2000",FALSE,0,0,31,FALSE
"291","Moochie Norris","PG",0.619,"HOU",0.366,0,0.142,0.067,0.073,0.579,0.03,0.033,0.414,0.059,0.073,0.438,0.524,0.075,0.075,0.781,0.031,0.052,0.044,0.081,0.093,0.003,0.065,0.086,0.073,"2000",FALSE,0,0,34,FALSE
"292","Dirk Nowitzki","PF",0.5,"DAL",1,0.988,0.832,0.498,0.514,0.615,0.289,0.345,0.379,0.415,0.458,0.491,0.57,0.382,0.358,0.83,0.195,0.427,0.348,0.174,0.256,0.181,0.304,0.69,0.507,"2000",FALSE,0,0,40,FALSE
"293","Jermaine O'Neal","C",0.5,"POR",0.854,0.098,0.243,0.104,0.102,0.648,0,0.001,0,0.112,0.125,0.489,0.54,0.075,0.101,0.582,0.185,0.131,0.15,0.015,0.045,0.146,0.101,0.342,0.096,"2000",FALSE,0,0,59,FALSE
"294","Shaquille O'Neal","C",0.643,"LAL",0.963,0.963,0.895,0.925,0.766,0.765,0,0.001,0,0.995,0.939,0.575,0.638,0.571,0.848,0.524,0.642,0.737,0.705,0.257,0.146,0.636,0.481,0.687,0.828,"2000",TRUE,120,0.998,67,TRUE
"295","Charles Oakley","PF",0.857,"TOR",0.976,0.976,0.688,0.226,0.258,0.557,0.035,0.046,0.341,0.229,0.293,0.424,0.478,0.087,0.087,0.776,0.224,0.42,0.353,0.217,0.415,0.12,0.332,0.792,0.194,"2000",FALSE,0,0,45,FALSE
"296","Lamar Odom","SF",0.476,"LAC",0.927,0.854,0.783,0.434,0.471,0.584,0.147,0.185,0.36,0.406,0.485,0.453,0.519,0.399,0.432,0.719,0.304,0.433,0.389,0.272,0.37,0.253,0.556,0.784,0.445,"2000",FALSE,0,0,15,FALSE
"297","Hakeem Olajuwon","C",0.881,"HOU",0.537,0.341,0.297,0.187,0.194,0.611,0,0.002,0,0.201,0.236,0.461,0.509,0.091,0.115,0.616,0.124,0.208,0.179,0.052,0.167,0.186,0.157,0.237,0.161,"2000",FALSE,0,0,34,FALSE
"300","Greg Ostertag","C",0.619,"UTA",0.988,0.037,0.455,0.12,0.123,0.619,0,0.001,0,0.129,0.15,0.466,0.516,0.157,0.192,0.636,0.329,0.308,0.315,0.015,0.081,0.457,0.17,0.528,0.13,"2000",FALSE,0,0,55,FALSE
"301","Bo Outlaw","PF",0.667,"ORL",1,0.671,0.658,0.197,0.156,0.803,0,0.003,0,0.212,0.19,0.607,0.669,0.108,0.167,0.506,0.386,0.321,0.343,0.21,0.459,0.394,0.287,0.547,0.173,"2000",FALSE,0,0,41,FALSE
"302","Doug Overton","PG",0.714,"BOS",0.585,0,0.122,0.059,0.071,0.528,0.025,0.032,0.357,0.053,0.071,0.405,0.477,0.026,0.022,0.952,0.027,0.019,0.022,0.046,0.041,0,0.043,0.124,0.054,"2000",FALSE,0,0,35,FALSE
"304","Robert Pack","PG",0.714,"DAL",0.354,0.268,0.188,0.093,0.106,0.556,0.01,0.012,0.364,0.096,0.124,0.42,0.473,0.083,0.08,0.808,0.013,0.035,0.027,0.144,0.126,0.008,0.164,0.119,0.091,"2000",FALSE,0,0,40,FALSE
"305","Scott Padgett","PF",0.548,"UTA",0.573,0.11,0.122,0.043,0.064,0.419,0.032,0.05,0.295,0.032,0.054,0.323,0.401,0.025,0.028,0.704,0.046,0.064,0.058,0.021,0.057,0.021,0.047,0.148,0.042,"2000",FALSE,0,0,55,FALSE
"306","Milt Palacio","PG",0.5,"VAN",0.646,0,0.112,0.042,0.045,0.585,0,0.002,0,0.045,0.054,0.448,0.488,0.029,0.038,0.595,0.033,0.034,0.033,0.041,0.081,0,0.095,0.086,0.038,"2000",FALSE,0,0,22,FALSE
"307","Anthony Parker","SG",0.571,"ORL",0.195,0,0.052,0.023,0.026,0.561,0.002,0.016,0.071,0.024,0.024,0.535,0.478,0.011,0.011,0.727,0.01,0.022,0.018,0.009,0.033,0.011,0.024,0.035,0.02,"2000",FALSE,0,0,41,FALSE
"308","Cherokee Parks","C",0.643,"VAN",0.683,0.171,0.229,0.07,0.067,0.663,0,0.001,0,0.075,0.081,0.5,0.552,0.032,0.038,0.649,0.105,0.127,0.12,0.03,0.118,0.12,0.06,0.31,0.059,"2000",FALSE,0,0,22,FALSE
"310","Ruben Patterson","SF",0.571,"SEA",0.988,0.902,0.594,0.342,0.304,0.715,0.03,0.03,0.444,0.356,0.358,0.539,0.606,0.294,0.33,0.692,0.417,0.214,0.284,0.108,0.382,0.106,0.31,0.512,0.333,"2000",FALSE,0,0,45,FALSE
"311","Gary Payton","PG",0.738,"SEA",1,1,0.969,0.722,0.767,0.597,0.44,0.587,0.34,0.593,0.646,0.497,0.558,0.411,0.435,0.735,0.191,0.426,0.346,0.629,0.622,0.048,0.483,0.48,0.7,"2000",FALSE,0,0.149,45,TRUE
"312","Anthony Peeler","SG",0.714,"MIN",1,0.268,0.587,0.306,0.334,0.581,0.211,0.288,0.333,0.24,0.265,0.491,0.549,0.115,0.112,0.798,0.111,0.173,0.152,0.168,0.252,0.027,0.183,0.461,0.284,"2000",FALSE,0,0,50,FALSE
"314","Sam Perkins","PF",0.905,"IND",0.988,0,0.459,0.178,0.203,0.556,0.221,0.246,0.408,0.099,0.126,0.426,0.576,0.106,0.1,0.825,0.122,0.223,0.189,0.058,0.126,0.088,0.136,0.367,0.19,"2000",FALSE,0,0,56,FALSE
"315","Elliot Perry","PG",0.714,"NJN",0.732,0.061,0.227,0.124,0.135,0.58,0.027,0.044,0.282,0.122,0.144,0.459,0.504,0.066,0.064,0.806,0.025,0.048,0.04,0.119,0.159,0.003,0.129,0.127,0.112,"2000",FALSE,0,0,31,FALSE
"316","Chuck Person","SF",0.833,"SEA",0.451,0,0.096,0.036,0.057,0.401,0.06,0.107,0.253,0.014,0.016,0.464,0.442,0.005,0.008,0.5,0.011,0.047,0.035,0.019,0.02,0.005,0.026,0.151,0.036,"2000",FALSE,0,0,45,FALSE
"317","Wesley Person","SG",0.667,"CLE",0.963,0.463,0.582,0.271,0.301,0.571,0.264,0.282,0.424,0.181,0.228,0.431,0.566,0.081,0.079,0.792,0.084,0.221,0.175,0.125,0.163,0.051,0.129,0.321,0.257,"2000",FALSE,0,0,32,FALSE
"318","Bobby Phills","SG",0.714,"CHH",0.341,0.11,0.234,0.147,0.154,0.605,0.075,0.103,0.33,0.127,0.138,0.5,0.554,0.062,0.067,0.723,0.033,0.054,0.046,0.068,0.167,0.021,0.103,0.194,0.135,"2000",FALSE,0,0,49,FALSE
"319","Eric Piatkowski","SF",0.69,"LAC",0.915,0.28,0.485,0.23,0.264,0.553,0.231,0.274,0.383,0.151,0.186,0.439,0.552,0.112,0.103,0.85,0.141,0.147,0.145,0.07,0.179,0.035,0.123,0.377,0.231,"2000",FALSE,0,0,15,FALSE
"320","Paul Pierce","SF",0.524,"BOS",0.89,0.878,0.731,0.47,0.506,0.589,0.239,0.316,0.343,0.406,0.462,0.476,0.54,0.475,0.463,0.798,0.159,0.311,0.259,0.19,0.618,0.165,0.384,0.639,0.504,"2000",FALSE,0,0,35,FALSE
"321","Scottie Pippen","SF",0.81,"POR",1,1,0.778,0.375,0.396,0.601,0.214,0.297,0.327,0.314,0.337,0.506,0.557,0.212,0.229,0.717,0.218,0.396,0.335,0.349,0.476,0.109,0.448,0.561,0.361,"2000",FALSE,0,0,59,FALSE
"323","Olden Polynice","C",0.833,"UTA",1,0.963,0.515,0.196,0.183,0.68,0.002,0.002,0.5,0.21,0.223,0.51,0.568,0.037,0.093,0.311,0.317,0.285,0.296,0.032,0.122,0.223,0.151,0.701,0.154,"2000",FALSE,0,0,55,FALSE
"324","Terry Porter","PG",0.857,"SAS",0.829,0.098,0.457,0.2,0.213,0.596,0.224,0.234,0.435,0.122,0.144,0.457,0.604,0.181,0.175,0.806,0.046,0.166,0.125,0.19,0.203,0.024,0.216,0.213,0.226,"2000",FALSE,0,0,53,FALSE
"325","James Posey","SF",0.548,"DEN",0.988,0.939,0.581,0.222,0.247,0.572,0.204,0.248,0.373,0.154,0.178,0.468,0.562,0.159,0.154,0.8,0.163,0.23,0.207,0.125,0.398,0.088,0.205,0.558,0.234,"2000",FALSE,0,0,35,FALSE
"326","Vitaly Potapenko","C",0.571,"BOS",0.963,0.878,0.509,0.297,0.283,0.665,0,0.001,0,0.319,0.346,0.5,0.554,0.144,0.165,0.681,0.348,0.315,0.326,0.066,0.167,0.077,0.312,0.644,0.255,"2000",FALSE,0,0,35,FALSE
"327","Brent Price","PG",0.738,"VAN",0.5,0,0.12,0.04,0.055,0.46,0.062,0.077,0.368,0.017,0.029,0.314,0.5,0.045,0.04,0.872,0.015,0.029,0.024,0.059,0.069,0.003,0.101,0.17,0.05,"2000",FALSE,0,0,22,FALSE
"328","Laron Profit","SG",0.524,"WAS",0.402,0.012,0.064,0.02,0.027,0.475,0.007,0.019,0.176,0.019,0.024,0.429,0.423,0.005,0.01,0.4,0.004,0.024,0.017,0.021,0.028,0.011,0.041,0.07,0.017,"2000",FALSE,0,0,29,FALSE
"332","Bryant Reeves","C",0.619,"VAN",0.841,0.817,0.502,0.244,0.259,0.597,0,0.005,0,0.262,0.315,0.452,0.498,0.142,0.17,0.648,0.241,0.262,0.255,0.07,0.134,0.101,0.256,0.66,0.216,"2000",FALSE,0,0,22,FALSE
"333","Khalid Reeves","PG",0.643,"CHI",0.037,0,0.014,0.003,0.006,0.333,0,0.003,0,0.003,0.005,0.333,0.278,0.007,0.005,1,0.004,0.002,0.003,0.011,0.008,0,0.013,0.022,0.004,"2000",FALSE,0,0,17,FALSE
"335","J.R. Reid","PF",0.738,"MIL",0.415,0.085,0.17,0.051,0.058,0.556,0.002,0.008,0.143,0.054,0.068,0.433,0.468,0.057,0.058,0.768,0.055,0.087,0.076,0.015,0.077,0.013,0.043,0.218,0.053,"2000",FALSE,0,0,42,FALSE
"337","Glen Rice","SF",0.762,"LAL",0.976,0.976,0.716,0.407,0.451,0.573,0.209,0.258,0.367,0.351,0.424,0.449,0.524,0.458,0.407,0.874,0.107,0.269,0.214,0.151,0.191,0.032,0.246,0.482,0.449,"2000",FALSE,0,0,67,FALSE
"338","Mitch Richmond","SG",0.81,"WAS",0.902,0.841,0.678,0.432,0.483,0.568,0.231,0.272,0.386,0.368,0.456,0.438,0.522,0.394,0.35,0.876,0.071,0.175,0.139,0.159,0.447,0.035,0.332,0.515,0.454,"2000",FALSE,0,0,29,FALSE
"339","Isaiah Rider","SG",0.667,"ATL",0.732,0.573,0.59,0.434,0.493,0.559,0.139,0.203,0.311,0.409,0.503,0.441,0.494,0.27,0.267,0.785,0.12,0.194,0.169,0.188,0.167,0.016,0.362,0.356,0.409,"2000",FALSE,0,0,28,FALSE
"340","Stanley Roberts","C",0.69,"PHI",0.061,0.012,0.014,0.005,0.007,0.417,0,0.001,0,0.005,0.008,0.333,0.348,0,0.003,0,0.011,0.009,0.01,0.003,0.004,0.003,0.004,0.04,0.004,"2000",FALSE,0,0,49,FALSE
"341","Ryan Robertson","SG",0.548,"SAC",0.012,0,0.007,0.002,0.003,0.444,0,0.002,0,0.002,0.002,0.5,0.37,0.001,0.001,1,0,0,0,0,0,0,0,0,0.002,"2000",FALSE,0,0,44,FALSE
"342","Clifford Robinson","SF",0.786,"PHO",0.976,0.817,0.804,0.513,0.526,0.619,0.299,0.366,0.37,0.427,0.461,0.501,0.574,0.394,0.392,0.782,0.201,0.252,0.235,0.192,0.366,0.162,0.358,0.644,0.522,"2000",FALSE,0,0,53,FALSE
"343","David Robinson","C",0.81,"SAS",0.976,0.976,0.724,0.511,0.474,0.683,0,0.002,0,0.549,0.58,0.513,0.569,0.491,0.526,0.726,0.369,0.573,0.503,0.122,0.394,0.487,0.353,0.666,0.504,"2000",FALSE,0,0,53,FALSE
"344","Eddie Robinson","SF",0.548,"CHH",0.817,0.098,0.315,0.205,0.178,0.732,0,0.005,0,0.221,0.215,0.555,0.61,0.062,0.066,0.734,0.103,0.129,0.12,0.027,0.195,0.066,0.084,0.181,0.166,"2000",FALSE,0,0,49,FALSE
"345","Glenn Robinson","SF",0.643,"MIL",0.988,0.988,0.823,0.667,0.672,0.629,0.214,0.267,0.363,0.629,0.69,0.493,0.558,0.3,0.291,0.802,0.205,0.375,0.317,0.166,0.317,0.109,0.481,0.571,0.598,"2000",FALSE,0,0,42,FALSE
"346","Dennis Rodman","PF",0.905,"DAL",0.146,0.146,0.11,0.012,0.014,0.516,0,0.001,0,0.012,0.017,0.4,0.43,0.013,0.014,0.714,0.092,0.122,0.112,0.012,0.008,0.003,0.041,0.111,0.012,"2000",FALSE,0,0,40,FALSE
"347","Carlos Rogers","C",0.667,"HOU",0.646,0.183,0.312,0.164,0.149,0.7,0.002,0.016,0.071,0.176,0.175,0.545,0.584,0.107,0.141,0.591,0.187,0.176,0.18,0.036,0.057,0.09,0.136,0.208,0.149,"2000",FALSE,0,0,34,FALSE
"348","Rodney Rogers","PF",0.667,"PHO",1,0.085,0.647,0.414,0.405,0.648,0.286,0.296,0.439,0.326,0.349,0.506,0.612,0.21,0.256,0.639,0.264,0.307,0.292,0.146,0.382,0.125,0.351,0.782,0.399,"2000",FALSE,0,0,53,FALSE
"349","Roy Rogers","PF",0.619,"DEN",0.488,0,0.1,0.034,0.04,0.531,0,0.001,0,0.036,0.049,0.402,0.442,0.025,0.042,0.463,0.063,0.047,0.052,0.008,0.008,0.101,0.022,0.097,0.031,"2000",FALSE,0,0,35,FALSE
"351","Jalen Rose","SF",0.643,"IND",0.976,0.976,0.843,0.544,0.55,0.628,0.192,0.221,0.393,0.506,0.564,0.486,0.559,0.336,0.316,0.827,0.08,0.343,0.253,0.275,0.341,0.13,0.405,0.631,0.514,"2000",FALSE,0,0.001,56,TRUE
"352","Malik Rose","PF",0.595,"SAS",0.902,0.037,0.38,0.17,0.177,0.609,0.002,0.003,0.333,0.182,0.215,0.458,0.509,0.189,0.204,0.722,0.254,0.201,0.219,0.04,0.142,0.138,0.213,0.625,0.175,"2000",FALSE,0,0,53,FALSE
"354","Bryon Russell","SF",0.69,"UTA",1,0.854,0.821,0.395,0.421,0.595,0.264,0.302,0.396,0.314,0.364,0.467,0.56,0.313,0.325,0.75,0.189,0.326,0.279,0.136,0.52,0.061,0.218,0.687,0.409,"2000",FALSE,0,0,55,FALSE
"355","Arvydas Sabonis","C",0.833,"POR",0.805,0.744,0.478,0.292,0.275,0.673,0.017,0.021,0.368,0.307,0.327,0.509,0.568,0.221,0.204,0.843,0.185,0.413,0.335,0.101,0.175,0.207,0.209,0.496,0.275,"2000",FALSE,0,0,59,FALSE
"357","Detlef Schrempf","SF",0.881,"POR",0.939,0.073,0.47,0.181,0.199,0.576,0.052,0.059,0.404,0.173,0.215,0.436,0.507,0.237,0.221,0.833,0.151,0.251,0.217,0.169,0.15,0.045,0.216,0.491,0.203,"2000",FALSE,0,0,59,FALSE
"358","Dennis Scott","SF",0.738,"VAN",0.805,0,0.357,0.121,0.153,0.5,0.177,0.213,0.376,0.056,0.081,0.375,0.536,0.063,0.059,0.842,0.031,0.089,0.069,0.059,0.114,0.024,0.065,0.28,0.13,"2000",FALSE,0,0,22,FALSE
"359","Malik Sealy","SF",0.69,"MIN",1,0.744,0.677,0.359,0.359,0.635,0.025,0.04,0.286,0.376,0.42,0.485,0.536,0.234,0.224,0.812,0.228,0.231,0.23,0.169,0.309,0.051,0.237,0.531,0.328,"2000",FALSE,0,0,50,FALSE
"360","Brian Shaw","SG",0.786,"LAL",0.902,0.024,0.354,0.119,0.148,0.509,0.045,0.065,0.31,0.109,0.149,0.398,0.456,0.054,0.056,0.759,0.086,0.17,0.141,0.173,0.142,0.037,0.162,0.283,0.108,"2000",FALSE,0,0,67,FALSE
"361","Dickey Simpkins","PF",0.643,"CHI",0.841,0.585,0.467,0.107,0.126,0.54,0,0.001,0,0.116,0.154,0.407,0.45,0.086,0.123,0.542,0.237,0.246,0.243,0.086,0.089,0.059,0.276,0.585,0.101,"2000",FALSE,0,0,17,FALSE
"363","Joe Smith","C",0.571,"MIN",0.951,0.11,0.559,0.279,0.287,0.619,0.002,0.001,1,0.3,0.351,0.463,0.517,0.258,0.265,0.756,0.356,0.296,0.316,0.076,0.183,0.226,0.256,0.814,0.273,"2000",FALSE,0,0,50,FALSE
"364","Michael Smith","SF",0.643,"WAS",0.561,0.561,0.324,0.104,0.088,0.751,0,0.001,0,0.112,0.108,0.565,0.626,0.097,0.104,0.723,0.231,0.209,0.216,0.048,0.11,0.061,0.097,0.342,0.102,"2000",FALSE,0,0,29,FALSE
"365","Steve Smith","SG",0.714,"POR",1,0.988,0.761,0.406,0.414,0.623,0.239,0.272,0.398,0.337,0.372,0.492,0.578,0.382,0.35,0.85,0.235,0.189,0.205,0.18,0.289,0.082,0.252,0.577,0.433,"2000",FALSE,0,0,59,FALSE
"366","Rik Smits","C",0.786,"IND",0.963,0.963,0.524,0.417,0.41,0.645,0,0.001,0,0.448,0.501,0.485,0.538,0.206,0.217,0.739,0.18,0.305,0.262,0.073,0.081,0.266,0.233,0.671,0.359,"2000",FALSE,0,0,56,FALSE
"367","Eric Snow","PG",0.619,"PHI",1,0.976,0.811,0.249,0.275,0.573,0.027,0.051,0.244,0.256,0.311,0.446,0.489,0.167,0.182,0.712,0.08,0.217,0.171,0.536,0.569,0.021,0.349,0.655,0.23,"2000",FALSE,0,0,49,FALSE
"369","Latrell Sprewell","SF",0.69,"NYK",1,1,0.927,0.549,0.601,0.58,0.109,0.143,0.346,0.545,0.664,0.445,0.502,0.455,0.408,0.866,0.094,0.298,0.228,0.285,0.443,0.059,0.487,0.496,0.538,"2000",FALSE,0,0,50,FALSE
"370","Ryan Stack","PF",0.571,"CLE",0.305,0,0.056,0.016,0.023,0.444,0,0.001,0,0.018,0.028,0.34,0.37,0.024,0.028,0.667,0.029,0.03,0.029,0.004,0.016,0.029,0.037,0.127,0.018,"2000",FALSE,0,0,32,FALSE
"371","Jerry Stackhouse","SG",0.595,"DET",1,1,0.891,0.599,0.666,0.571,0.206,0.325,0.288,0.558,0.654,0.462,0.507,0.817,0.78,0.815,0.226,0.196,0.206,0.314,0.419,0.096,0.67,0.507,0.685,"2000",FALSE,0,0,42,FALSE
"373","Vladimir Stepania","C",0.548,"SEA",0.366,0.012,0.057,0.028,0.036,0.489,0,0.007,0,0.03,0.041,0.397,0.408,0.022,0.037,0.472,0.04,0.026,0.031,0.003,0.041,0.029,0.047,0.119,0.026,"2000",FALSE,0,0,45,FALSE
"374","Joe Stephens","SF",0.643,"VAN",0.159,0,0.051,0.018,0.023,0.497,0,0.009,0,0.02,0.024,0.442,0.414,0.004,0.004,0.75,0.025,0.023,0.024,0.009,0.028,0.008,0.013,0.024,0.014,"2000",FALSE,0,0,22,FALSE
"376","Bryant Stith","SG",0.69,"DEN",0.549,0.073,0.196,0.083,0.087,0.607,0.042,0.063,0.304,0.072,0.075,0.519,0.556,0.085,0.079,0.831,0.044,0.061,0.055,0.052,0.073,0.032,0.071,0.151,0.089,"2000",FALSE,0,0,35,FALSE
"377","John Stockton","PG",0.881,"UTA",1,1,0.688,0.351,0.334,0.668,0.107,0.137,0.355,0.333,0.341,0.53,0.589,0.292,0.264,0.86,0.086,0.169,0.141,0.604,0.581,0.04,0.386,0.518,0.35,"2000",FALSE,0,0,55,FALSE
"378","Peja Stojakovic","SF",0.524,"SAC",0.902,0.134,0.495,0.31,0.33,0.597,0.249,0.301,0.375,0.23,0.254,0.491,0.574,0.179,0.157,0.882,0.141,0.201,0.18,0.091,0.211,0.019,0.19,0.261,0.31,"2000",FALSE,0,0,44,FALSE
"379","Damon Stoudamire","PG",0.619,"POR",0.951,0.951,0.671,0.373,0.411,0.576,0.199,0.239,0.377,0.318,0.385,0.449,0.53,0.161,0.149,0.841,0.117,0.181,0.159,0.348,0.313,0.003,0.321,0.466,0.344,"2000",FALSE,0,0,59,FALSE
"380","Erick Strickland","SG",0.619,"DAL",0.829,0.817,0.573,0.306,0.336,0.577,0.182,0.21,0.392,0.253,0.307,0.447,0.537,0.214,0.201,0.831,0.132,0.252,0.211,0.181,0.427,0.035,0.22,0.512,0.306,"2000",FALSE,0,0,40,FALSE
"382","Rod Strickland","PG",0.786,"WAS",0.841,0.817,0.619,0.316,0.351,0.572,0.002,0.024,0.048,0.339,0.418,0.44,0.478,0.283,0.314,0.702,0.14,0.185,0.169,0.446,0.382,0.048,0.403,0.396,0.307,"2000",FALSE,0,0,29,FALSE
"383","Derek Strong","PF",0.738,"ORL",0.244,0,0.042,0.02,0.022,0.584,0.002,0.005,0.25,0.021,0.025,0.455,0.498,0.015,0.014,0.786,0.021,0.033,0.029,0.003,0.02,0.005,0.026,0.04,0.019,"2000",FALSE,0,0,41,FALSE
"385","Bob Sura","SG",0.619,"CLE",0.89,0.549,0.627,0.344,0.375,0.583,0.303,0.375,0.367,0.243,0.272,0.484,0.569,0.231,0.258,0.697,0.096,0.236,0.188,0.244,0.37,0.051,0.319,0.542,0.356,"2000",FALSE,0,0,32,FALSE
"386","Wally Szczerbiak","SF",0.524,"MIN",0.89,0.646,0.614,0.331,0.308,0.681,0.07,0.088,0.359,0.327,0.333,0.531,0.591,0.176,0.166,0.826,0.17,0.182,0.178,0.173,0.236,0.061,0.179,0.472,0.298,"2000",FALSE,0,0,50,FALSE
"389","Maurice Taylor","PF",0.548,"LAC",0.756,0.732,0.63,0.443,0.455,0.619,0.002,0.009,0.125,0.476,0.553,0.466,0.516,0.189,0.207,0.711,0.184,0.302,0.261,0.087,0.207,0.128,0.364,0.585,0.374,"2000",FALSE,0,0,15,FALSE
"390","Jason Terry","PG",0.524,"ATL",0.988,0.329,0.534,0.241,0.276,0.553,0.114,0.177,0.293,0.211,0.25,0.458,0.503,0.149,0.144,0.807,0.046,0.141,0.108,0.297,0.366,0.027,0.336,0.358,0.232,"2000",FALSE,0,0,28,FALSE
"392","John Thomas","C",0.571,"TOR",0.671,0.073,0.135,0.047,0.049,0.611,0,0.001,0,0.051,0.06,0.462,0.509,0.021,0.042,0.39,0.071,0.038,0.049,0.008,0.049,0.037,0.03,0.286,0.04,"2000",FALSE,0,0,45,FALSE
"393","Kenny Thomas","PF",0.524,"HOU",0.878,0.354,0.509,0.205,0.244,0.532,0.08,0.138,0.262,0.187,0.231,0.44,0.477,0.183,0.215,0.66,0.281,0.288,0.286,0.097,0.22,0.059,0.241,0.45,0.21,"2000",FALSE,0,0,34,FALSE
"394","Kurt Thomas","PF",0.643,"NYK",0.976,0.256,0.558,0.261,0.246,0.673,0.002,0.003,0.333,0.28,0.3,0.506,0.562,0.132,0.132,0.781,0.275,0.358,0.33,0.07,0.207,0.112,0.226,0.749,0.226,"2000",FALSE,0,0,50,FALSE
"395","Tim Thomas","SF",0.524,"MIL",0.976,0.012,0.592,0.336,0.347,0.615,0.157,0.205,0.346,0.296,0.322,0.497,0.559,0.249,0.25,0.774,0.191,0.23,0.217,0.097,0.24,0.082,0.278,0.612,0.334,"2000",FALSE,0,0,42,FALSE
"396","Otis Thorpe","PF",0.881,"MIA",0.622,0.012,0.22,0.121,0.112,0.685,0,0.003,0,0.13,0.135,0.521,0.571,0.038,0.049,0.604,0.107,0.109,0.108,0.028,0.106,0.024,0.127,0.367,0.099,"2000",FALSE,0,0,52,FALSE
"397","Robert Traylor","PF",0.524,"MIL",0.537,0.195,0.127,0.056,0.056,0.633,0,0.005,0,0.06,0.067,0.492,0.528,0.054,0.07,0.603,0.096,0.065,0.075,0.017,0.102,0.066,0.058,0.213,0.055,"2000",FALSE,0,0,42,FALSE
"398","Gary Trent","SF",0.595,"DAL",0.134,0.134,0.085,0.068,0.065,0.657,0,0.002,0,0.073,0.079,0.5,0.548,0.015,0.022,0.524,0.038,0.032,0.034,0.019,0.033,0.008,0.054,0.075,0.053,"2000",FALSE,0,0,40,FALSE
"401","Nick Van Exel","PG",0.667,"DEN",0.963,0.963,0.835,0.457,0.558,0.52,0.331,0.453,0.332,0.354,0.458,0.419,0.494,0.259,0.247,0.817,0.065,0.275,0.203,0.613,0.276,0.029,0.476,0.399,0.45,"2000",FALSE,0,0,35,FALSE
"402","Keith Van Horn","PF",0.571,"NJN",0.976,0.976,0.787,0.541,0.578,0.593,0.209,0.257,0.368,0.494,0.58,0.462,0.531,0.44,0.404,0.847,0.382,0.473,0.442,0.136,0.26,0.16,0.528,0.695,0.542,"2000",FALSE,0,0,31,FALSE
"403","Jacque Vaughn","PG",0.571,"UTA",0.951,0,0.25,0.105,0.121,0.555,0.035,0.038,0.412,0.099,0.129,0.417,0.492,0.075,0.078,0.75,0.021,0.054,0.042,0.104,0.13,0,0.166,0.248,0.102,"2000",FALSE,0,0,55,FALSE
"404","Loy Vaught","PF",0.738,"DET",0.524,0,0.083,0.031,0.041,0.48,0,0.003,0,0.033,0.049,0.372,0.4,0.015,0.016,0.688,0.05,0.065,0.059,0.009,0.024,0.011,0.024,0.121,0.026,"2000",FALSE,0,0,42,FALSE
"405","Fred Vinson","SG",0.69,"SEA",0.098,0,0.011,0.005,0.008,0.392,0.005,0.008,0.286,0.003,0.006,0.3,0.392,0.001,0.002,0.5,0,0.001,0.001,0,0.012,0,0.009,0.005,0.005,"2000",FALSE,0,0,45,FALSE
"406","Antoine Walker","PF",0.548,"BOS",1,1,0.85,0.627,0.693,0.573,0.182,0.322,0.256,0.598,0.689,0.471,0.506,0.411,0.458,0.699,0.38,0.45,0.426,0.262,0.476,0.085,0.558,0.709,0.593,"2000",FALSE,0,0,35,FALSE
"409","John Wallace","SF",0.595,"NYK",0.732,0,0.226,0.15,0.153,0.623,0,0.003,0,0.161,0.186,0.471,0.519,0.108,0.105,0.804,0.08,0.092,0.088,0.019,0.041,0.037,0.136,0.278,0.138,"2000",FALSE,0,0,50,FALSE
"410","Rasheed Wallace","PF",0.595,"POR",0.988,0.939,0.805,0.524,0.481,0.692,0.02,0.056,0.16,0.556,0.561,0.537,0.58,0.308,0.341,0.704,0.247,0.434,0.37,0.122,0.354,0.285,0.338,0.582,0.468,"2000",FALSE,0,0,59,FALSE
"411","Rex Walters","PG",0.69,"MIA",0.402,0,0.11,0.037,0.042,0.557,0.012,0.023,0.25,0.034,0.04,0.465,0.494,0.016,0.016,0.75,0.015,0.028,0.024,0.056,0.024,0,0.062,0.119,0.033,"2000",FALSE,0,0,52,FALSE
"412","Charlie Ward","PG",0.69,"NYK",0.878,0.841,0.562,0.183,0.206,0.564,0.254,0.298,0.386,0.091,0.103,0.475,0.597,0.063,0.06,0.828,0.042,0.205,0.149,0.258,0.386,0.043,0.22,0.474,0.186,"2000",FALSE,0,0,50,FALSE
"414","Chris Webber","PF",0.619,"SAC",0.915,0.915,0.815,0.723,0.712,0.644,0.067,0.107,0.284,0.75,0.82,0.496,0.547,0.411,0.426,0.751,0.361,0.594,0.514,0.296,0.488,0.34,0.47,0.712,0.648,"2000",FALSE,0,0.079,44,TRUE
"415","Bonzi Wells","SF",0.548,"POR",0.805,0,0.329,0.228,0.221,0.656,0.05,0.06,0.377,0.225,0.241,0.506,0.57,0.116,0.133,0.682,0.149,0.103,0.119,0.083,0.28,0.032,0.209,0.412,0.205,"2000",FALSE,0,0,59,FALSE
"417","David Wesley","PG",0.69,"CHH",1,1,0.781,0.394,0.439,0.568,0.219,0.28,0.355,0.332,0.399,0.451,0.524,0.283,0.283,0.778,0.075,0.185,0.147,0.398,0.443,0.029,0.343,0.501,0.394,"2000",FALSE,0,0,49,FALSE
"418","Doug West","SG",0.762,"VAN",0.463,0,0.164,0.057,0.067,0.543,0,0.003,0,0.061,0.08,0.415,0.452,0.045,0.041,0.85,0.034,0.053,0.046,0.037,0.049,0.021,0.041,0.216,0.054,"2000",FALSE,0,0,22,FALSE
"421","Chris Whitney","PG",0.667,"WAS",1,0.183,0.461,0.21,0.24,0.556,0.239,0.288,0.376,0.126,0.15,0.455,0.566,0.148,0.136,0.848,0.038,0.113,0.088,0.269,0.224,0.013,0.231,0.447,0.227,"2000",FALSE,0,0,29,FALSE
"422","Aaron Williams","PF",0.667,"WAS",0.988,0,0.437,0.227,0.207,0.696,0,0.003,0,0.245,0.252,0.526,0.58,0.193,0.207,0.726,0.304,0.248,0.267,0.05,0.167,0.245,0.172,0.631,0.218,"2000",FALSE,0,0,29,FALSE
"423","Alvin Williams","PG",0.595,"TOR",0.671,0.341,0.22,0.11,0.132,0.529,0.04,0.062,0.291,0.102,0.131,0.422,0.472,0.063,0.067,0.738,0.052,0.058,0.056,0.108,0.138,0.029,0.101,0.21,0.103,"2000",FALSE,0,0,45,FALSE
"424","Eric Williams","SF",0.643,"BOS",0.829,0.207,0.39,0.16,0.178,0.569,0.062,0.081,0.347,0.146,0.177,0.446,0.511,0.177,0.174,0.793,0.105,0.1,0.102,0.08,0.179,0.043,0.142,0.445,0.173,"2000",FALSE,0,0,35,FALSE
"425","Jason Williams","PG",0.571,"SAC",0.988,0.988,0.781,0.351,0.448,0.497,0.361,0.57,0.287,0.227,0.264,0.466,0.498,0.169,0.175,0.753,0.042,0.207,0.15,0.506,0.476,0.021,0.638,0.377,0.353,"2000",FALSE,0,0,44,FALSE
"426","Jerome Williams","PF",0.619,"DET",1,0.012,0.595,0.249,0.21,0.752,0,0.003,0,0.267,0.255,0.567,0.627,0.231,0.292,0.616,0.53,0.508,0.516,0.058,0.386,0.056,0.226,0.528,0.243,"2000",FALSE,0,0,42,FALSE
"428","Monty Williams","SF",0.667,"ORL",0.915,0.28,0.425,0.254,0.248,0.652,0.005,0.006,0.4,0.272,0.301,0.49,0.546,0.163,0.171,0.741,0.184,0.153,0.163,0.091,0.187,0.045,0.235,0.504,0.23,"2000",FALSE,0,0,41,FALSE
"430","Shammond Williams","PG",0.571,"SEA",0.524,0.061,0.146,0.081,0.104,0.497,0.06,0.091,0.296,0.062,0.081,0.417,0.474,0.044,0.052,0.647,0.023,0.04,0.034,0.067,0.073,0,0.086,0.105,0.079,"2000",FALSE,0,0,45,FALSE
"431","Walt Williams","SF",0.69,"HOU",0.927,0.805,0.526,0.302,0.313,0.611,0.254,0.295,0.391,0.219,0.237,0.5,0.592,0.134,0.127,0.821,0.132,0.235,0.2,0.135,0.199,0.117,0.244,0.512,0.292,"2000",FALSE,0,0,34,FALSE
"433","Kevin Willis","PF",0.881,"TOR",0.963,0.012,0.475,0.228,0.262,0.553,0.002,0.003,0.333,0.245,0.319,0.415,0.462,0.173,0.169,0.799,0.384,0.279,0.315,0.042,0.146,0.128,0.211,0.69,0.213,"2000",FALSE,0,0,45,FALSE
"434","Dedric Willoughby","PG",0.595,"CHI",0.305,0.012,0.144,0.059,0.082,0.455,0.072,0.111,0.296,0.033,0.046,0.395,0.469,0.052,0.052,0.765,0.021,0.04,0.033,0.057,0.093,0.005,0.08,0.086,0.067,"2000",FALSE,0,0,17,FALSE
"437","Metta World Peace","SF",0.476,"CHI",0.878,0.768,0.633,0.299,0.349,0.543,0.149,0.216,0.314,0.259,0.32,0.438,0.497,0.249,0.287,0.674,0.119,0.244,0.201,0.174,0.484,0.104,0.358,0.429,0.306,"2000",FALSE,0,0,17,FALSE
"438","Lorenzen Wright","C",0.571,"ATL",0.915,0,0.341,0.174,0.166,0.665,0.002,0.003,0.333,0.186,0.202,0.5,0.556,0.115,0.139,0.644,0.224,0.187,0.199,0.018,0.118,0.106,0.142,0.547,0.158,"2000",FALSE,0,0,28,FALSE
"  1","Mahmoud Abdul-Rauf","PG",0.738,"VAN",0.5,0,0.138,0.116,0.113,0.651,0.01,0.016,0.286,0.121,0.131,0.5,0.551,0.029,0.03,0.759,0.01,0.02,0.016,0.065,0.037,0.003,0.056,0.135,0.094,"2001",FALSE,0,0,23,FALSE
"  2","Tariq Abdul-Wahad","SG",0.619,"DEN",0.354,0.146,0.119,0.042,0.051,0.516,0.01,0.011,0.4,0.041,0.057,0.386,0.45,0.028,0.037,0.583,0.027,0.045,0.039,0.019,0.057,0.035,0.073,0.146,0.039,"2001",FALSE,0,0,40,FALSE
"  3","Shareef Abdur-Rahim","SF",0.571,"VAN",0.988,0.988,0.917,0.584,0.589,0.629,0.03,0.072,0.188,0.616,0.686,0.487,0.53,0.586,0.546,0.834,0.335,0.556,0.48,0.215,0.366,0.205,0.498,0.642,0.587,"2001",FALSE,0,0,23,FALSE
"  4","Cory Alexander","PG",0.643,"ORL",0.317,0,0.064,0.017,0.026,0.428,0.01,0.018,0.25,0.015,0.023,0.35,0.397,0.016,0.019,0.667,0,0.025,0.016,0.031,0.065,0,0.054,0.078,0.018,"2001",FALSE,0,0,43,FALSE
"  6","Ray Allen","SG",0.595,"MIL",1,1,0.886,0.607,0.602,0.64,0.502,0.527,0.433,0.443,0.475,0.506,0.619,0.46,0.403,0.888,0.193,0.325,0.28,0.321,0.504,0.053,0.44,0.518,0.638,"2001",FALSE,0,0.006,52,TRUE
"  7","Rafer Alston","PG",0.571,"MIL",0.451,0.024,0.082,0.029,0.039,0.476,0.02,0.034,0.267,0.023,0.03,0.407,0.45,0.012,0.013,0.692,0.008,0.027,0.02,0.058,0.053,0,0.043,0.073,0.027,"2001",FALSE,0,0,52,FALSE
"  8","John Amaechi","C",0.714,"ORL",1,0.439,0.484,0.229,0.272,0.533,0,0.008,0,0.247,0.33,0.405,0.444,0.233,0.287,0.631,0.147,0.19,0.175,0.064,0.114,0.077,0.267,0.472,0.23,"2001",FALSE,0,0,43,FALSE
"  9","Derek Anderson","SG",0.619,"SAS",1,1,0.809,0.399,0.457,0.555,0.251,0.286,0.399,0.325,0.417,0.422,0.519,0.452,0.414,0.851,0.143,0.286,0.237,0.259,0.488,0.037,0.356,0.507,0.448,"2001",FALSE,0,0,58,FALSE
" 10","Kenny Anderson","PG",0.714,"BOS",0.402,0.341,0.24,0.085,0.104,0.517,0.027,0.037,0.333,0.08,0.109,0.397,0.458,0.078,0.073,0.831,0.031,0.057,0.048,0.115,0.179,0.005,0.112,0.167,0.087,"2001",FALSE,0,0,36,FALSE
" 12","Shandon Anderson","SG",0.643,"HOU",1,1,0.678,0.254,0.272,0.595,0.114,0.192,0.271,0.226,0.237,0.517,0.539,0.183,0.193,0.734,0.138,0.259,0.218,0.162,0.333,0.106,0.282,0.544,0.251,"2001",FALSE,0,0,45,FALSE
" 13","Greg Anthony","PG",0.786,"POR",0.707,0,0.242,0.094,0.116,0.511,0.162,0.179,0.409,0.033,0.053,0.34,0.569,0.03,0.036,0.657,0.04,0.04,0.04,0.07,0.163,0.008,0.093,0.17,0.1,"2001",FALSE,0,0,50,FALSE
" 14","Darrell Armstrong","PG",0.762,"ORL",0.915,0.915,0.783,0.399,0.461,0.549,0.356,0.455,0.355,0.281,0.338,0.451,0.538,0.291,0.256,0.884,0.18,0.247,0.224,0.45,0.549,0.035,0.431,0.418,0.42,"2001",FALSE,0,0,43,FALSE
" 15","Chucky Atkins","PG",0.619,"DET",0.988,0.915,0.669,0.368,0.438,0.532,0.301,0.383,0.357,0.27,0.346,0.423,0.514,0.119,0.134,0.692,0.054,0.144,0.113,0.284,0.272,0.013,0.321,0.496,0.343,"2001",FALSE,0,0,32,FALSE
" 16","Stacey Augmon","SG",0.762,"POR",0.805,0.28,0.335,0.123,0.122,0.636,0,0.005,0,0.132,0.148,0.485,0.53,0.075,0.09,0.655,0.115,0.098,0.104,0.084,0.195,0.056,0.103,0.283,0.11,"2001",FALSE,0,0,50,FALSE
" 17","Isaac Austin","C",0.738,"VAN",0.634,0.195,0.239,0.093,0.124,0.475,0.015,0.027,0.25,0.094,0.139,0.366,0.408,0.037,0.041,0.7,0.096,0.171,0.145,0.05,0.081,0.061,0.116,0.253,0.08,"2001",FALSE,0,0,23,FALSE
" 18","William Avery","PG",0.5,"MIN",0.671,0,0.131,0.053,0.066,0.509,0.04,0.067,0.271,0.041,0.048,0.459,0.487,0.037,0.037,0.778,0.01,0.024,0.019,0.064,0.053,0.011,0.097,0.129,0.054,"2001",FALSE,0,0,47,FALSE
" 19","Dalibor Bagaric","C",0.476,"CHI",0.427,0,0.073,0.016,0.03,0.349,0,0.001,0,0.018,0.036,0.266,0.291,0.017,0.029,0.464,0.042,0.034,0.037,0.009,0.037,0.043,0.045,0.119,0.017,"2001",FALSE,0,0,15,FALSE
" 20","Vin Baker","PF",0.69,"SEA",0.927,0.329,0.603,0.336,0.378,0.563,0.002,0.018,0.063,0.36,0.455,0.429,0.47,0.307,0.33,0.723,0.342,0.249,0.281,0.077,0.154,0.194,0.341,0.712,0.327,"2001",FALSE,0,0,44,FALSE
" 22","Dana Barros","PG",0.786,"DET",0.732,0,0.305,0.177,0.19,0.592,0.109,0.119,0.419,0.145,0.173,0.453,0.553,0.09,0.082,0.85,0.011,0.087,0.061,0.095,0.122,0.005,0.129,0.17,0.169,"2001",FALSE,0,0,32,FALSE
" 23","Brent Barry","SG",0.69,"SEA",0.817,0.244,0.503,0.191,0.185,0.659,0.271,0.258,0.476,0.093,0.097,0.517,0.7,0.111,0.106,0.816,0.063,0.177,0.138,0.193,0.325,0.037,0.185,0.34,0.208,"2001",FALSE,0,0,44,FALSE
" 24","Jon Barry","SG",0.738,"SAC",0.756,0.024,0.286,0.1,0.117,0.539,0.114,0.149,0.348,0.059,0.069,0.463,0.549,0.085,0.075,0.877,0.031,0.077,0.061,0.112,0.114,0.016,0.114,0.178,0.112,"2001",FALSE,0,0,55,FALSE
" 25","Tony Battie","C",0.571,"BOS",0.488,0.305,0.239,0.104,0.092,0.716,0,0.003,0,0.112,0.112,0.545,0.597,0.058,0.071,0.638,0.14,0.159,0.152,0.014,0.11,0.16,0.08,0.34,0.092,"2001",FALSE,0,0,36,FALSE
" 27","Jonathan Bender","SF",0.476,"IND",0.72,0.085,0.162,0.064,0.086,0.473,0.027,0.046,0.268,0.057,0.082,0.379,0.427,0.066,0.07,0.735,0.027,0.06,0.048,0.027,0.028,0.074,0.091,0.197,0.068,"2001",FALSE,0,0,41,FALSE
" 28","Corey Benjamin","PG",0.524,"CHI",0.793,0.061,0.243,0.111,0.139,0.508,0.052,0.091,0.259,0.098,0.125,0.425,0.462,0.074,0.085,0.675,0.073,0.062,0.065,0.059,0.114,0.043,0.136,0.345,0.108,"2001",FALSE,0,0,15,FALSE
" 29","David Benoit","SF",0.762,"UTA",0.598,0.024,0.126,0.069,0.068,0.644,0.012,0.015,0.385,0.069,0.076,0.493,0.556,0.041,0.04,0.795,0.038,0.061,0.053,0.019,0.024,0.016,0.06,0.202,0.063,"2001",FALSE,0,0,53,FALSE
" 30","Travis Best","PG",0.667,"IND",0.939,0.256,0.695,0.336,0.363,0.587,0.092,0.109,0.381,0.323,0.39,0.449,0.516,0.247,0.233,0.827,0.073,0.183,0.145,0.406,0.447,0.029,0.274,0.663,0.324,"2001",FALSE,0,0,41,FALSE
" 31","Mike Bibby","PG",0.524,"VAN",1,1,0.903,0.508,0.532,0.605,0.269,0.322,0.379,0.434,0.492,0.478,0.556,0.189,0.193,0.761,0.09,0.255,0.199,0.588,0.435,0.032,0.534,0.399,0.459,"2001",FALSE,0,0,23,FALSE
" 32","Chauncey Billups","SG",0.571,"MIN",0.939,0.402,0.507,0.24,0.27,0.563,0.182,0.219,0.376,0.182,0.222,0.445,0.539,0.19,0.176,0.842,0.061,0.125,0.103,0.223,0.207,0.029,0.239,0.48,0.252,"2001",FALSE,0,0,47,FALSE
" 33","Mookie Blaylock","PG",0.786,"GSW",0.841,0.72,0.666,0.307,0.369,0.528,0.182,0.254,0.324,0.254,0.325,0.424,0.49,0.07,0.078,0.697,0.136,0.2,0.178,0.397,0.663,0.053,0.276,0.361,0.268,"2001",FALSE,0,0,17,FALSE
" 39","Cal Bowdler","SF",0.548,"ATL",0.537,0,0.106,0.051,0.052,0.62,0.002,0.006,0.2,0.054,0.061,0.477,0.521,0.044,0.041,0.825,0.057,0.047,0.05,0.003,0.041,0.056,0.024,0.121,0.049,"2001",FALSE,0,0,25,FALSE
" 40","Bruce Bowen","SF",0.69,"MIA",1,0.878,0.76,0.204,0.267,0.484,0.256,0.347,0.336,0.112,0.155,0.394,0.502,0.13,0.166,0.609,0.086,0.199,0.16,0.113,0.337,0.141,0.159,0.725,0.22,"2001",FALSE,0,0,50,FALSE
" 41","Ryan Bowen","SF",0.595,"DEN",0.695,0,0.197,0.077,0.066,0.741,0.01,0.012,0.364,0.079,0.075,0.571,0.632,0.036,0.045,0.614,0.119,0.051,0.074,0.026,0.15,0.032,0.052,0.256,0.067,"2001",FALSE,0,0,40,FALSE
" 43","Earl Boykins","PG",0.571,"LAC",0.122,0,0.042,0.024,0.029,0.529,0.002,0.009,0.125,0.025,0.031,0.436,0.45,0.019,0.017,0.824,0.008,0.007,0.007,0.027,0.02,0,0.019,0.024,0.023,"2001",FALSE,0,0,31,FALSE
" 44","Shawn Bradley","C",0.667,"DAL",1,0.427,0.566,0.212,0.206,0.653,0.002,0.007,0.167,0.227,0.249,0.494,0.546,0.185,0.183,0.787,0.306,0.445,0.397,0.033,0.146,0.606,0.19,0.69,0.204,"2001",FALSE,0,0,53,FALSE
" 45","Elton Brand","PF",0.5,"CHI",0.902,0.902,0.823,0.559,0.559,0.635,0,0.002,0,0.601,0.684,0.477,0.529,0.442,0.486,0.708,0.545,0.458,0.488,0.206,0.289,0.314,0.472,0.655,0.526,"2001",FALSE,0,0,15,FALSE
" 46","Terrell Brandon","PG",0.714,"MIN",0.951,0.951,0.798,0.494,0.522,0.601,0.082,0.103,0.363,0.497,0.588,0.458,0.517,0.258,0.23,0.871,0.115,0.236,0.195,0.501,0.654,0.056,0.334,0.372,0.441,"2001",FALSE,0,0,47,FALSE
" 48","Dee Brown","PG",0.762,"ORL",0.085,0,0.044,0.015,0.02,0.485,0.03,0.036,0.375,0.004,0.007,0.333,0.556,0.005,0.005,0.8,0,0.011,0.007,0.01,0.016,0,0.015,0.027,0.017,"2001",FALSE,0,0,43,FALSE
" 49","P.J. Brown","C",0.738,"CHH",0.976,0.963,0.796,0.241,0.258,0.592,0,0.005,0,0.259,0.314,0.447,0.493,0.235,0.215,0.852,0.491,0.482,0.485,0.109,0.317,0.245,0.233,0.701,0.239,"2001",FALSE,0,0,46,FALSE
" 50","Randy Brown","PG",0.762,"BOS",0.659,0.427,0.35,0.097,0.109,0.563,0,0.003,0,0.104,0.132,0.427,0.469,0.03,0.041,0.575,0.044,0.075,0.065,0.132,0.252,0.027,0.121,0.356,0.079,"2001",FALSE,0,0,36,FALSE
" 52","Kobe Bryant","SG",0.524,"LAL",0.829,0.829,0.788,0.678,0.695,0.619,0.152,0.226,0.305,0.666,0.739,0.489,0.538,0.628,0.573,0.853,0.199,0.293,0.261,0.29,0.463,0.114,0.474,0.598,0.684,"2001",FALSE,0,0.009,56,TRUE
" 54","Greg Buckner","SG",0.571,"DAL",0.451,0.11,0.232,0.081,0.088,0.584,0.005,0.008,0.286,0.085,0.104,0.443,0.492,0.078,0.083,0.728,0.115,0.096,0.103,0.042,0.134,0.024,0.058,0.318,0.081,"2001",FALSE,0,0,53,FALSE
" 55","Jud Buechler","SF",0.762,"DET",0.695,0.037,0.209,0.074,0.075,0.617,0.08,0.087,0.416,0.046,0.049,0.506,0.623,0.012,0.012,0.75,0.038,0.073,0.061,0.034,0.085,0.027,0.054,0.224,0.068,"2001",FALSE,0,0,32,FALSE
" 56","Rodney Buford","SF",0.548,"PHI",0.573,0,0.162,0.101,0.111,0.576,0.04,0.043,0.421,0.092,0.114,0.433,0.517,0.032,0.03,0.828,0.031,0.058,0.048,0.015,0.069,0.016,0.062,0.183,0.088,"2001",FALSE,0,0,56,FALSE
" 57","Matt Bullard","PF",0.786,"HOU",0.744,0.061,0.283,0.125,0.14,0.564,0.214,0.24,0.404,0.045,0.052,0.467,0.627,0.013,0.014,0.714,0.042,0.107,0.085,0.036,0.041,0.024,0.026,0.205,0.125,"2001",FALSE,0,0,45,FALSE
" 58","Scott Burrell","SF",0.714,"CHH",0.049,0,0.012,0.007,0.007,0.623,0.005,0.007,0.333,0.005,0.005,0.556,0.592,0.001,0.004,0.25,0.002,0.002,0.002,0.001,0.012,0,0,0.022,0.006,"2001",FALSE,0,0,46,FALSE
" 60","Marcus Camby","C",0.619,"NYK",0.768,0.768,0.602,0.294,0.267,0.699,0.002,0.009,0.125,0.315,0.323,0.53,0.583,0.198,0.231,0.667,0.375,0.523,0.473,0.045,0.268,0.362,0.136,0.553,0.268,"2001",FALSE,0,0,48,FALSE
" 61","Elden Campbell","PF",0.762,"CHH",0.951,0.951,0.661,0.355,0.384,0.587,0,0.007,0,0.382,0.467,0.443,0.489,0.381,0.418,0.709,0.3,0.448,0.397,0.089,0.244,0.372,0.31,0.755,0.361,"2001",FALSE,0,0,46,FALSE
" 62","Brian Cardinal","PF",0.548,"DET",0.183,0,0.036,0.01,0.014,0.431,0,0.006,0,0.01,0.015,0.385,0.359,0.015,0.019,0.611,0.015,0.015,0.015,0.003,0.028,0.005,0.019,0.073,0.011,"2001",FALSE,0,0,32,FALSE
" 63","Chris Carr","SG",0.619,"BOS",0.427,0,0.087,0.051,0.052,0.631,0.042,0.042,0.459,0.037,0.042,0.48,0.61,0.061,0.062,0.767,0.021,0.033,0.029,0.009,0.016,0.008,0.041,0.121,0.06,"2001",FALSE,0,0,36,FALSE
" 64","Anthony Carter","PG",0.595,"MIA",0.878,0.073,0.461,0.189,0.221,0.541,0.015,0.045,0.15,0.197,0.248,0.43,0.459,0.086,0.106,0.631,0.088,0.133,0.118,0.23,0.297,0.027,0.256,0.415,0.163,"2001",FALSE,0,0,50,FALSE
" 65","Vince Carter","SF",0.571,"TOR",0.915,0.915,0.843,0.737,0.762,0.613,0.403,0.448,0.408,0.624,0.71,0.477,0.566,0.508,0.516,0.765,0.337,0.238,0.272,0.25,0.463,0.218,0.36,0.553,0.731,"2001",FALSE,0,0.006,47,TRUE
" 66","Sam Cassell","PG",0.738,"MIL",0.927,0.915,0.767,0.519,0.521,0.632,0.075,0.111,0.306,0.528,0.583,0.49,0.542,0.366,0.332,0.858,0.088,0.242,0.19,0.498,0.358,0.021,0.474,0.577,0.488,"2001",FALSE,0,0,52,FALSE
" 72","Doug Christie","SG",0.714,"SAC",0.988,0.988,0.832,0.301,0.363,0.527,0.234,0.282,0.376,0.226,0.303,0.403,0.504,0.37,0.321,0.897,0.182,0.258,0.232,0.248,0.744,0.12,0.332,0.604,0.352,"2001",FALSE,0,0,55,FALSE
" 74","Mateen Cleaves","PG",0.548,"DET",0.951,0.098,0.359,0.155,0.184,0.533,0.012,0.019,0.294,0.161,0.216,0.405,0.451,0.128,0.141,0.708,0.05,0.105,0.086,0.178,0.199,0.003,0.3,0.412,0.149,"2001",FALSE,0,0,32,FALSE
" 76","Derrick Coleman","PF",0.786,"CHH",0.415,0.037,0.193,0.094,0.117,0.507,0.05,0.058,0.392,0.08,0.115,0.377,0.467,0.083,0.095,0.685,0.088,0.137,0.12,0.034,0.041,0.056,0.091,0.143,0.098,"2001",FALSE,0,0,46,FALSE
" 77","Bimbo Coles","PG",0.762,"CLE",0.573,0,0.228,0.088,0.11,0.508,0.005,0.018,0.125,0.093,0.126,0.399,0.428,0.063,0.058,0.857,0.017,0.039,0.031,0.119,0.11,0.016,0.127,0.235,0.082,"2001",FALSE,0,0,30,FALSE
" 78","Jason Collier","C",0.548,"HOU",0.28,0,0.063,0.026,0.033,0.507,0,0.001,0,0.028,0.039,0.386,0.422,0.022,0.025,0.708,0.023,0.025,0.024,0.005,0.008,0.008,0.024,0.073,0.025,"2001",FALSE,0,0,45,FALSE
" 80","Tyrone Corbin","SF",0.905,"TOR",0.183,0.012,0.033,0.009,0.017,0.316,0,0.006,0,0.009,0.019,0.273,0.263,0.003,0.004,0.5,0.006,0.01,0.008,0.003,0.008,0,0.006,0.049,0.007,"2001",FALSE,0,0,47,FALSE
" 81","Chris Crawford","PF",0.595,"ATL",0.573,0.268,0.255,0.118,0.124,0.603,0.015,0.025,0.273,0.121,0.14,0.468,0.514,0.09,0.085,0.819,0.054,0.081,0.072,0.032,0.085,0.043,0.134,0.315,0.112,"2001",FALSE,0,0,25,FALSE
" 82","Jamal Crawford","PG",0.476,"CHI",0.744,0.098,0.297,0.103,0.14,0.469,0.102,0.132,0.35,0.069,0.105,0.353,0.466,0.036,0.035,0.794,0.017,0.079,0.058,0.121,0.175,0.037,0.183,0.183,0.1,"2001",FALSE,0,0,15,FALSE
" 83","Austin Croshere","PF",0.595,"IND",0.988,0.28,0.53,0.267,0.323,0.525,0.174,0.234,0.338,0.214,0.279,0.417,0.493,0.265,0.238,0.866,0.235,0.262,0.253,0.079,0.146,0.133,0.293,0.485,0.29,"2001",FALSE,0,0,41,FALSE
" 84","John Crotty","PG",0.738,"UTA",0.378,0,0.075,0.021,0.03,0.451,0.01,0.008,0.571,0.019,0.033,0.31,0.41,0.022,0.02,0.895,0.025,0.015,0.018,0.029,0.024,0,0.041,0.086,0.023,"2001",FALSE,0,0,53,FALSE
" 85","Vonteego Cummings","PG",0.571,"GSW",0.805,0.134,0.423,0.172,0.238,0.459,0.119,0.161,0.336,0.135,0.211,0.348,0.434,0.104,0.119,0.681,0.09,0.089,0.09,0.195,0.272,0.037,0.196,0.431,0.171,"2001",FALSE,0,0,17,FALSE
" 87","Dell Curry","SG",0.857,"TOR",0.866,0.012,0.271,0.157,0.176,0.565,0.154,0.164,0.428,0.104,0.134,0.422,0.561,0.057,0.052,0.843,0.031,0.069,0.056,0.064,0.11,0.021,0.084,0.178,0.151,"2001",FALSE,0,0,47,FALSE
" 88","Michael Curry","SG",0.762,"DET",0.829,0.707,0.42,0.14,0.147,0.607,0.01,0.01,0.444,0.147,0.175,0.455,0.512,0.082,0.075,0.849,0.04,0.099,0.079,0.113,0.11,0.008,0.131,0.466,0.126,"2001",FALSE,0,0,32,FALSE
" 89","Erick Dampier","C",0.595,"GSW",0.524,0.317,0.294,0.122,0.145,0.535,0,0.002,0,0.131,0.176,0.404,0.446,0.089,0.13,0.532,0.185,0.152,0.163,0.051,0.069,0.154,0.177,0.332,0.113,"2001",FALSE,0,0,17,FALSE
" 90","Antonio Daniels","PG",0.595,"SAS",0.963,0.28,0.583,0.266,0.271,0.624,0.184,0.207,0.404,0.209,0.228,0.496,0.59,0.16,0.16,0.776,0.05,0.136,0.107,0.261,0.248,0.037,0.235,0.323,0.263,"2001",FALSE,0,0,58,FALSE
" 92","Antonio Davis","C",0.762,"TOR",0.951,0.939,0.772,0.363,0.399,0.577,0,0.001,0,0.39,0.488,0.434,0.481,0.422,0.435,0.754,0.524,0.509,0.514,0.091,0.089,0.402,0.291,0.62,0.377,"2001",FALSE,0,0,47,FALSE
" 93","Baron Davis","PG",0.5,"CHH",1,1,0.903,0.396,0.44,0.569,0.211,0.309,0.31,0.337,0.385,0.474,0.524,0.302,0.347,0.677,0.247,0.277,0.267,0.514,0.691,0.096,0.487,0.72,0.399,"2001",FALSE,0,0,46,FALSE
" 94","Dale Davis","C",0.738,"POR",0.988,0.524,0.612,0.234,0.224,0.663,0,0.005,0,0.252,0.272,0.501,0.552,0.127,0.156,0.632,0.446,0.37,0.396,0.088,0.179,0.202,0.144,0.536,0.205,"2001",FALSE,0,0,50,FALSE
" 95","Emanual Davis","SG",0.762,"SEA",0.756,0.476,0.365,0.129,0.146,0.557,0.124,0.143,0.394,0.086,0.108,0.435,0.552,0.06,0.057,0.818,0.054,0.125,0.101,0.118,0.26,0.032,0.166,0.272,0.127,"2001",FALSE,0,0,44,FALSE
" 97","Ricky Davis","SG",0.5,"MIA",0.085,0,0.02,0.012,0.013,0.552,0.002,0.001,1,0.011,0.016,0.393,0.479,0.009,0.008,0.875,0.002,0.006,0.005,0.009,0.02,0.005,0.011,0.019,0.011,"2001",FALSE,0,0,50,FALSE
" 99","Todd Day","SG",0.738,"MIN",0.378,0,0.098,0.043,0.054,0.497,0.065,0.078,0.377,0.019,0.028,0.367,0.537,0.024,0.024,0.783,0.019,0.027,0.024,0.024,0.041,0.019,0.052,0.14,0.047,"2001",FALSE,0,0,47,FALSE
"102","Tony Delk","SG",0.643,"PHO",1,0.134,0.648,0.37,0.425,0.553,0.134,0.19,0.321,0.342,0.426,0.436,0.493,0.245,0.242,0.787,0.145,0.184,0.171,0.137,0.305,0.045,0.218,0.461,0.355,"2001",FALSE,0,0,51,FALSE
"103","Derrick Dial","SG",0.595,"SAS",0.402,0,0.059,0.035,0.038,0.579,0.005,0.011,0.2,0.035,0.041,0.466,0.496,0.016,0.022,0.571,0.023,0.026,0.025,0.018,0.016,0.016,0.026,0.059,0.03,"2001",FALSE,0,0,58,FALSE
"104","Michael Dickerson","SG",0.595,"VAN",0.854,0.841,0.741,0.411,0.469,0.556,0.214,0.26,0.374,0.353,0.446,0.429,0.51,0.272,0.278,0.763,0.134,0.158,0.15,0.2,0.252,0.072,0.349,0.558,0.403,"2001",FALSE,0,0,23,FALSE
"105","Vlade Divac","C",0.762,"SAC",0.988,0.988,0.685,0.352,0.347,0.643,0.01,0.016,0.286,0.375,0.418,0.486,0.539,0.32,0.36,0.691,0.396,0.463,0.44,0.198,0.354,0.247,0.414,0.652,0.344,"2001",FALSE,0,0,55,FALSE
"106","Michael Doleac","C",0.548,"ORL",0.939,0.256,0.396,0.213,0.243,0.556,0,0.003,0,0.229,0.296,0.42,0.463,0.066,0.061,0.847,0.134,0.202,0.178,0.056,0.15,0.109,0.127,0.644,0.173,"2001",FALSE,0,0,43,FALSE
"107","Keyon Dooling","PG",0.476,"LAC",0.927,0.012,0.35,0.143,0.167,0.545,0.07,0.09,0.35,0.125,0.159,0.426,0.498,0.165,0.184,0.698,0.015,0.08,0.058,0.152,0.167,0.029,0.203,0.288,0.159,"2001",FALSE,0,0,31,FALSE
"108","Sherman Douglas","PG",0.81,"NJN",0.72,0.085,0.31,0.118,0.139,0.537,0.02,0.045,0.2,0.119,0.148,0.433,0.462,0.114,0.118,0.748,0.04,0.053,0.048,0.124,0.146,0.011,0.17,0.251,0.119,"2001",FALSE,0,0,26,FALSE
"109","Bryce Drew","PG",0.619,"CHI",0.585,0.5,0.369,0.12,0.15,0.505,0.1,0.119,0.381,0.087,0.125,0.378,0.489,0.019,0.02,0.737,0.023,0.057,0.045,0.159,0.13,0.008,0.147,0.267,0.107,"2001",FALSE,0,0,15,FALSE
"111","Tim Duncan","PF",0.571,"SAS",1,1,0.898,0.679,0.647,0.665,0.017,0.03,0.259,0.723,0.778,0.504,0.558,0.541,0.681,0.618,0.495,0.733,0.652,0.21,0.285,0.511,0.522,0.666,0.643,"2001",FALSE,18,0.569,58,TRUE
"112","Tyus Edney","PG",0.643,"IND",0.293,0,0.074,0.034,0.042,0.513,0.002,0.007,0.167,0.035,0.048,0.4,0.433,0.046,0.04,0.897,0.01,0.019,0.016,0.046,0.069,0,0.054,0.046,0.037,"2001",FALSE,0,0,41,FALSE
"113","Kevin Edwards","SG",0.833,"VAN",0.561,0.061,0.179,0.054,0.078,0.439,0.012,0.021,0.263,0.053,0.085,0.338,0.382,0.057,0.055,0.811,0.044,0.059,0.054,0.045,0.118,0.021,0.08,0.124,0.056,"2001",FALSE,0,0,23,FALSE
"114","Howard Eisley","SG",0.667,"DAL",1,0.488,0.687,0.256,0.311,0.524,0.266,0.304,0.398,0.164,0.229,0.389,0.524,0.138,0.13,0.825,0.044,0.173,0.129,0.253,0.402,0.032,0.22,0.588,0.262,"2001",FALSE,0,0,53,FALSE
"116","Khalid El-Amin","PG",0.5,"CHI",0.61,0.171,0.265,0.111,0.143,0.493,0.07,0.095,0.333,0.091,0.128,0.383,0.461,0.074,0.074,0.778,0.04,0.06,0.053,0.125,0.195,0.005,0.116,0.267,0.111,"2001",FALSE,0,0,15,FALSE
"117","Mario Elie","SG",0.881,"PHO",0.829,0.817,0.426,0.101,0.113,0.564,0.09,0.113,0.36,0.071,0.082,0.466,0.551,0.073,0.071,0.797,0.073,0.116,0.101,0.113,0.236,0.032,0.129,0.302,0.106,"2001",FALSE,0,0,51,FALSE
"118","Sean Elliott","SF",0.762,"SAS",0.634,0.415,0.348,0.142,0.156,0.579,0.137,0.146,0.426,0.096,0.118,0.438,0.572,0.079,0.086,0.714,0.033,0.152,0.111,0.07,0.093,0.066,0.11,0.216,0.144,"2001",FALSE,0,0,58,FALSE
"119","LaPhonso Ellis","PF",0.714,"MIN",1,0.061,0.551,0.288,0.295,0.619,0.017,0.025,0.318,0.303,0.35,0.469,0.522,0.224,0.22,0.79,0.38,0.293,0.323,0.08,0.272,0.197,0.233,0.782,0.273,"2001",FALSE,0,0,47,FALSE
"122","Patrick Ewing","C",0.905,"SEA",0.963,0.963,0.596,0.284,0.315,0.573,0,0.002,0,0.306,0.385,0.431,0.478,0.228,0.258,0.685,0.237,0.458,0.382,0.079,0.215,0.242,0.325,0.617,0.268,"2001",FALSE,0,0,44,FALSE
"124","Danny Ferry","SF",0.81,"SAS",0.976,0.354,0.478,0.172,0.173,0.633,0.174,0.176,0.449,0.112,0.124,0.493,0.631,0.029,0.031,0.733,0.105,0.167,0.146,0.061,0.114,0.056,0.108,0.456,0.158,"2001",FALSE,0,0,58,FALSE
"125","Michael Finley","SF",0.643,"DAL",1,1,0.975,0.688,0.714,0.611,0.226,0.297,0.346,0.645,0.727,0.481,0.541,0.333,0.334,0.775,0.208,0.314,0.278,0.309,0.48,0.085,0.409,0.469,0.623,"2001",FALSE,0,0.001,53,TRUE
"126","Derek Fisher","PG",0.619,"LAL",0.244,0.244,0.201,0.074,0.086,0.549,0.062,0.071,0.397,0.054,0.07,0.419,0.532,0.066,0.064,0.806,0.01,0.054,0.039,0.075,0.159,0.005,0.062,0.135,0.081,"2001",FALSE,0,0,56,FALSE
"127","Marcus Fizer","PF",0.524,"CHI",0.878,0.159,0.447,0.269,0.297,0.573,0.025,0.044,0.256,0.279,0.342,0.442,0.487,0.155,0.166,0.727,0.145,0.235,0.205,0.065,0.122,0.051,0.267,0.472,0.241,"2001",FALSE,0,0,15,FALSE
"129","Greg Foster","C",0.762,"LAL",0.756,0.098,0.128,0.054,0.061,0.561,0.007,0.01,0.333,0.055,0.07,0.427,0.48,0.013,0.014,0.714,0.055,0.082,0.073,0.027,0.037,0.032,0.054,0.205,0.044,"2001",FALSE,0,0,56,FALSE
"130","Jeff Foster","C",0.571,"IND",0.866,0.11,0.326,0.097,0.098,0.625,0.005,0.008,0.286,0.102,0.116,0.476,0.527,0.062,0.094,0.516,0.275,0.243,0.254,0.028,0.159,0.074,0.112,0.41,0.088,"2001",FALSE,0,0,41,FALSE
"131","Rick Fox","SF",0.738,"LAL",1,0.939,0.648,0.278,0.297,0.592,0.294,0.339,0.393,0.176,0.195,0.488,0.596,0.126,0.126,0.779,0.153,0.243,0.212,0.225,0.285,0.077,0.293,0.606,0.278,"2001",FALSE,0,0,56,FALSE
"133","Steve Francis","PG",0.548,"HOU",0.976,0.963,0.904,0.532,0.561,0.601,0.331,0.379,0.396,0.434,0.498,0.472,0.562,0.474,0.451,0.817,0.363,0.36,0.361,0.444,0.573,0.082,0.571,0.739,0.562,"2001",FALSE,0,0,45,FALSE
"137","Chris Garner","PG",0.595,"GSW",0.098,0,0.042,0.007,0.017,0.252,0,0.008,0,0.007,0.017,0.233,0.21,0.007,0.006,0.833,0.004,0.01,0.008,0.015,0.028,0.003,0.019,0.049,0.007,"2001",FALSE,0,0,17,FALSE
"138","Kevin Garnett","PF",0.571,"MIN",0.988,0.988,0.906,0.681,0.679,0.636,0.047,0.074,0.288,0.713,0.795,0.486,0.538,0.472,0.48,0.764,0.419,0.697,0.602,0.345,0.451,0.386,0.496,0.55,0.63,"2001",FALSE,1,0.122,47,TRUE
"140","Pat Garrity","SF",0.571,"ORL",0.927,0.012,0.447,0.216,0.265,0.516,0.241,0.253,0.433,0.131,0.199,0.358,0.523,0.112,0.101,0.867,0.098,0.158,0.137,0.044,0.163,0.04,0.147,0.65,0.222,"2001",FALSE,0,0,43,FALSE
"141","Chris Gatling","PF",0.786,"CLE",0.902,0.073,0.473,0.318,0.337,0.599,0.07,0.104,0.304,0.313,0.362,0.47,0.52,0.206,0.235,0.684,0.189,0.29,0.256,0.052,0.211,0.072,0.256,0.499,0.297,"2001",FALSE,0,0,30,FALSE
"142","Matt Geiger","C",0.738,"PHI",0.427,0.049,0.153,0.085,0.103,0.524,0,0.002,0,0.092,0.125,0.396,0.437,0.049,0.056,0.685,0.096,0.088,0.091,0.012,0.049,0.021,0.054,0.197,0.075,"2001",FALSE,0,0,56,FALSE
"143","Devean George","SF",0.548,"LAL",0.72,0.012,0.168,0.062,0.095,0.412,0.037,0.077,0.221,0.051,0.078,0.353,0.383,0.052,0.057,0.709,0.067,0.074,0.072,0.016,0.061,0.04,0.073,0.235,0.064,"2001",FALSE,0,0,56,FALSE
"144","Eddie Gill","PG",0.524,"NJN",0.098,0,0.043,0.015,0.019,0.52,0.007,0.01,0.333,0.014,0.018,0.406,0.474,0.005,0.005,0.8,0,0.009,0.006,0.021,0.016,0.003,0.022,0.024,0.014,"2001",FALSE,0,0,26,FALSE
"145","Kendall Gill","SG",0.762,"NJN",0.378,0.317,0.252,0.103,0.149,0.441,0.01,0.016,0.286,0.107,0.174,0.333,0.374,0.086,0.093,0.722,0.061,0.098,0.086,0.075,0.191,0.019,0.103,0.173,0.1,"2001",FALSE,0,0,26,FALSE
"146","Dion Glover","SG",0.524,"ATL",0.695,0.085,0.263,0.136,0.155,0.56,0.022,0.052,0.196,0.137,0.164,0.455,0.481,0.062,0.071,0.681,0.075,0.091,0.086,0.059,0.199,0.027,0.116,0.248,0.119,"2001",FALSE,0,0,25,FALSE
"147","Anthony Goldwire","PG",0.69,"DEN",0.244,0,0.057,0.029,0.037,0.5,0.022,0.038,0.265,0.022,0.026,0.457,0.479,0.017,0.017,0.765,0.002,0.011,0.008,0.029,0.037,0,0.032,0.035,0.029,"2001",FALSE,0,0,40,FALSE
"148","Steve Goodrich","PF",0.571,"CHI",0.146,0,0.038,0.007,0.008,0.519,0.002,0.003,0.333,0.006,0.008,0.4,0.463,0.005,0.007,0.571,0.013,0.014,0.014,0.005,0.008,0.003,0.017,0.038,0.007,"2001",FALSE,0,0,15,FALSE
"149","Brian Grant","C",0.667,"MIA",1,0.963,0.784,0.468,0.465,0.639,0,0.001,0,0.504,0.569,0.48,0.532,0.373,0.364,0.797,0.415,0.498,0.469,0.087,0.244,0.189,0.366,0.79,0.441,"2001",FALSE,0,0,50,FALSE
"151","Horace Grant","PF",0.833,"LAL",0.939,0.939,0.676,0.254,0.262,0.616,0,0.003,0,0.274,0.319,0.465,0.513,0.173,0.174,0.775,0.421,0.323,0.356,0.104,0.207,0.162,0.103,0.488,0.232,"2001",FALSE,0,0,56,FALSE
"152","A.C. Green","PF",0.881,"MIA",1,0.012,0.399,0.139,0.149,0.592,0,0.007,0,0.15,0.179,0.453,0.493,0.104,0.114,0.712,0.205,0.205,0.205,0.034,0.122,0.021,0.097,0.321,0.13,"2001",FALSE,0,0,50,FALSE
"153","Adrian Griffin","SF",0.619,"BOS",0.537,0,0.107,0.032,0.045,0.453,0.022,0.029,0.346,0.025,0.04,0.338,0.43,0.024,0.025,0.75,0.052,0.06,0.057,0.023,0.073,0.013,0.039,0.121,0.033,"2001",FALSE,0,0,36,FALSE
"154","Tom Gugliotta","PF",0.738,"PHO",0.695,0.024,0.328,0.144,0.175,0.523,0.007,0.014,0.25,0.152,0.208,0.397,0.44,0.081,0.079,0.792,0.145,0.178,0.167,0.047,0.191,0.056,0.11,0.296,0.128,"2001",FALSE,0,0,51,FALSE
"155","A.J. Guyton","PG",0.524,"CHI",0.402,0.098,0.178,0.075,0.088,0.541,0.067,0.078,0.391,0.053,0.069,0.415,0.53,0.02,0.019,0.833,0.019,0.026,0.024,0.055,0.037,0.013,0.052,0.094,0.07,"2001",FALSE,0,0,15,FALSE
"156","Darvin Ham","SF",0.643,"MIL",0.354,0.159,0.153,0.038,0.037,0.651,0.005,0.003,0.667,0.039,0.043,0.481,0.556,0.038,0.05,0.592,0.107,0.065,0.079,0.021,0.069,0.056,0.071,0.229,0.038,"2001",FALSE,0,0,52,FALSE
"157","Richard Hamilton","SF",0.524,"WAS",0.951,0.512,0.713,0.529,0.575,0.584,0.1,0.165,0.274,0.528,0.622,0.46,0.504,0.366,0.328,0.868,0.143,0.162,0.156,0.192,0.305,0.027,0.433,0.547,0.498,"2001",FALSE,0,0,19,FALSE
"160","Anfernee Hardaway","SG",0.69,"PHO",0.049,0.049,0.032,0.015,0.017,0.556,0.005,0.009,0.25,0.014,0.016,0.464,0.493,0.009,0.011,0.636,0.01,0.013,0.012,0.013,0.024,0.003,0.006,0.016,0.014,"2001",FALSE,0,0,51,FALSE
"161","Tim Hardaway","PG",0.81,"MIA",0.939,0.939,0.74,0.395,0.48,0.523,0.47,0.584,0.366,0.228,0.296,0.417,0.536,0.192,0.186,0.801,0.05,0.177,0.133,0.415,0.366,0.016,0.407,0.418,0.406,"2001",FALSE,0,0,50,FALSE
"162","Ron Harper","PG",0.881,"LAL",0.573,0.561,0.322,0.123,0.125,0.625,0.047,0.081,0.264,0.112,0.112,0.543,0.56,0.045,0.049,0.708,0.088,0.119,0.108,0.097,0.159,0.066,0.134,0.189,0.108,"2001",FALSE,0,0,56,FALSE
"163","Matt Harpring","SG",0.571,"CLE",0.683,0.671,0.457,0.23,0.241,0.605,0.032,0.059,0.25,0.234,0.266,0.477,0.519,0.177,0.17,0.812,0.172,0.151,0.158,0.088,0.171,0.045,0.194,0.434,0.22,"2001",FALSE,0,0,30,FALSE
"164","Al Harrington","PF",0.476,"IND",0.951,0.463,0.536,0.233,0.25,0.592,0.002,0.008,0.143,0.25,0.302,0.448,0.494,0.136,0.162,0.656,0.228,0.26,0.249,0.112,0.256,0.048,0.319,0.601,0.207,"2001",FALSE,0,0,41,FALSE
"166","Lucious Harris","SG",0.714,"NJN",0.89,0.61,0.586,0.256,0.287,0.567,0.114,0.149,0.348,0.228,0.277,0.445,0.513,0.142,0.143,0.77,0.136,0.215,0.188,0.116,0.301,0.043,0.138,0.342,0.241,"2001",FALSE,0,0,26,FALSE
"170","Hersey Hawkins","SG",0.81,"CHH",0.72,0,0.193,0.054,0.063,0.545,0.042,0.052,0.37,0.041,0.051,0.429,0.523,0.071,0.065,0.857,0.033,0.063,0.052,0.062,0.134,0.024,0.041,0.121,0.065,"2001",FALSE,0,0,46,FALSE
"172","Alan Henderson","PF",0.667,"ATL",0.89,0.512,0.512,0.288,0.309,0.592,0,0.001,0,0.31,0.378,0.445,0.493,0.229,0.279,0.638,0.344,0.224,0.265,0.043,0.207,0.077,0.272,0.442,0.272,"2001",FALSE,0,0,25,FALSE
"173","Cedric Henderson","SF",0.595,"CLE",0.671,0.122,0.272,0.099,0.121,0.519,0.002,0.009,0.125,0.105,0.143,0.398,0.434,0.04,0.047,0.652,0.036,0.071,0.059,0.068,0.118,0.061,0.136,0.272,0.083,"2001",FALSE,0,0,30,FALSE
"174","Chris Herren","PG",0.595,"BOS",0.305,0.085,0.115,0.028,0.044,0.403,0.04,0.062,0.291,0.014,0.023,0.317,0.428,0.012,0.012,0.75,0.008,0.017,0.014,0.048,0.057,0,0.043,0.116,0.029,"2001",FALSE,0,0,36,FALSE
"175","Grant Hill","SF",0.667,"ORL",0.049,0.049,0.038,0.018,0.02,0.589,0.002,0.001,1,0.019,0.024,0.429,0.503,0.021,0.027,0.615,0.015,0.017,0.016,0.021,0.02,0.005,0.024,0.024,0.019,"2001",FALSE,0,0,43,FALSE
"176","Tyrone Hill","PF",0.762,"PHI",0.927,0.915,0.669,0.269,0.27,0.632,0,0.001,0,0.289,0.331,0.474,0.527,0.228,0.281,0.63,0.457,0.445,0.449,0.041,0.15,0.072,0.274,0.652,0.257,"2001",FALSE,0,0,56,FALSE
"177","Fred Hoiberg","SG",0.667,"CHI",0.902,0.451,0.636,0.21,0.228,0.584,0.256,0.282,0.412,0.119,0.138,0.465,0.602,0.18,0.162,0.866,0.04,0.285,0.201,0.226,0.398,0.032,0.159,0.418,0.238,"2001",FALSE,0,0,15,FALSE
"178","Robert Horry","PF",0.714,"LAL",0.963,0.012,0.449,0.142,0.175,0.516,0.134,0.176,0.346,0.097,0.126,0.415,0.509,0.078,0.085,0.711,0.178,0.202,0.193,0.11,0.22,0.144,0.17,0.566,0.144,"2001",FALSE,0,0,56,FALSE
"179","Eddie House","PG",0.524,"MIA",0.61,0,0.156,0.101,0.114,0.561,0.047,0.062,0.345,0.088,0.108,0.443,0.511,0.032,0.036,0.686,0.01,0.037,0.027,0.045,0.053,0,0.075,0.156,0.089,"2001",FALSE,0,0,50,FALSE
"180","Allan Houston","SG",0.69,"NYK",0.951,0.951,0.809,0.524,0.556,0.599,0.239,0.284,0.381,0.464,0.539,0.467,0.542,0.369,0.316,0.909,0.038,0.261,0.185,0.149,0.211,0.027,0.347,0.512,0.515,"2001",FALSE,0,0,48,FALSE
"182","Troy Hudson","PG",0.571,"ORL",0.915,0.085,0.285,0.121,0.171,0.448,0.055,0.123,0.202,0.107,0.148,0.392,0.407,0.112,0.107,0.817,0.073,0.067,0.069,0.139,0.15,0.008,0.198,0.221,0.126,"2001",FALSE,0,0,43,FALSE
"183","Larry Hughes","SG",0.524,"GSW",0.61,0.549,0.523,0.298,0.37,0.511,0.035,0.085,0.187,0.306,0.412,0.403,0.434,0.255,0.259,0.766,0.145,0.199,0.18,0.192,0.39,0.077,0.328,0.396,0.291,"2001",FALSE,0,0,17,FALSE
"184","Lindsey Hunter","PG",0.714,"MIL",1,0.061,0.567,0.288,0.36,0.508,0.378,0.459,0.373,0.152,0.212,0.388,0.531,0.102,0.099,0.802,0.061,0.136,0.11,0.191,0.415,0.032,0.147,0.464,0.291,"2001",FALSE,0,0,52,FALSE
"185","Zydrunas Ilgauskas","C",0.595,"CLE",0.293,0.293,0.174,0.11,0.108,0.649,0,0.002,0,0.119,0.131,0.491,0.541,0.07,0.08,0.679,0.124,0.094,0.105,0.015,0.061,0.098,0.129,0.21,0.099,"2001",FALSE,0,0,30,FALSE
"186","Allen Iverson","SG",0.595,"PHI",0.866,0.866,0.843,0.737,0.834,0.56,0.244,0.345,0.32,0.691,0.85,0.441,0.497,0.774,0.74,0.814,0.096,0.221,0.178,0.279,0.724,0.053,0.511,0.396,0.779,"2001",TRUE,93,0.904,56,TRUE
"187","Bobby Jackson","PG",0.643,"SAC",0.963,0.085,0.466,0.223,0.242,0.585,0.097,0.117,0.375,0.2,0.238,0.455,0.529,0.086,0.091,0.739,0.141,0.171,0.161,0.138,0.354,0.019,0.222,0.375,0.2,"2001",FALSE,0,0,55,FALSE
"188","Jaren Jackson","SG",0.786,"SAS",0.195,0,0.032,0.015,0.018,0.533,0.017,0.02,0.389,0.009,0.012,0.409,0.542,0,0.002,0,0.002,0.011,0.008,0.006,0.02,0,0.006,0.035,0.014,"2001",FALSE,0,0,58,FALSE
"190","Marc Jackson","C",0.619,"GSW",0.585,0.427,0.399,0.229,0.234,0.623,0.012,0.026,0.217,0.241,0.274,0.478,0.523,0.204,0.198,0.802,0.228,0.24,0.236,0.051,0.138,0.072,0.2,0.372,0.224,"2001",FALSE,0,0,17,FALSE
"192","Stephen Jackson","SF",0.524,"NJN",0.939,0.488,0.47,0.235,0.263,0.567,0.129,0.175,0.335,0.199,0.235,0.458,0.522,0.128,0.139,0.719,0.078,0.166,0.136,0.12,0.35,0.037,0.28,0.447,0.224,"2001",FALSE,0,0,26,FALSE
"194","Tim James","SF",0.571,"CHH",0.366,0,0.056,0.015,0.024,0.411,0.002,0.003,0.333,0.016,0.028,0.306,0.352,0.016,0.014,0.857,0.029,0.02,0.023,0.007,0.008,0.013,0.017,0.073,0.016,"2001",FALSE,0,0,46,FALSE
"195","Antawn Jamison","SF",0.571,"GSW",1,1,0.961,0.774,0.834,0.589,0.154,0.231,0.302,0.768,0.906,0.459,0.51,0.505,0.549,0.715,0.535,0.432,0.467,0.141,0.463,0.074,0.429,0.606,0.722,"2001",FALSE,0,0,17,FALSE
"197","Avery Johnson","PG",0.833,"SAS",0.671,0.244,0.365,0.13,0.138,0.596,0.002,0.007,0.167,0.138,0.166,0.452,0.498,0.054,0.062,0.683,0.04,0.064,0.056,0.204,0.134,0.011,0.129,0.243,0.109,"2001",FALSE,0,0,58,FALSE
"198","DerMarr Johnson","SF",0.476,"ATL",0.951,0.256,0.372,0.141,0.179,0.499,0.102,0.143,0.323,0.109,0.148,0.399,0.474,0.085,0.09,0.736,0.107,0.121,0.116,0.055,0.175,0.08,0.2,0.361,0.14,"2001",FALSE,0,0,25,FALSE
"200","Larry Johnson","PF",0.738,"NYK",0.793,0.793,0.596,0.238,0.275,0.548,0.127,0.184,0.313,0.203,0.245,0.448,0.504,0.135,0.132,0.797,0.172,0.271,0.237,0.109,0.159,0.077,0.209,0.563,0.228,"2001",FALSE,0,0,48,FALSE
"201","Damon Jones","PG",0.571,"VAN",0.866,0.122,0.401,0.164,0.191,0.545,0.209,0.261,0.364,0.089,0.104,0.465,0.567,0.049,0.053,0.712,0.031,0.107,0.081,0.192,0.146,0.003,0.164,0.156,0.163,"2001",FALSE,0,0,23,FALSE
"202","Eddie Jones","SG",0.69,"MIA",0.768,0.707,0.646,0.375,0.401,0.593,0.224,0.269,0.378,0.31,0.357,0.471,0.552,0.302,0.278,0.844,0.143,0.215,0.191,0.147,0.447,0.154,0.291,0.493,0.386,"2001",FALSE,0,0,50,FALSE
"203","Jumaine Jones","SF",0.5,"PHI",0.793,0,0.245,0.118,0.127,0.592,0.05,0.068,0.333,0.106,0.121,0.474,0.533,0.053,0.055,0.755,0.12,0.125,0.124,0.027,0.122,0.04,0.084,0.183,0.107,"2001",FALSE,0,0,56,FALSE
"204","Popeye Jones","PF",0.714,"WAS",0.549,0.012,0.181,0.058,0.07,0.523,0.002,0.007,0.167,0.061,0.083,0.401,0.439,0.054,0.057,0.745,0.159,0.136,0.144,0.027,0.077,0.021,0.045,0.256,0.057,"2001",FALSE,0,0,19,FALSE
"206","Adam Keefe","PF",0.714,"GSW",0.817,0.159,0.237,0.062,0.073,0.537,0.002,0.003,0.333,0.066,0.088,0.404,0.451,0.052,0.065,0.619,0.172,0.118,0.137,0.031,0.114,0.053,0.086,0.275,0.059,"2001",FALSE,0,0,17,FALSE
"207","Shawn Kemp","PF",0.738,"POR",0.829,0.037,0.307,0.162,0.19,0.543,0.01,0.012,0.364,0.171,0.227,0.408,0.458,0.134,0.135,0.771,0.12,0.195,0.169,0.056,0.183,0.061,0.213,0.496,0.156,"2001",FALSE,0,0,50,FALSE
"208","Steve Kerr","PG",0.833,"SAS",0.671,0.012,0.184,0.065,0.073,0.561,0.082,0.087,0.429,0.035,0.046,0.415,0.583,0.019,0.015,0.933,0.011,0.029,0.023,0.049,0.065,0.003,0.045,0.081,0.064,"2001",FALSE,0,0,58,FALSE
"209","Jerome Kersey","SF",0.905,"MIL",0.268,0.024,0.069,0.031,0.032,0.619,0,0.001,0,0.033,0.038,0.471,0.516,0.011,0.016,0.5,0.015,0.037,0.029,0.013,0.057,0.021,0.013,0.097,0.025,"2001",FALSE,0,0,52,FALSE
"211","Jason Kidd","PG",0.643,"PHO",0.939,0.927,0.868,0.436,0.505,0.548,0.172,0.262,0.297,0.398,0.488,0.442,0.492,0.434,0.415,0.814,0.174,0.4,0.323,0.647,0.675,0.061,0.616,0.461,0.459,"2001",FALSE,0,0.015,51,TRUE
"214","Travis Knight","C",0.619,"NYK",0.549,0,0.072,0.01,0.024,0.252,0,0.001,0,0.01,0.029,0.192,0.21,0.012,0.019,0.5,0.036,0.034,0.035,0.004,0.02,0.029,0.022,0.127,0.01,"2001",FALSE,0,0,48,FALSE
"217","Raef LaFrentz","C",0.571,"DEN",0.951,0.902,0.695,0.374,0.374,0.636,0.127,0.157,0.367,0.35,0.38,0.499,0.564,0.242,0.27,0.698,0.331,0.431,0.397,0.092,0.15,0.548,0.209,0.782,0.356,"2001",FALSE,0,0,40,FALSE
"218","Trajan Langdon","SG",0.571,"CLE",0.793,0.061,0.316,0.131,0.144,0.575,0.127,0.14,0.411,0.087,0.107,0.444,0.57,0.09,0.078,0.895,0.023,0.076,0.058,0.07,0.154,0.024,0.112,0.307,0.137,"2001",FALSE,0,0,30,FALSE
"219","Dan Langhi","SF",0.548,"HOU",0.402,0,0.068,0.036,0.046,0.499,0,0.001,0,0.039,0.055,0.378,0.416,0.021,0.03,0.552,0.025,0.028,0.027,0.003,0.028,0.003,0.017,0.043,0.032,"2001",FALSE,0,0,45,FALSE
"220","Voshon Lenard","SG",0.643,"DEN",0.976,0.707,0.66,0.325,0.389,0.529,0.366,0.431,0.385,0.197,0.262,0.407,0.538,0.202,0.198,0.797,0.09,0.183,0.151,0.163,0.264,0.048,0.22,0.458,0.343,"2001",FALSE,0,0,40,FALSE
"221","Quincy Lewis","SF",0.548,"UTA",0.427,0.024,0.114,0.048,0.057,0.543,0.022,0.028,0.36,0.043,0.055,0.418,0.492,0.02,0.022,0.714,0.027,0.033,0.031,0.015,0.041,0.027,0.037,0.21,0.044,"2001",FALSE,0,0,53,FALSE
"222","Rashard Lewis","PF",0.5,"SEA",0.951,0.951,0.77,0.412,0.408,0.64,0.306,0.322,0.432,0.315,0.34,0.503,0.611,0.233,0.219,0.826,0.273,0.395,0.354,0.107,0.37,0.12,0.278,0.515,0.406,"2001",FALSE,0,0,44,FALSE
"225","Grant Long","PF",0.81,"VAN",0.805,0.329,0.427,0.135,0.147,0.585,0.01,0.017,0.267,0.142,0.171,0.447,0.494,0.148,0.162,0.713,0.145,0.197,0.179,0.071,0.293,0.04,0.134,0.431,0.14,"2001",FALSE,0,0,23,FALSE
"228","Tyronn Lue","PG",0.548,"LAL",0.463,0.012,0.132,0.048,0.054,0.569,0.027,0.038,0.324,0.041,0.047,0.47,0.527,0.025,0.025,0.792,0.01,0.027,0.021,0.039,0.077,0,0.058,0.146,0.046,"2001",FALSE,0,0,56,FALSE
"229","George Lynch","SF",0.714,"PHI",1,0.976,0.75,0.265,0.283,0.593,0.037,0.064,0.263,0.27,0.315,0.463,0.508,0.163,0.176,0.719,0.382,0.387,0.386,0.119,0.402,0.08,0.235,0.598,0.242,"2001",FALSE,0,0,56,FALSE
"231","Don MacLean","SF",0.738,"MIA",0.098,0.012,0.022,0.01,0.009,0.667,0.005,0.002,1,0.008,0.01,0.444,0.611,0.012,0.012,0.75,0.013,0.011,0.012,0.003,0.02,0.003,0.022,0.024,0.011,"2001",FALSE,0,0,50,FALSE
"232","Mark Madsen","PF",0.595,"LAL",0.854,0.037,0.181,0.053,0.052,0.649,0.002,0.001,1,0.056,0.063,0.482,0.546,0.034,0.038,0.703,0.141,0.077,0.099,0.021,0.033,0.021,0.058,0.299,0.048,"2001",FALSE,0,0,56,FALSE
"233","Corey Maggette","SF",0.5,"LAC",0.841,0.11,0.385,0.218,0.224,0.616,0.042,0.063,0.304,0.216,0.243,0.483,0.532,0.295,0.296,0.774,0.168,0.202,0.19,0.07,0.142,0.024,0.228,0.377,0.244,"2001",FALSE,0,0,31,FALSE
"234","Jamaal Magloire","C",0.524,"CHH",0.902,0,0.31,0.118,0.125,0.6,0,0.002,0,0.127,0.152,0.454,0.5,0.126,0.149,0.655,0.197,0.191,0.193,0.023,0.073,0.207,0.131,0.375,0.12,"2001",FALSE,0,0,46,FALSE
"235","Dan Majerle","SG",0.833,"MIA",0.646,0.232,0.37,0.084,0.119,0.448,0.142,0.204,0.315,0.031,0.044,0.385,0.496,0.048,0.045,0.818,0.038,0.145,0.108,0.076,0.215,0.04,0.075,0.264,0.094,"2001",FALSE,0,0,50,FALSE
"236","Karl Malone","PF",0.881,"UTA",0.988,0.988,0.819,0.648,0.619,0.664,0.005,0.006,0.4,0.695,0.756,0.499,0.554,0.709,0.695,0.793,0.218,0.551,0.437,0.31,0.378,0.165,0.526,0.582,0.663,"2001",FALSE,0,0.017,53,TRUE
"237","Matt Maloney","PG",0.69,"ATL",0.671,0.329,0.397,0.141,0.16,0.56,0.127,0.16,0.359,0.099,0.116,0.461,0.548,0.034,0.035,0.765,0.027,0.102,0.076,0.132,0.228,0.013,0.151,0.253,0.13,"2001",FALSE,0,0,25,FALSE
"238","Danny Manning","PF",0.81,"UTA",1,0,0.369,0.239,0.23,0.659,0.017,0.032,0.25,0.25,0.266,0.508,0.557,0.135,0.144,0.729,0.126,0.147,0.14,0.079,0.191,0.077,0.207,0.59,0.213,"2001",FALSE,0,0,53,FALSE
"239","Stephon Marbury","PG",0.548,"NJN",0.817,0.817,0.724,0.544,0.588,0.588,0.274,0.378,0.328,0.471,0.531,0.481,0.538,0.479,0.471,0.79,0.101,0.151,0.134,0.435,0.321,0.013,0.425,0.404,0.564,"2001",FALSE,0,0,26,FALSE
"240","Shawn Marion","SF",0.524,"PHO",0.963,0.963,0.809,0.539,0.534,0.64,0.052,0.093,0.256,0.558,0.608,0.497,0.543,0.31,0.297,0.81,0.421,0.624,0.554,0.137,0.537,0.287,0.278,0.569,0.483,"2001",FALSE,0,0,51,FALSE
"241","Donyell Marshall","SF",0.643,"UTA",0.988,0.598,0.658,0.413,0.391,0.671,0.102,0.144,0.32,0.402,0.407,0.535,0.586,0.271,0.281,0.751,0.329,0.391,0.37,0.114,0.346,0.207,0.276,0.528,0.388,"2001",FALSE,0,0,53,FALSE
"242","Darrick Martin","PG",0.69,"SAC",0.378,0,0.05,0.028,0.035,0.509,0.035,0.03,0.519,0.016,0.028,0.306,0.527,0.041,0.036,0.886,0.004,0.014,0.01,0.012,0.028,0,0.022,0.073,0.036,"2001",FALSE,0,0,55,FALSE
"243","Kenyon Martin","PF",0.548,"NJN",0.829,0.829,0.643,0.335,0.358,0.593,0.002,0.012,0.091,0.359,0.432,0.45,0.496,0.16,0.198,0.63,0.262,0.362,0.328,0.113,0.317,0.301,0.297,0.757,0.287,"2001",FALSE,0,0,26,FALSE
"244","Jamal Mashburn","SF",0.667,"CHH",0.927,0.927,0.846,0.554,0.639,0.551,0.256,0.326,0.356,0.489,0.62,0.428,0.5,0.369,0.374,0.766,0.176,0.481,0.376,0.353,0.346,0.035,0.455,0.499,0.54,"2001",FALSE,0,0,46,FALSE
"246","Desmond Mason","SF",0.548,"SEA",0.951,0.171,0.431,0.183,0.202,0.575,0.045,0.076,0.269,0.178,0.21,0.46,0.501,0.089,0.094,0.736,0.138,0.176,0.163,0.054,0.159,0.053,0.114,0.394,0.163,"2001",FALSE,0,0,44,FALSE
"249","Walter McCarty","PF",0.619,"BOS",0.732,0.037,0.135,0.044,0.058,0.476,0.047,0.063,0.339,0.027,0.039,0.371,0.481,0.029,0.029,0.786,0.046,0.057,0.053,0.034,0.057,0.019,0.043,0.221,0.046,"2001",FALSE,0,0,36,FALSE
"251","George McCloud","SF",0.786,"DEN",0.927,0.098,0.568,0.242,0.301,0.509,0.192,0.264,0.329,0.18,0.237,0.411,0.489,0.201,0.186,0.84,0.105,0.168,0.146,0.24,0.215,0.072,0.252,0.445,0.257,"2001",FALSE,0,0,40,FALSE
"254","Tracy McGrady","SG",0.5,"ORL",0.939,0.939,0.874,0.762,0.793,0.609,0.147,0.187,0.355,0.759,0.879,0.468,0.527,0.569,0.604,0.733,0.367,0.385,0.379,0.302,0.472,0.314,0.427,0.431,0.729,"2001",FALSE,0,0.052,43,TRUE
"256","Jeff McInnis","PG",0.619,"LAC",0.988,0.988,0.801,0.418,0.429,0.617,0.129,0.163,0.361,0.395,0.445,0.482,0.546,0.172,0.166,0.807,0.078,0.178,0.144,0.384,0.305,0.019,0.244,0.536,0.369,"2001",FALSE,0,0,31,FALSE
"257","Derrick McKey","SF",0.81,"IND",0.805,0.244,0.279,0.058,0.063,0.588,0.01,0.023,0.2,0.058,0.065,0.483,0.507,0.028,0.028,0.778,0.094,0.126,0.115,0.064,0.195,0.035,0.101,0.367,0.051,"2001",FALSE,0,0,41,FALSE
"258","Aaron McKie","SG",0.667,"PHI",0.927,0.402,0.678,0.327,0.329,0.631,0.132,0.192,0.312,0.297,0.307,0.524,0.568,0.197,0.2,0.768,0.063,0.276,0.203,0.324,0.431,0.021,0.438,0.48,0.31,"2001",FALSE,0,0,56,FALSE
"261","Stanislav Medvedenko","PF",0.5,"LAL",0.085,0,0.011,0.012,0.012,0.64,0.002,0.001,1,0.011,0.014,0.458,0.556,0.009,0.012,0.583,0.002,0.008,0.006,0.002,0.004,0.003,0.006,0.024,0.011,"2001",FALSE,0,0,56,FALSE
"262","Ron Mercer","SG",0.571,"CHI",0.744,0.744,0.718,0.484,0.516,0.595,0.035,0.052,0.304,0.506,0.606,0.452,0.502,0.249,0.235,0.825,0.138,0.163,0.154,0.173,0.317,0.072,0.278,0.399,0.424,"2001",FALSE,0,0,15,FALSE
"263","Chris Mihm","C",0.5,"CLE",0.72,0.524,0.33,0.167,0.18,0.589,0,0.001,0,0.18,0.22,0.444,0.491,0.132,0.13,0.794,0.203,0.173,0.183,0.014,0.081,0.141,0.172,0.42,0.157,"2001",FALSE,0,0,30,FALSE
"264","Darius Miles","SF",0.452,"LAC",0.988,0.256,0.604,0.308,0.29,0.673,0.002,0.021,0.053,0.33,0.345,0.519,0.562,0.164,0.245,0.521,0.243,0.348,0.312,0.085,0.207,0.332,0.317,0.515,0.269,"2001",FALSE,0,0,31,FALSE
"265","Andre Miller","PG",0.571,"CLE",1,1,0.806,0.437,0.46,0.603,0.042,0.072,0.266,0.453,0.527,0.465,0.512,0.496,0.463,0.833,0.18,0.264,0.235,0.564,0.484,0.074,0.571,0.617,0.458,"2001",FALSE,0,0,30,FALSE
"267","Brad Miller","C",0.571,"CHI",0.695,0.549,0.406,0.162,0.178,0.58,0.002,0.006,0.2,0.174,0.215,0.438,0.486,0.222,0.233,0.743,0.275,0.273,0.274,0.092,0.134,0.101,0.157,0.474,0.178,"2001",FALSE,0,0,15,FALSE
"268","Mike Miller","SF",0.476,"ORL",1,0.756,0.676,0.356,0.389,0.581,0.368,0.411,0.407,0.229,0.271,0.457,0.581,0.12,0.132,0.711,0.126,0.259,0.214,0.12,0.207,0.051,0.209,0.539,0.344,"2001",FALSE,0,0,43,FALSE
"269","Reggie Miller","SG",0.833,"IND",0.988,0.988,0.9,0.5,0.541,0.587,0.423,0.524,0.366,0.361,0.402,0.487,0.569,0.427,0.358,0.928,0.073,0.245,0.186,0.223,0.329,0.04,0.287,0.437,0.539,"2001",FALSE,0,0,41,FALSE
"270","Chris Mills","SF",0.738,"GSW",0.183,0.098,0.14,0.069,0.088,0.496,0.017,0.028,0.28,0.067,0.094,0.386,0.433,0.041,0.037,0.861,0.046,0.069,0.061,0.015,0.037,0.013,0.043,0.116,0.064,"2001",FALSE,0,0,17,FALSE
"272","Sam Mitchell","SF",0.881,"MIN",1,0.049,0.278,0.114,0.133,0.544,0.022,0.049,0.209,0.113,0.139,0.443,0.471,0.053,0.057,0.727,0.054,0.094,0.08,0.049,0.106,0.027,0.078,0.315,0.101,"2001",FALSE,0,0,47,FALSE
"273","Cuttino Mobley","SG",0.595,"HOU",0.963,0.598,0.85,0.51,0.559,0.579,0.224,0.284,0.357,0.455,0.543,0.454,0.523,0.521,0.488,0.831,0.159,0.312,0.259,0.168,0.341,0.069,0.356,0.456,0.543,"2001",FALSE,0,0,45,FALSE
"275","Jerome Moiso","C",0.524,"BOS",0.293,0,0.038,0.012,0.014,0.533,0,0.001,0,0.012,0.016,0.414,0.444,0.015,0.027,0.423,0.023,0.03,0.027,0.003,0.012,0.011,0.039,0.078,0.012,"2001",FALSE,0,0,36,FALSE
"277","Mikki Moore","C",0.595,"DET",0.988,0.024,0.327,0.128,0.123,0.657,0,0.001,0,0.137,0.151,0.494,0.548,0.126,0.134,0.731,0.231,0.194,0.207,0.028,0.098,0.162,0.159,0.544,0.127,"2001",FALSE,0,0,32,FALSE
"278","Hanno Mottola","SF",0.571,"ATL",0.89,0.037,0.28,0.119,0.127,0.592,0,0.003,0,0.128,0.155,0.449,0.493,0.097,0.093,0.811,0.094,0.124,0.114,0.021,0.045,0.024,0.144,0.439,0.113,"2001",FALSE,0,0,25,FALSE
"279","Alonzo Mourning","C",0.714,"MIA",0.159,0.037,0.087,0.071,0.065,0.691,0,0.001,0,0.076,0.079,0.521,0.576,0.041,0.057,0.564,0.067,0.066,0.066,0.01,0.016,0.082,0.06,0.065,0.062,"2001",FALSE,0,0,50,FALSE
"280","Chris Mullin","SF",0.881,"GSW",0.244,0.098,0.106,0.035,0.049,0.453,0.047,0.059,0.365,0.018,0.03,0.315,0.477,0.032,0.029,0.857,0.019,0.031,0.027,0.016,0.065,0.027,0.041,0.075,0.041,"2001",FALSE,0,0,17,FALSE
"281","Lamond Murray","SF",0.643,"CLE",0.951,0.561,0.63,0.378,0.426,0.564,0.152,0.186,0.37,0.343,0.429,0.434,0.507,0.205,0.217,0.735,0.199,0.234,0.222,0.107,0.337,0.072,0.304,0.466,0.352,"2001",FALSE,0,0,30,FALSE
"285","Lee Nailon","SF",0.595,"CHH",0.512,0,0.133,0.064,0.063,0.647,0,0.001,0,0.069,0.076,0.489,0.539,0.042,0.044,0.744,0.055,0.063,0.06,0.021,0.037,0.013,0.058,0.162,0.058,"2001",FALSE,0,0,46,FALSE
"286","Eduardo Najera","PF",0.571,"DAL",0.488,0.049,0.122,0.056,0.051,0.697,0.002,0.003,0.333,0.059,0.061,0.528,0.586,0.019,0.034,0.424,0.078,0.054,0.062,0.023,0.053,0.021,0.037,0.129,0.046,"2001",FALSE,0,0,53,FALSE
"287","Steve Nash","PG",0.619,"DAL",0.854,0.854,0.676,0.373,0.364,0.649,0.221,0.247,0.406,0.309,0.323,0.518,0.604,0.306,0.265,0.895,0.088,0.176,0.146,0.437,0.293,0.013,0.442,0.426,0.386,"2001",FALSE,0,0,53,FALSE
"289","Rasho Nesterovic","C",0.571,"MIN",0.89,0.476,0.349,0.142,0.147,0.615,0,0.001,0,0.153,0.179,0.462,0.512,0.045,0.067,0.523,0.189,0.186,0.187,0.039,0.102,0.168,0.119,0.509,0.116,"2001",FALSE,0,0,47,FALSE
"290","Ira Newble","SF",0.619,"SAS",0.329,0.073,0.052,0.02,0.025,0.509,0.01,0.01,0.444,0.018,0.026,0.37,0.464,0.011,0.016,0.5,0.025,0.022,0.023,0.005,0.008,0.011,0.015,0.049,0.019,"2001",FALSE,0,0,58,FALSE
"291","Johnny Newman","SG",0.881,"NJN",1,0.207,0.58,0.281,0.32,0.559,0.147,0.199,0.335,0.241,0.293,0.447,0.512,0.336,0.306,0.855,0.065,0.141,0.115,0.099,0.256,0.027,0.228,0.617,0.316,"2001",FALSE,0,0,26,FALSE
"292","Moochie Norris","PG",0.643,"HOU",1,0.073,0.468,0.178,0.19,0.595,0.062,0.1,0.281,0.165,0.183,0.491,0.529,0.2,0.2,0.778,0.084,0.153,0.129,0.243,0.28,0.005,0.231,0.226,0.192,"2001",FALSE,0,0,45,FALSE
"293","Dirk Nowitzki","PF",0.524,"DAL",1,1,0.885,0.572,0.574,0.632,0.376,0.44,0.387,0.458,0.483,0.513,0.593,0.597,0.553,0.838,0.228,0.631,0.493,0.149,0.321,0.269,0.336,0.66,0.63,"2001",FALSE,0,0,53,FALSE
"294","Jermaine O'Neal","C",0.524,"IND",0.988,0.976,0.748,0.391,0.399,0.62,0,0.006,0,0.42,0.487,0.468,0.517,0.308,0.399,0.601,0.476,0.541,0.519,0.084,0.199,0.606,0.347,0.755,0.368,"2001",FALSE,0,0,41,FALSE
"295","Shaquille O'Neal","C",0.667,"LAL",0.902,0.902,0.828,0.786,0.654,0.763,0,0.002,0,0.846,0.801,0.573,0.636,0.66,1,0.513,0.556,0.644,0.614,0.238,0.191,0.543,0.47,0.69,0.75,"2001",FALSE,7,0.466,56,TRUE
"296","Charles Oakley","PF",0.881,"TOR",0.951,0.939,0.783,0.295,0.362,0.517,0.027,0.055,0.224,0.306,0.416,0.399,0.439,0.168,0.156,0.836,0.272,0.595,0.484,0.227,0.309,0.128,0.3,0.695,0.264,"2001",FALSE,0,0,47,FALSE
"297","Lamar Odom","PF",0.5,"LAC",0.927,0.902,0.803,0.465,0.481,0.613,0.199,0.286,0.316,0.417,0.447,0.506,0.553,0.347,0.397,0.679,0.21,0.479,0.387,0.337,0.301,0.324,0.569,0.636,0.46,"2001",FALSE,0,0,31,FALSE
"298","Hakeem Olajuwon","C",0.905,"HOU",0.707,0.671,0.437,0.274,0.261,0.664,0,0.001,0,0.294,0.32,0.499,0.553,0.163,0.204,0.621,0.237,0.305,0.282,0.062,0.285,0.234,0.175,0.38,0.243,"2001",FALSE,0,0,45,FALSE
"301","Greg Ostertag","C",0.643,"UTA",0.988,0.037,0.422,0.134,0.129,0.66,0.002,0.002,0.5,0.144,0.157,0.495,0.551,0.111,0.155,0.556,0.314,0.249,0.271,0.019,0.089,0.378,0.136,0.58,0.128,"2001",FALSE,0,0,53,FALSE
"302","Bo Outlaw","PF",0.69,"ORL",0.976,0.841,0.717,0.219,0.169,0.819,0.002,0.002,0.5,0.234,0.206,0.615,0.683,0.171,0.231,0.573,0.403,0.405,0.405,0.193,0.427,0.364,0.304,0.65,0.206,"2001",FALSE,0,0,43,FALSE
"304","Billy Owens","PF",0.738,"DET",0.549,0.171,0.224,0.085,0.106,0.511,0.007,0.023,0.15,0.088,0.118,0.405,0.432,0.025,0.041,0.475,0.161,0.12,0.134,0.047,0.13,0.032,0.084,0.251,0.07,"2001",FALSE,0,0,32,FALSE
"306","Robert Pack","PG",0.738,"DEN",0.902,0.134,0.357,0.175,0.196,0.567,0.03,0.035,0.387,0.176,0.223,0.428,0.488,0.139,0.141,0.766,0.057,0.106,0.09,0.252,0.264,0.003,0.291,0.307,0.169,"2001",FALSE,0,0,40,FALSE
"307","Scott Padgett","PF",0.571,"UTA",0.329,0,0.036,0.017,0.02,0.559,0.012,0.01,0.556,0.014,0.019,0.382,0.53,0.02,0.021,0.75,0.036,0.02,0.025,0.004,0.024,0.008,0.022,0.057,0.02,"2001",FALSE,0,0,53,FALSE
"308","Milt Palacio","PG",0.524,"BOS",0.707,0.073,0.323,0.122,0.123,0.629,0.03,0.041,0.333,0.119,0.13,0.494,0.549,0.103,0.095,0.848,0.048,0.076,0.067,0.13,0.195,0,0.172,0.224,0.121,"2001",FALSE,0,0,36,FALSE
"311","Ruben Patterson","SF",0.595,"SEA",0.927,0.268,0.583,0.358,0.345,0.659,0.005,0.041,0.056,0.383,0.402,0.516,0.55,0.325,0.371,0.681,0.35,0.198,0.25,0.138,0.419,0.12,0.334,0.474,0.349,"2001",FALSE,0,0,44,FALSE
"312","Gary Payton","PG",0.762,"SEA",0.963,0.963,0.918,0.701,0.732,0.608,0.254,0.307,0.375,0.648,0.744,0.472,0.542,0.358,0.364,0.766,0.14,0.286,0.236,0.552,0.516,0.069,0.45,0.496,0.644,"2001",FALSE,0,0,44,FALSE
"313","Anthony Peeler","SG",0.738,"MIN",0.915,0.5,0.602,0.298,0.337,0.561,0.249,0.289,0.391,0.216,0.268,0.437,0.543,0.099,0.09,0.862,0.084,0.147,0.125,0.165,0.37,0.048,0.226,0.447,0.279,"2001",FALSE,0,0,47,FALSE
"314","Mike Penberthy","PG",0.619,"LAL",0.646,0,0.241,0.089,0.102,0.552,0.137,0.157,0.396,0.039,0.047,0.446,0.598,0.037,0.032,0.903,0.019,0.053,0.041,0.061,0.089,0.005,0.073,0.154,0.094,"2001",FALSE,0,0,56,FALSE
"316","Sam Perkins","PF",0.929,"IND",0.78,0.5,0.283,0.083,0.104,0.508,0.095,0.124,0.345,0.05,0.065,0.414,0.517,0.042,0.039,0.842,0.061,0.135,0.11,0.035,0.134,0.048,0.041,0.164,0.085,"2001",FALSE,0,0,41,FALSE
"318","Wesley Person","SG",0.69,"CLE",0.537,0.268,0.271,0.124,0.134,0.584,0.085,0.095,0.405,0.098,0.117,0.452,0.552,0.032,0.031,0.8,0.021,0.118,0.085,0.055,0.11,0.029,0.086,0.167,0.111,"2001",FALSE,0,0,30,FALSE
"319","Morris Peterson","SG",0.548,"TOR",0.976,0.598,0.512,0.28,0.31,0.575,0.157,0.186,0.382,0.236,0.287,0.447,0.531,0.138,0.149,0.717,0.214,0.146,0.169,0.09,0.256,0.053,0.168,0.442,0.264,"2001",FALSE,0,0,47,FALSE
"320","Eric Piatkowski","SG",0.714,"LAC",0.988,0.488,0.607,0.281,0.309,0.577,0.299,0.335,0.404,0.178,0.212,0.456,0.58,0.209,0.186,0.873,0.103,0.186,0.158,0.082,0.187,0.051,0.164,0.332,0.304,"2001",FALSE,0,0,31,FALSE
"321","Paul Pierce","SF",0.548,"BOS",1,1,0.883,0.664,0.696,0.605,0.366,0.433,0.383,0.562,0.637,0.478,0.559,0.728,0.759,0.745,0.18,0.425,0.341,0.217,0.561,0.184,0.565,0.677,0.731,"2001",FALSE,0,0.004,36,TRUE
"322","Scottie Pippen","SF",0.833,"POR",0.78,0.732,0.604,0.26,0.274,0.601,0.159,0.21,0.344,0.213,0.231,0.5,0.561,0.157,0.166,0.739,0.134,0.261,0.218,0.253,0.382,0.093,0.332,0.426,0.255,"2001",FALSE,0,0,50,FALSE
"323","Scot Pollard","C",0.595,"SAC",0.939,0.098,0.469,0.179,0.182,0.624,0,0.002,0,0.193,0.222,0.471,0.52,0.169,0.176,0.749,0.331,0.29,0.304,0.04,0.195,0.258,0.142,0.555,0.176,"2001",FALSE,0,0,55,FALSE
"324","Olden Polynice","C",0.857,"UTA",0.988,0.963,0.458,0.199,0.191,0.661,0,0.001,0,0.214,0.234,0.498,0.551,0.022,0.067,0.262,0.3,0.219,0.247,0.027,0.11,0.205,0.168,0.65,0.151,"2001",FALSE,0,0,53,FALSE
"325","Mark Pope","PF",0.667,"MIL",0.768,0.549,0.267,0.06,0.065,0.583,0.012,0.027,0.208,0.059,0.067,0.483,0.504,0.029,0.036,0.629,0.107,0.09,0.096,0.033,0.065,0.069,0.037,0.377,0.053,"2001",FALSE,0,0,52,FALSE
"326","Chris Porter","SF",0.524,"GSW",0.622,0.427,0.325,0.167,0.205,0.519,0,0.006,0,0.18,0.248,0.393,0.432,0.124,0.145,0.667,0.17,0.099,0.124,0.052,0.183,0.016,0.127,0.299,0.155,"2001",FALSE,0,0,17,FALSE
"327","Terry Porter","PG",0.881,"SAS",0.976,0.512,0.475,0.191,0.202,0.597,0.216,0.231,0.424,0.114,0.133,0.468,0.608,0.122,0.119,0.793,0.046,0.176,0.131,0.216,0.211,0.029,0.224,0.237,0.202,"2001",FALSE,0,0,58,FALSE
"328","James Posey","SF",0.571,"DEN",1,1,0.638,0.235,0.272,0.549,0.162,0.245,0.3,0.185,0.21,0.477,0.519,0.152,0.145,0.816,0.239,0.304,0.282,0.14,0.378,0.106,0.22,0.609,0.235,"2001",FALSE,0,0,40,FALSE
"329","Lavor Postell","SG",0.524,"NYK",0.317,0,0.048,0.016,0.025,0.42,0.007,0.012,0.273,0.015,0.024,0.326,0.381,0.029,0.028,0.815,0.015,0.017,0.016,0.004,0.016,0.005,0.037,0.032,0.021,"2001",FALSE,0,0,48,FALSE
"331","Brent Price","PG",0.762,"VAN",0.073,0,0.008,0.003,0.005,0.364,0.002,0.005,0.25,0.002,0.004,0.286,0.353,0.008,0.007,0.857,0.002,0.003,0.003,0.004,0.008,0,0.009,0.022,0.005,"2001",FALSE,0,0,23,FALSE
"332","Laron Profit","PG",0.548,"WAS",0.427,0.146,0.171,0.054,0.065,0.525,0.017,0.029,0.269,0.051,0.065,0.422,0.466,0.044,0.046,0.733,0.034,0.046,0.042,0.076,0.146,0.029,0.099,0.116,0.054,"2001",FALSE,0,0,19,FALSE
"335","Eldridge Recasner","PG",0.786,"CHH",0.524,0,0.114,0.037,0.052,0.444,0.032,0.044,0.333,0.026,0.042,0.333,0.433,0.019,0.019,0.778,0.025,0.037,0.033,0.034,0.024,0.003,0.058,0.081,0.036,"2001",FALSE,0,0,46,FALSE
"336","Michael Redd","SG",0.5,"MIL",0.073,0,0.01,0.005,0.009,0.351,0,0.003,0,0.005,0.009,0.313,0.292,0.004,0.006,0.5,0.006,0.001,0.003,0.001,0.004,0,0.002,0.005,0.005,"2001",FALSE,0,0,52,FALSE
"337","Bryant Reeves","C",0.643,"VAN",0.915,0.585,0.519,0.246,0.254,0.613,0.002,0.005,0.25,0.263,0.309,0.462,0.512,0.149,0.146,0.796,0.252,0.318,0.295,0.069,0.175,0.144,0.194,0.655,0.22,"2001",FALSE,0,0,23,FALSE
"340","Glen Rice","SF",0.786,"NYK",0.915,0.305,0.626,0.32,0.346,0.587,0.204,0.238,0.389,0.259,0.305,0.46,0.55,0.205,0.187,0.852,0.117,0.244,0.201,0.076,0.167,0.035,0.207,0.482,0.317,"2001",FALSE,0,0,48,FALSE
"341","Quentin Richardson","SG",0.476,"LAC",0.927,0.341,0.384,0.224,0.242,0.589,0.124,0.17,0.331,0.189,0.211,0.487,0.544,0.131,0.163,0.627,0.201,0.151,0.168,0.053,0.171,0.019,0.138,0.264,0.216,"2001",FALSE,0,0,31,FALSE
"342","Mitch Richmond","SG",0.833,"WAS",0.451,0.366,0.344,0.198,0.232,0.543,0.112,0.15,0.338,0.166,0.209,0.431,0.501,0.189,0.165,0.894,0.029,0.093,0.071,0.095,0.175,0.019,0.181,0.232,0.211,"2001",FALSE,0,0,19,FALSE
"343","Isaiah Rider","SG",0.69,"LAL",0.817,0.073,0.341,0.194,0.217,0.568,0.085,0.104,0.37,0.174,0.214,0.439,0.513,0.094,0.085,0.855,0.084,0.111,0.102,0.095,0.11,0.019,0.211,0.283,0.179,"2001",FALSE,0,0,56,FALSE
"345","Clifford Robinson","PF",0.81,"PHO",1,1,0.779,0.485,0.546,0.563,0.224,0.281,0.361,0.428,0.528,0.439,0.511,0.335,0.367,0.709,0.201,0.227,0.218,0.204,0.354,0.218,0.401,0.695,0.475,"2001",FALSE,0,0,51,FALSE
"346","David Robinson","C",0.833,"SAS",0.976,0.976,0.671,0.387,0.379,0.648,0,0.001,0,0.416,0.464,0.487,0.54,0.464,0.484,0.747,0.398,0.48,0.452,0.1,0.325,0.524,0.263,0.571,0.406,"2001",FALSE,0,0.006,58,TRUE
"347","Eddie Robinson","SF",0.571,"CHH",0.817,0.073,0.34,0.209,0.187,0.708,0.005,0.005,0.5,0.223,0.227,0.531,0.592,0.085,0.091,0.727,0.115,0.137,0.129,0.051,0.203,0.085,0.093,0.178,0.176,"2001",FALSE,0,0,46,FALSE
"348","Glenn Robinson","SF",0.667,"MIL",0.927,0.902,0.796,0.662,0.672,0.624,0.137,0.208,0.299,0.655,0.72,0.493,0.541,0.332,0.315,0.82,0.237,0.399,0.344,0.216,0.35,0.165,0.472,0.515,0.591,"2001",FALSE,0,0,52,FALSE
"352","Carlos Rogers","C",0.69,"HOU",0.476,0,0.154,0.073,0.051,0.909,0,0.001,0,0.078,0.061,0.688,0.758,0.038,0.053,0.558,0.092,0.09,0.091,0.008,0.041,0.048,0.037,0.089,0.063,"2001",FALSE,0,0,45,FALSE
"353","Rodney Rogers","SF",0.69,"PHO",1,0.037,0.618,0.365,0.403,0.573,0.139,0.213,0.296,0.334,0.387,0.467,0.513,0.249,0.254,0.761,0.18,0.263,0.235,0.155,0.394,0.125,0.338,0.725,0.352,"2001",FALSE,0,0,51,FALSE
"354","Sean Rooks","C",0.738,"LAC",1,0,0.44,0.163,0.182,0.571,0.002,0.002,0.5,0.175,0.222,0.427,0.477,0.142,0.147,0.748,0.174,0.211,0.198,0.066,0.138,0.17,0.157,0.531,0.157,"2001",FALSE,0,0,31,FALSE
"355","Jalen Rose","SF",0.667,"IND",0.878,0.878,0.833,0.548,0.572,0.609,0.147,0.196,0.339,0.529,0.602,0.476,0.533,0.377,0.354,0.828,0.071,0.32,0.235,0.374,0.264,0.114,0.455,0.62,0.522,"2001",FALSE,0,0,41,FALSE
"356","Malik Rose","PF",0.619,"SAS",0.695,0.11,0.345,0.155,0.169,0.58,0.007,0.019,0.176,0.163,0.198,0.447,0.488,0.151,0.165,0.713,0.182,0.212,0.201,0.041,0.24,0.106,0.159,0.399,0.154,"2001",FALSE,0,0,58,FALSE
"358","Bryon Russell","SF",0.714,"UTA",0.951,0.561,0.7,0.298,0.322,0.587,0.236,0.26,0.413,0.222,0.265,0.453,0.564,0.294,0.293,0.779,0.18,0.234,0.216,0.137,0.39,0.053,0.244,0.617,0.329,"2001",FALSE,0,0,53,FALSE
"359","Arvydas Sabonis","C",0.857,"POR",0.744,0.512,0.368,0.239,0.237,0.639,0.002,0.017,0.067,0.256,0.283,0.491,0.533,0.16,0.16,0.776,0.098,0.278,0.216,0.078,0.163,0.165,0.183,0.369,0.218,"2001",FALSE,0,0,50,FALSE
"363","Detlef Schrempf","SF",0.905,"POR",0.317,0,0.112,0.038,0.044,0.548,0.007,0.009,0.375,0.037,0.049,0.414,0.473,0.03,0.028,0.852,0.033,0.061,0.051,0.038,0.028,0.008,0.06,0.116,0.037,"2001",FALSE,0,0,50,FALSE
"365","Brian Shaw","SG",0.81,"LAL",0.976,0.341,0.519,0.159,0.189,0.532,0.104,0.152,0.311,0.127,0.156,0.442,0.5,0.067,0.066,0.797,0.092,0.254,0.199,0.222,0.199,0.072,0.209,0.429,0.149,"2001",FALSE,0,0,56,FALSE
"369","Joe Smith","PF",0.595,"DET",0.841,0.72,0.549,0.298,0.352,0.537,0,0.006,0,0.32,0.429,0.405,0.448,0.306,0.295,0.805,0.306,0.329,0.321,0.068,0.191,0.133,0.19,0.695,0.299,"2001",FALSE,0,0,32,FALSE
"370","Michael Smith","PF",0.667,"WAS",0.963,0.354,0.456,0.103,0.1,0.648,0,0.001,0,0.11,0.122,0.488,0.54,0.118,0.158,0.578,0.329,0.387,0.367,0.087,0.232,0.098,0.134,0.42,0.106,"2001",FALSE,0,0,19,FALSE
"371","Mike Smith","SF",0.571,"WAS",0.207,0,0.051,0.018,0.027,0.429,0.007,0.02,0.167,0.017,0.023,0.39,0.386,0.013,0.016,0.625,0.019,0.012,0.014,0.009,0.02,0.008,0.015,0.022,0.018,"2001",FALSE,0,0,19,FALSE
"372","Steve Smith","SG",0.738,"POR",0.988,0.439,0.72,0.347,0.363,0.608,0.194,0.26,0.339,0.292,0.315,0.504,0.561,0.409,0.357,0.89,0.166,0.184,0.178,0.183,0.195,0.064,0.295,0.547,0.39,"2001",FALSE,0,0,50,FALSE
"373","Tony Smith","SG",0.762,"ATL",0.073,0,0.022,0.008,0.011,0.464,0,0.002,0,0.008,0.012,0.381,0.387,0.001,0.002,0.5,0.004,0.001,0.002,0.009,0.028,0,0.019,0.032,0.006,"2001",FALSE,0,0,25,FALSE
"374","Eric Snow","PG",0.643,"PHI",0.61,0.61,0.492,0.176,0.2,0.557,0.012,0.021,0.263,0.184,0.235,0.425,0.471,0.161,0.158,0.792,0.052,0.138,0.108,0.317,0.313,0.019,0.267,0.332,0.173,"2001",FALSE,0,0,56,FALSE
"376","Latrell Sprewell","SF",0.714,"NYK",0.939,0.939,0.854,0.507,0.561,0.573,0.102,0.152,0.304,0.503,0.611,0.446,0.497,0.364,0.361,0.783,0.094,0.296,0.227,0.231,0.431,0.074,0.47,0.429,0.482,"2001",FALSE,0,0,48,FALSE
"377","Jerry Stackhouse","SG",0.619,"DET",0.976,0.976,0.91,0.749,0.887,0.536,0.413,0.534,0.351,0.633,0.82,0.418,0.494,0.881,0.833,0.822,0.189,0.214,0.206,0.352,0.394,0.144,0.703,0.431,0.84,"2001",FALSE,0,0.002,32,TRUE
"378","John Starks","SG",0.833,"UTA",0.915,0.78,0.601,0.264,0.316,0.531,0.159,0.205,0.352,0.217,0.284,0.415,0.494,0.118,0.114,0.802,0.055,0.124,0.101,0.153,0.297,0.027,0.203,0.585,0.247,"2001",FALSE,0,0,53,FALSE
"379","Vladimir Stepania","C",0.571,"NJN",0.354,0,0.079,0.027,0.04,0.424,0.002,0.005,0.25,0.028,0.047,0.321,0.36,0.033,0.035,0.735,0.067,0.073,0.071,0.014,0.041,0.029,0.041,0.127,0.029,"2001",FALSE,0,0,26,FALSE
"380","DeShawn Stevenson","SG",0.452,"UTA",0.488,0.024,0.083,0.03,0.042,0.455,0.002,0.014,0.083,0.031,0.045,0.38,0.384,0.034,0.039,0.684,0.017,0.019,0.018,0.015,0.041,0.005,0.06,0.078,0.031,"2001",FALSE,0,0,53,FALSE
"382","Bryant Stith","SG",0.714,"BOS",0.951,0.902,0.709,0.237,0.281,0.535,0.226,0.273,0.376,0.16,0.208,0.417,0.528,0.231,0.213,0.845,0.124,0.217,0.186,0.144,0.378,0.037,0.194,0.491,0.267,"2001",FALSE,0,0,36,FALSE
"383","John Stockton","PG",0.905,"UTA",1,1,0.678,0.317,0.3,0.672,0.152,0.149,0.462,0.278,0.293,0.514,0.612,0.3,0.286,0.817,0.103,0.172,0.148,0.613,0.537,0.056,0.438,0.523,0.333,"2001",FALSE,0,0.001,53,TRUE
"384","Peja Stojakovic","SF",0.548,"SAC",0.915,0.915,0.822,0.541,0.547,0.627,0.358,0.406,0.4,0.432,0.468,0.501,0.59,0.353,0.321,0.856,0.178,0.339,0.284,0.141,0.37,0.035,0.315,0.388,0.54,"2001",FALSE,0,0,55,FALSE
"385","Damon Stoudamire","PG",0.643,"POR",1,1,0.751,0.393,0.43,0.579,0.204,0.247,0.374,0.337,0.404,0.453,0.531,0.228,0.213,0.831,0.132,0.232,0.198,0.402,0.431,0.021,0.412,0.544,0.376,"2001",FALSE,0,0,50,FALSE
"389","Derek Strong","PF",0.762,"LAC",0.341,0.098,0.139,0.044,0.054,0.513,0,0.001,0,0.047,0.065,0.388,0.428,0.037,0.038,0.757,0.065,0.073,0.071,0.006,0.057,0.003,0.047,0.081,0.042,"2001",FALSE,0,0,31,FALSE
"390","Bruno Sundov","C",0.476,"IND",0.134,0.049,0.034,0.019,0.019,0.651,0,0.005,0,0.021,0.021,0.541,0.542,0.004,0.005,0.6,0.008,0.019,0.015,0.002,0.008,0.011,0.006,0.057,0.015,"2001",FALSE,0,0,41,FALSE
"391","Bob Sura","SG",0.643,"GSW",0.646,0.512,0.477,0.195,0.238,0.52,0.117,0.194,0.273,0.161,0.195,0.448,0.483,0.179,0.194,0.714,0.103,0.172,0.148,0.208,0.22,0.021,0.345,0.342,0.207,"2001",FALSE,0,0,17,FALSE
"392","Stromile Swift","PF",0.5,"VAN",0.976,0.073,0.371,0.148,0.156,0.601,0,0.005,0,0.159,0.189,0.457,0.501,0.112,0.145,0.603,0.208,0.174,0.186,0.024,0.252,0.218,0.138,0.431,0.138,"2001",FALSE,0,0,23,FALSE
"393","Wally Szczerbiak","SF",0.548,"MIN",1,1,0.808,0.454,0.423,0.68,0.065,0.087,0.338,0.461,0.475,0.526,0.582,0.239,0.214,0.87,0.254,0.312,0.292,0.223,0.24,0.088,0.297,0.609,0.404,"2001",FALSE,0,0,47,FALSE
"396","Maurice Taylor","SF",0.571,"HOU",0.841,0.841,0.558,0.377,0.367,0.652,0,0.005,0,0.406,0.447,0.492,0.543,0.157,0.167,0.735,0.208,0.267,0.247,0.089,0.114,0.101,0.269,0.561,0.317,"2001",FALSE,0,0,45,FALSE
"397","Jason Terry","SG",0.548,"ATL",1,0.939,0.874,0.576,0.629,0.581,0.308,0.354,0.395,0.491,0.594,0.448,0.534,0.401,0.368,0.846,0.08,0.225,0.176,0.346,0.423,0.032,0.515,0.55,0.572,"2001",FALSE,0,0,25,FALSE
"399","Kenny Thomas","PF",0.548,"HOU",0.902,0.256,0.515,0.199,0.214,0.591,0.062,0.104,0.272,0.188,0.21,0.485,0.522,0.12,0.13,0.722,0.233,0.293,0.273,0.066,0.163,0.114,0.25,0.48,0.186,"2001",FALSE,0,0,45,FALSE
"400","Kurt Thomas","PF",0.667,"NYK",0.939,0.354,0.601,0.304,0.283,0.681,0.002,0.003,0.333,0.326,0.345,0.512,0.569,0.226,0.216,0.814,0.329,0.341,0.337,0.054,0.248,0.184,0.213,0.774,0.282,"2001",FALSE,0,0,48,FALSE
"401","Tim Thomas","PF",0.548,"MIL",0.927,0.195,0.59,0.315,0.349,0.573,0.266,0.293,0.412,0.228,0.281,0.44,0.557,0.258,0.26,0.771,0.151,0.232,0.205,0.119,0.317,0.12,0.246,0.523,0.337,"2001",FALSE,0,0,52,FALSE
"403","Robert Traylor","C",0.548,"CLE",0.854,0.085,0.343,0.156,0.149,0.663,0,0.002,0,0.168,0.182,0.5,0.552,0.106,0.145,0.567,0.237,0.175,0.196,0.054,0.199,0.202,0.211,0.55,0.142,"2001",FALSE,0,0,30,FALSE
"404","Gary Trent","PF",0.619,"DAL",0.402,0.049,0.09,0.055,0.06,0.584,0,0.001,0,0.059,0.073,0.442,0.487,0.025,0.037,0.528,0.075,0.053,0.06,0.009,0.053,0.021,0.047,0.14,0.047,"2001",FALSE,0,0,53,FALSE
"406","Hedo Turkoglu","SF",0.5,"SAC",0.902,0.085,0.352,0.133,0.154,0.549,0.07,0.097,0.326,0.114,0.14,0.442,0.504,0.115,0.115,0.777,0.094,0.16,0.137,0.059,0.211,0.064,0.119,0.375,0.138,"2001",FALSE,0,0,55,FALSE
"407","Nick Van Exel","PG",0.69,"DEN",0.866,0.854,0.761,0.445,0.512,0.552,0.336,0.404,0.377,0.338,0.425,0.431,0.527,0.27,0.256,0.819,0.084,0.196,0.158,0.515,0.248,0.048,0.356,0.294,0.445,"2001",FALSE,0,0,40,FALSE
"408","Keith Van Horn","SF",0.595,"NJN",0.598,0.573,0.491,0.298,0.326,0.58,0.162,0.192,0.382,0.253,0.303,0.452,0.534,0.198,0.191,0.806,0.149,0.267,0.227,0.07,0.163,0.053,0.222,0.404,0.293,"2001",FALSE,0,0,26,FALSE
"409","David Vanterpool","PG",0.643,"WAS",0.268,0,0.116,0.044,0.051,0.557,0,0.007,0,0.048,0.059,0.442,0.464,0.04,0.051,0.6,0.029,0.022,0.024,0.057,0.093,0.008,0.08,0.119,0.043,"2001",FALSE,0,0,19,FALSE
"410","Jacque Vaughn","PG",0.595,"UTA",1,0,0.459,0.164,0.181,0.577,0.075,0.088,0.385,0.146,0.178,0.444,0.523,0.169,0.169,0.78,0.034,0.131,0.098,0.277,0.195,0.008,0.278,0.391,0.176,"2001",FALSE,0,0,53,FALSE
"413","Antoine Walker","PF",0.571,"BOS",0.988,0.988,0.961,0.688,0.792,0.551,0.55,0.681,0.367,0.51,0.63,0.439,0.531,0.329,0.358,0.716,0.289,0.564,0.47,0.382,0.561,0.13,0.649,0.677,0.668,"2001",FALSE,0,0,36,FALSE
"414","Samaki Walker","PF",0.571,"SAS",0.744,0.012,0.273,0.117,0.116,0.64,0.002,0.003,0.333,0.125,0.14,0.482,0.536,0.103,0.128,0.629,0.128,0.175,0.159,0.025,0.041,0.109,0.147,0.278,0.113,"2001",FALSE,0,0,58,FALSE
"415","Ben Wallace","C",0.619,"DET",0.976,0.976,0.781,0.208,0.202,0.653,0.002,0.005,0.25,0.223,0.245,0.492,0.546,0.106,0.245,0.336,0.579,0.744,0.688,0.106,0.435,0.495,0.252,0.518,0.18,"2001",FALSE,0,0,32,FALSE
"416","John Wallace","SF",0.619,"DET",0.488,0,0.149,0.097,0.109,0.565,0.005,0.017,0.133,0.102,0.125,0.443,0.476,0.046,0.046,0.778,0.048,0.058,0.054,0.02,0.053,0.043,0.078,0.194,0.084,"2001",FALSE,0,0,32,FALSE
"417","Rasheed Wallace","PF",0.619,"POR",0.939,0.915,0.832,0.571,0.542,0.668,0.129,0.183,0.321,0.56,0.573,0.53,0.581,0.324,0.329,0.766,0.281,0.452,0.393,0.182,0.366,0.359,0.341,0.555,0.522,"2001",FALSE,0,0,50,FALSE
"418","Charlie Ward","PG",0.714,"NYK",0.744,0.402,0.422,0.15,0.172,0.555,0.167,0.198,0.383,0.092,0.112,0.444,0.561,0.074,0.072,0.8,0.061,0.126,0.104,0.235,0.285,0.027,0.241,0.356,0.153,"2001",FALSE,0,0,48,FALSE
"420","Chris Webber","PF",0.643,"SAC",0.854,0.854,0.803,0.76,0.752,0.641,0.005,0.032,0.071,0.816,0.906,0.488,0.534,0.429,0.474,0.703,0.342,0.594,0.508,0.253,0.378,0.314,0.42,0.609,0.67,"2001",FALSE,5,0.42,55,TRUE
"421","Bonzi Wells","SF",0.571,"POR",0.915,0.561,0.565,0.374,0.334,0.711,0.042,0.056,0.34,0.385,0.381,0.547,0.606,0.21,0.247,0.663,0.229,0.245,0.24,0.179,0.382,0.053,0.364,0.547,0.335,"2001",FALSE,0,0,50,FALSE
"422","David Wesley","SG",0.714,"CHH",1,1,0.879,0.506,0.57,0.563,0.241,0.291,0.376,0.443,0.553,0.434,0.512,0.358,0.349,0.799,0.122,0.159,0.146,0.31,0.52,0.043,0.369,0.593,0.499,"2001",FALSE,0,0,46,FALSE
"423","Doug West","SG",0.786,"VAN",0.183,0.073,0.048,0.011,0.017,0.385,0,0.002,0,0.011,0.02,0.306,0.321,0.008,0.007,0.857,0.008,0.011,0.01,0.012,0.012,0.011,0.009,0.057,0.01,"2001",FALSE,0,0,23,FALSE
"424","Jahidi White","C",0.571,"WAS",0.829,0.683,0.455,0.196,0.188,0.664,0,0.001,0,0.211,0.23,0.499,0.553,0.234,0.321,0.567,0.34,0.341,0.341,0.017,0.13,0.295,0.293,0.569,0.206,"2001",FALSE,0,0,19,FALSE
"425","Chris Whitney","PG",0.69,"WAS",0.72,0.378,0.434,0.176,0.216,0.516,0.231,0.28,0.375,0.093,0.125,0.401,0.54,0.134,0.116,0.894,0.023,0.093,0.069,0.213,0.224,0.008,0.222,0.404,0.197,"2001",FALSE,0,0,19,FALSE
"426","Aaron Williams","PF",0.69,"NJN",1,0.305,0.661,0.287,0.299,0.609,0,0.002,0,0.309,0.365,0.458,0.508,0.323,0.319,0.787,0.403,0.376,0.386,0.076,0.24,0.301,0.284,0.86,0.296,"2001",FALSE,0,0,26,FALSE
"427","Alvin Williams","SG",0.619,"TOR",1,0.415,0.678,0.319,0.353,0.573,0.082,0.122,0.306,0.309,0.372,0.451,0.502,0.144,0.149,0.752,0.096,0.161,0.139,0.35,0.5,0.069,0.222,0.461,0.283,"2001",FALSE,0,0,47,FALSE
"428","Eric Williams","SF",0.667,"BOS",0.988,0.134,0.494,0.157,0.206,0.483,0.114,0.157,0.331,0.121,0.174,0.375,0.459,0.218,0.238,0.714,0.122,0.142,0.135,0.096,0.26,0.035,0.164,0.482,0.189,"2001",FALSE,0,0,36,FALSE
"429","Jason Williams","PG",0.595,"SAC",0.939,0.939,0.648,0.272,0.318,0.543,0.244,0.351,0.315,0.19,0.214,0.483,0.531,0.079,0.078,0.789,0.036,0.165,0.121,0.357,0.382,0.024,0.345,0.307,0.254,"2001",FALSE,0,0,55,FALSE
"431","Monty Williams","SF",0.69,"ORL",1,0,0.343,0.157,0.168,0.593,0.002,0.015,0.077,0.168,0.198,0.459,0.496,0.112,0.137,0.639,0.164,0.156,0.159,0.068,0.118,0.043,0.183,0.367,0.145,"2001",FALSE,0,0,43,FALSE
"432","Scott Williams","C",0.762,"MIL",0.805,0.378,0.36,0.165,0.166,0.632,0.002,0.005,0.25,0.177,0.201,0.476,0.528,0.079,0.072,0.857,0.185,0.265,0.238,0.03,0.195,0.085,0.088,0.48,0.142,"2001",FALSE,0,0,52,FALSE
"433","Shammond Williams","PG",0.595,"SEA",0.841,0.073,0.35,0.156,0.169,0.584,0.152,0.15,0.459,0.104,0.133,0.426,0.578,0.111,0.099,0.875,0.065,0.097,0.086,0.163,0.126,0.011,0.177,0.224,0.165,"2001",FALSE,0,0,44,FALSE
"434","Walt Williams","SF",0.714,"HOU",0.878,0.378,0.448,0.195,0.236,0.525,0.244,0.28,0.395,0.108,0.149,0.392,0.543,0.128,0.13,0.77,0.059,0.213,0.16,0.083,0.122,0.074,0.157,0.412,0.212,"2001",FALSE,0,0,45,FALSE
"438","Ruben Wolkowyski","PF",0.643,"SEA",0.415,0.012,0.086,0.024,0.036,0.421,0,0.002,0,0.026,0.043,0.325,0.351,0.033,0.035,0.735,0.023,0.034,0.03,0.003,0.024,0.048,0.026,0.102,0.026,"2001",FALSE,0,0,44,FALSE
"439","Metta World Peace","SF",0.5,"CHI",0.927,0.902,0.669,0.316,0.375,0.535,0.107,0.167,0.291,0.296,0.376,0.426,0.476,0.278,0.288,0.75,0.113,0.233,0.192,0.196,0.618,0.12,0.343,0.685,0.32,"2001",FALSE,0,0,15,FALSE
"440","Lorenzen Wright","C",0.595,"ATL",0.866,0.561,0.563,0.351,0.373,0.597,0,0.002,0,0.378,0.456,0.449,0.498,0.205,0.222,0.718,0.344,0.353,0.35,0.075,0.171,0.168,0.269,0.625,0.311,"2001",FALSE,0,0,25,FALSE
"441","Wang Zhizhi","C",0.548,"DAL",0.061,0,0.011,0.008,0.009,0.561,0,0.002,0,0.008,0.01,0.471,0.468,0.011,0.01,0.8,0.002,0.006,0.005,0,0,0,0.002,0.022,0.008,"2001",FALSE,0,0,53,FALSE
"  2","Shareef Abdur-Rahim","PF",0.595,"ATL",0.939,0.939,0.843,0.578,0.597,0.615,0.052,0.079,0.3,0.6,0.692,0.47,0.521,0.554,0.538,0.801,0.379,0.495,0.455,0.205,0.398,0.215,0.539,0.577,0.578,"2002",FALSE,0,0,33,FALSE
"  3","Courtney Alexander","SG",0.571,"WAS",0.683,0.341,0.375,0.216,0.218,0.627,0.012,0.02,0.278,0.227,0.257,0.478,0.529,0.13,0.124,0.81,0.082,0.104,0.097,0.074,0.142,0.019,0.129,0.305,0.194,"2002",FALSE,0,0,37,FALSE
"  4","Victor Alexander","C",0.762,"DET",0.183,0,0.027,0.017,0.023,0.471,0,0.002,0,0.019,0.028,0.367,0.392,0.005,0.008,0.5,0.013,0.022,0.019,0.005,0,0.003,0.011,0.016,0.014,"2002",FALSE,0,0,50,FALSE
"  5","Malik Allen","PF",0.548,"MIA",0.146,0.024,0.046,0.021,0.023,0.575,0,0.001,0,0.023,0.028,0.44,0.479,0.011,0.01,0.8,0.029,0.023,0.025,0.004,0.012,0.021,0.004,0.043,0.018,"2002",FALSE,0,0,36,FALSE
"  6","Ray Allen","SG",0.619,"MIL",0.841,0.817,0.715,0.513,0.528,0.616,0.57,0.596,0.434,0.313,0.35,0.485,0.623,0.283,0.252,0.873,0.155,0.229,0.204,0.233,0.358,0.048,0.343,0.423,0.531,"2002",FALSE,0,0,41,FALSE
"  7","Rafer Alston","PG",0.595,"MIL",0.61,0.085,0.17,0.064,0.088,0.461,0.067,0.08,0.38,0.041,0.068,0.325,0.462,0.024,0.03,0.621,0.019,0.062,0.047,0.123,0.13,0.005,0.086,0.113,0.062,"2002",FALSE,0,0,41,FALSE
"  9","Chris Andersen","C",0.548,"DEN",0.293,0.012,0.074,0.024,0.034,0.451,0,0.005,0,0.026,0.039,0.357,0.376,0.029,0.029,0.786,0.073,0.038,0.05,0.006,0.028,0.074,0.028,0.094,0.025,"2002",FALSE,0,0,27,FALSE
" 10","Derek Anderson","SG",0.643,"POR",0.854,0.329,0.526,0.239,0.282,0.539,0.211,0.257,0.373,0.169,0.217,0.422,0.526,0.235,0.214,0.856,0.09,0.141,0.124,0.186,0.276,0.021,0.188,0.305,0.267,"2002",FALSE,0,0,49,FALSE
" 11","Kenny Anderson","PG",0.738,"BOS",0.927,0.927,0.688,0.302,0.329,0.581,0.022,0.037,0.273,0.315,0.385,0.444,0.491,0.13,0.136,0.742,0.109,0.216,0.18,0.346,0.573,0.027,0.256,0.566,0.258,"2002",FALSE,0,0,49,FALSE
" 12","Nick Anderson","SG",0.81,"MEM",0.183,0,0.062,0.02,0.035,0.368,0.032,0.054,0.271,0.008,0.016,0.286,0.402,0.007,0.009,0.556,0.002,0.032,0.022,0.012,0.024,0.016,0.03,0.046,0.021,"2002",FALSE,0,0,23,FALSE
" 13","Shandon Anderson","SG",0.667,"NYK",1,0.073,0.452,0.144,0.172,0.532,0.097,0.159,0.277,0.114,0.131,0.474,0.502,0.098,0.11,0.692,0.109,0.191,0.163,0.065,0.195,0.04,0.209,0.361,0.145,"2002",FALSE,0,0,30,FALSE
" 15","Gilbert Arenas","PG",0.476,"GSW",0.573,0.366,0.327,0.168,0.177,0.604,0.097,0.128,0.345,0.14,0.153,0.498,0.56,0.164,0.165,0.775,0.078,0.09,0.086,0.149,0.28,0.029,0.209,0.31,0.18,"2002",FALSE,0,0,21,FALSE
" 16","Brandon Armstrong","SG",0.5,"NJN",0.427,0,0.055,0.026,0.039,0.424,0.012,0.019,0.294,0.023,0.038,0.324,0.386,0.007,0.01,0.5,0.019,0.006,0.01,0.007,0.028,0.003,0.017,0.07,0.023,"2002",FALSE,0,0,52,FALSE
" 17","Darrell Armstrong","PG",0.786,"ORL",1,0.963,0.773,0.336,0.381,0.559,0.346,0.449,0.349,0.216,0.243,0.484,0.559,0.241,0.211,0.888,0.159,0.234,0.208,0.389,0.638,0.027,0.377,0.447,0.358,"2002",FALSE,0,0,44,FALSE
" 19","Chucky Atkins","PG",0.643,"DET",0.963,0.756,0.647,0.356,0.364,0.621,0.343,0.379,0.411,0.239,0.256,0.507,0.614,0.11,0.123,0.692,0.059,0.126,0.103,0.226,0.293,0.029,0.276,0.477,0.338,"2002",FALSE,0,0,50,FALSE
" 20","Stacey Augmon","SG",0.786,"CHH",0.939,0.037,0.373,0.135,0.151,0.569,0,0.003,0,0.146,0.183,0.431,0.474,0.102,0.104,0.762,0.113,0.165,0.147,0.088,0.228,0.032,0.116,0.31,0.126,"2002",FALSE,0,0,44,FALSE
" 21","Isaac Austin","C",0.762,"MEM",0.256,0.098,0.087,0.035,0.042,0.521,0,0.003,0,0.037,0.05,0.404,0.434,0.005,0.004,1,0.021,0.06,0.046,0.011,0.037,0.013,0.024,0.097,0.027,"2002",FALSE,0,0,23,FALSE
" 22","William Avery","PG",0.524,"MIN",0.341,0,0.073,0.025,0.041,0.385,0.015,0.04,0.171,0.021,0.031,0.364,0.358,0.017,0.02,0.684,0.008,0.02,0.016,0.031,0.028,0,0.041,0.046,0.025,"2002",FALSE,0,0,50,FALSE
" 23","Dalibor Bagaric","C",0.5,"CHI",0.61,0,0.181,0.07,0.082,0.539,0,0.001,0,0.075,0.1,0.407,0.449,0.054,0.072,0.586,0.105,0.106,0.106,0.02,0.069,0.064,0.099,0.291,0.065,"2002",FALSE,0,0,21,FALSE
" 24","Vin Baker","C",0.714,"SEA",0.671,0.5,0.484,0.305,0.299,0.647,0.002,0.009,0.125,0.327,0.362,0.49,0.54,0.189,0.233,0.633,0.321,0.181,0.229,0.062,0.089,0.096,0.274,0.531,0.273,"2002",FALSE,0,0,45,FALSE
" 25","Erick Barkley","PG",0.548,"POR",0.232,0.049,0.065,0.023,0.031,0.471,0.002,0.008,0.143,0.024,0.034,0.377,0.4,0.012,0.01,0.9,0.01,0.013,0.012,0.029,0.069,0.003,0.026,0.078,0.02,"2002",FALSE,0,0,49,FALSE
" 26","Dana Barros","PG",0.81,"DET",0.354,0.244,0.165,0.072,0.088,0.513,0.06,0.08,0.338,0.052,0.068,0.413,0.498,0.028,0.028,0.778,0.002,0.056,0.037,0.067,0.057,0.005,0.071,0.1,0.068,"2002",FALSE,0,0,50,FALSE
" 27","Brent Barry","SG",0.714,"SEA",0.988,0.988,0.86,0.388,0.364,0.677,0.408,0.437,0.424,0.247,0.227,0.588,0.679,0.262,0.241,0.846,0.111,0.38,0.288,0.366,0.598,0.098,0.356,0.491,0.411,"2002",FALSE,0,0,45,FALSE
" 28","Jon Barry","SG",0.762,"DET",1,0.073,0.562,0.247,0.24,0.652,0.301,0.291,0.469,0.139,0.149,0.508,0.671,0.143,0.119,0.931,0.08,0.191,0.153,0.235,0.382,0.053,0.239,0.361,0.261,"2002",FALSE,0,0,50,FALSE
" 29","Mengke Bateer","C",0.619,"DEN",0.329,0.122,0.115,0.051,0.061,0.536,0.01,0.014,0.333,0.051,0.068,0.408,0.463,0.038,0.038,0.784,0.061,0.064,0.063,0.019,0.041,0.013,0.069,0.253,0.049,"2002",FALSE,0,0,27,FALSE
" 30","Tony Battie","C",0.595,"BOS",0.902,0.89,0.515,0.204,0.179,0.721,0,0.002,0,0.22,0.219,0.544,0.601,0.116,0.134,0.677,0.352,0.295,0.314,0.03,0.244,0.178,0.11,0.59,0.18,"2002",FALSE,0,0,49,FALSE
" 31","Shane Battier","SF",0.548,"MEM",0.951,0.951,0.877,0.398,0.442,0.572,0.256,0.312,0.373,0.322,0.386,0.451,0.536,0.262,0.291,0.7,0.344,0.236,0.273,0.186,0.492,0.215,0.334,0.58,0.397,"2002",FALSE,0,0,23,FALSE
" 33","Raja Bell","SG",0.595,"PHI",0.902,0.146,0.252,0.1,0.11,0.572,0.03,0.05,0.273,0.095,0.111,0.464,0.504,0.048,0.049,0.75,0.059,0.079,0.073,0.061,0.085,0.011,0.103,0.294,0.09,"2002",FALSE,0,0,43,FALSE
" 34","Jonathan Bender","SF",0.5,"IND",0.951,0.207,0.466,0.191,0.212,0.573,0.112,0.141,0.36,0.159,0.189,0.457,0.532,0.185,0.186,0.773,0.122,0.179,0.159,0.053,0.077,0.13,0.207,0.396,0.205,"2002",FALSE,0,0,42,FALSE
" 36","Mike Bibby","PG",0.548,"SAC",0.976,0.976,0.753,0.431,0.453,0.604,0.127,0.156,0.37,0.411,0.478,0.466,0.532,0.205,0.199,0.803,0.071,0.184,0.145,0.346,0.354,0.04,0.289,0.358,0.388,"2002",FALSE,0,0.001,61,TRUE
" 37","Chauncey Billups","PG",0.595,"MIN",1,0.659,0.667,0.337,0.379,0.564,0.308,0.356,0.394,0.233,0.287,0.441,0.553,0.274,0.241,0.885,0.067,0.19,0.148,0.387,0.268,0.045,0.297,0.456,0.363,"2002",FALSE,0,0,50,FALSE
" 38","Mookie Blaylock","PG",0.81,"GSW",0.427,0,0.17,0.048,0.067,0.456,0.037,0.047,0.357,0.036,0.059,0.337,0.438,0.005,0.008,0.5,0.015,0.044,0.034,0.098,0.098,0.011,0.08,0.054,0.042,"2002",FALSE,0,0,21,FALSE
" 39","Corie Blount","PF",0.786,"PHI",0.878,0.256,0.404,0.111,0.116,0.611,0,0.001,0,0.12,0.141,0.46,0.509,0.038,0.046,0.644,0.285,0.217,0.241,0.038,0.199,0.069,0.112,0.474,0.091,"2002",FALSE,0,0,43,FALSE
" 43","Cal Bowdler","PF",0.571,"ATL",0.634,0,0.166,0.059,0.08,0.468,0.002,0.006,0.2,0.062,0.095,0.355,0.392,0.052,0.048,0.83,0.073,0.071,0.072,0.009,0.073,0.04,0.024,0.173,0.057,"2002",FALSE,0,0,33,FALSE
" 44","Bruce Bowen","SF",0.714,"SAS",0.72,0.72,0.481,0.15,0.183,0.519,0.139,0.167,0.378,0.103,0.141,0.396,0.511,0.061,0.099,0.479,0.08,0.119,0.106,0.076,0.252,0.066,0.142,0.313,0.145,"2002",FALSE,0,0,58,FALSE
" 45","Ryan Bowen","SF",0.619,"DEN",0.915,0.256,0.477,0.142,0.141,0.639,0.002,0.014,0.083,0.152,0.166,0.495,0.533,0.091,0.095,0.75,0.256,0.164,0.195,0.045,0.305,0.109,0.088,0.461,0.129,"2002",FALSE,0,0,27,FALSE
" 47","Earl Boykins","PG",0.595,"LAC",0.829,0.024,0.215,0.106,0.127,0.533,0.032,0.047,0.31,0.101,0.131,0.416,0.471,0.062,0.063,0.77,0.052,0.027,0.035,0.125,0.081,0.005,0.095,0.119,0.099,"2002",FALSE,0,0,39,FALSE
" 48","Michael Bradley","PF",0.524,"TOR",0.317,0,0.033,0.013,0.012,0.693,0,0.002,0,0.014,0.013,0.565,0.578,0.005,0.008,0.5,0.013,0.017,0.016,0.003,0,0.016,0.013,0.027,0.011,"2002",FALSE,0,0,42,FALSE
" 49","Shawn Bradley","C",0.69,"DAL",0.646,0.195,0.214,0.075,0.075,0.639,0,0.001,0,0.081,0.091,0.481,0.532,0.078,0.066,0.922,0.101,0.122,0.115,0.017,0.114,0.17,0.054,0.345,0.076,"2002",FALSE,0,0,57,FALSE
" 51","Terrell Brandon","PG",0.738,"MIN",0.39,0.341,0.272,0.15,0.168,0.567,0.01,0.026,0.174,0.157,0.193,0.442,0.478,0.11,0.086,0.988,0.033,0.075,0.061,0.227,0.211,0.016,0.093,0.132,0.14,"2002",FALSE,0,0,50,FALSE
" 55","Damone Brown","SF",0.524,"PHI",0.207,0,0.019,0.008,0.01,0.508,0,0.001,0,0.008,0.011,0.4,0.423,0.009,0.008,0.875,0.004,0.002,0.003,0.002,0.004,0.003,0.019,0.03,0.008,"2002",FALSE,0,0,43,FALSE
" 58","Kedrick Brown","SF",0.476,"BOS",0.354,0.061,0.069,0.022,0.032,0.439,0.012,0.03,0.185,0.019,0.024,0.419,0.404,0.016,0.021,0.6,0.021,0.039,0.033,0.013,0.073,0.019,0.015,0.049,0.022,"2002",FALSE,0,0,49,FALSE
" 59","Kwame Brown","PF",0.452,"WAS",0.695,0.037,0.231,0.091,0.112,0.516,0,0.001,0,0.098,0.136,0.388,0.43,0.093,0.102,0.707,0.12,0.134,0.129,0.037,0.065,0.069,0.093,0.283,0.091,"2002",FALSE,0,0,37,FALSE
" 62","Tierre Brown","SG",0.524,"HOU",0.488,0.012,0.114,0.047,0.053,0.568,0.01,0.014,0.333,0.047,0.058,0.437,0.492,0.028,0.029,0.75,0.023,0.03,0.027,0.06,0.077,0.008,0.086,0.07,0.043,"2002",FALSE,0,0,28,FALSE
" 63","Rick Brunson","PG",0.69,"POR",0.72,0.024,0.147,0.044,0.052,0.531,0.015,0.012,0.545,0.041,0.058,0.382,0.472,0.038,0.042,0.707,0.044,0.045,0.044,0.098,0.102,0.005,0.101,0.137,0.044,"2002",FALSE,0,0,49,FALSE
" 64","Kobe Bryant","SG",0.548,"LAL",0.976,0.976,0.867,0.724,0.735,0.625,0.082,0.149,0.25,0.745,0.826,0.489,0.532,0.646,0.606,0.829,0.214,0.327,0.288,0.376,0.48,0.093,0.481,0.615,0.713,"2002",FALSE,1,0.078,58,TRUE
" 66","Greg Buckner","SG",0.595,"DAL",0.537,0.195,0.25,0.101,0.091,0.7,0.012,0.018,0.313,0.103,0.103,0.544,0.598,0.053,0.06,0.69,0.128,0.105,0.113,0.041,0.126,0.051,0.058,0.334,0.089,"2002",FALSE,0,0,57,FALSE
" 68","Rodney Buford","SG",0.571,"MEM",0.768,0.256,0.501,0.25,0.273,0.58,0.042,0.079,0.243,0.251,0.295,0.461,0.499,0.077,0.082,0.725,0.099,0.218,0.178,0.061,0.171,0.032,0.136,0.296,0.209,"2002",FALSE,0,0,23,FALSE
" 69","Matt Bullard","PF",0.81,"CHH",0.378,0,0.099,0.038,0.053,0.452,0.04,0.064,0.281,0.024,0.033,0.397,0.454,0.015,0.012,0.917,0.019,0.037,0.031,0.014,0.008,0.005,0.026,0.078,0.037,"2002",FALSE,0,0,44,FALSE
" 70","Mitchell Butler","SG",0.738,"POR",0.134,0,0.025,0.01,0.011,0.58,0.002,0.003,0.333,0.009,0.011,0.45,0.508,0.011,0.012,0.667,0.011,0.008,0.009,0.004,0,0.003,0.011,0.027,0.01,"2002",FALSE,0,0,49,FALSE
" 71","Jason Caffey","PF",0.667,"MIL",0.28,0,0.08,0.035,0.033,0.667,0,0.001,0,0.037,0.04,0.507,0.556,0.036,0.044,0.628,0.046,0.026,0.033,0.01,0.016,0.013,0.041,0.105,0.035,"2002",FALSE,0,0,41,FALSE
" 72","Marcus Camby","C",0.643,"NYK",0.354,0.354,0.285,0.126,0.133,0.597,0,0.001,0,0.135,0.163,0.45,0.498,0.082,0.102,0.626,0.17,0.231,0.21,0.028,0.138,0.133,0.091,0.288,0.114,"2002",FALSE,0,0,30,FALSE
" 73","Elden Campbell","PF",0.786,"CHH",0.939,0.902,0.61,0.371,0.365,0.645,0,0.002,0,0.4,0.447,0.485,0.538,0.405,0.395,0.797,0.254,0.394,0.346,0.088,0.244,0.364,0.297,0.712,0.379,"2002",FALSE,0,0,44,FALSE
" 74","Brian Cardinal","PF",0.571,"DET",0.098,0,0.012,0.006,0.006,0.616,0.007,0.008,0.429,0.003,0.003,0.5,0.641,0.003,0.002,1,0.004,0.004,0.004,0.002,0.004,0,0,0.013,0.006,"2002",FALSE,0,0,50,FALSE
" 75","Anthony Carter","PG",0.619,"MIA",0.561,0.22,0.297,0.086,0.12,0.456,0.002,0.021,0.053,0.092,0.136,0.365,0.382,0.025,0.037,0.528,0.036,0.097,0.076,0.184,0.203,0.008,0.155,0.229,0.07,"2002",FALSE,0,0,36,FALSE
" 76","Vince Carter","SG",0.595,"TOR",0.732,0.732,0.675,0.541,0.601,0.571,0.301,0.353,0.387,0.456,0.561,0.441,0.527,0.324,0.316,0.798,0.264,0.174,0.205,0.205,0.382,0.114,0.332,0.515,0.524,"2002",FALSE,0,0,42,FALSE
" 77","Sam Cassell","PG",0.762,"MIL",0.902,0.89,0.737,0.536,0.551,0.617,0.177,0.23,0.348,0.503,0.56,0.486,0.547,0.373,0.337,0.86,0.103,0.256,0.204,0.424,0.366,0.032,0.381,0.561,0.516,"2002",FALSE,0,0,41,FALSE
" 78","Kelvin Cato","C",0.643,"HOU",0.915,0.89,0.543,0.184,0.15,0.777,0,0.001,0,0.198,0.183,0.585,0.648,0.149,0.2,0.582,0.337,0.347,0.343,0.025,0.163,0.253,0.114,0.561,0.174,"2002",FALSE,0,0,28,FALSE
" 80","Calbert Cheaney","SG",0.714,"DEN",0.829,0.573,0.462,0.217,0.214,0.641,0,0.005,0,0.233,0.261,0.485,0.534,0.061,0.069,0.687,0.109,0.182,0.157,0.095,0.138,0.056,0.151,0.42,0.174,"2002",FALSE,0,0,27,FALSE
" 81","Chris Childs","PG",0.81,"TOR",0.841,0.049,0.446,0.094,0.136,0.437,0.082,0.135,0.275,0.067,0.099,0.364,0.426,0.077,0.073,0.817,0.034,0.135,0.101,0.302,0.228,0.013,0.265,0.477,0.101,"2002",FALSE,0,0,42,FALSE
" 82","Doug Christie","SG",0.738,"SAC",0.988,0.988,0.792,0.327,0.338,0.613,0.224,0.289,0.352,0.258,0.27,0.518,0.579,0.272,0.249,0.851,0.141,0.298,0.244,0.292,0.65,0.066,0.353,0.563,0.343,"2002",FALSE,0,0,61,FALSE
" 83","Keon Clark","C",0.619,"TOR",0.988,0.378,0.618,0.368,0.357,0.653,0,0.006,0,0.395,0.434,0.494,0.544,0.205,0.237,0.674,0.348,0.418,0.394,0.076,0.236,0.324,0.302,0.695,0.323,"2002",FALSE,0,0,42,FALSE
" 84","Speedy Claxton","PG",0.548,"PHI",0.817,0.22,0.432,0.175,0.208,0.533,0.01,0.037,0.121,0.184,0.236,0.422,0.45,0.151,0.14,0.838,0.088,0.113,0.105,0.17,0.386,0.016,0.205,0.391,0.169,"2002",FALSE,0,0,43,FALSE
" 85","Mateen Cleaves","PG",0.571,"SAC",0.39,0,0.043,0.029,0.031,0.588,0.005,0.009,0.25,0.029,0.034,0.467,0.507,0.011,0.009,0.889,0.002,0.007,0.005,0.021,0.028,0,0.058,0.024,0.025,"2002",FALSE,0,0,61,FALSE
" 86","Derrick Coleman","PF",0.81,"PHI",0.707,0.707,0.589,0.32,0.338,0.6,0.07,0.094,0.337,0.315,0.368,0.465,0.521,0.245,0.234,0.815,0.319,0.34,0.333,0.084,0.171,0.136,0.256,0.426,0.309,"2002",FALSE,0,0,43,FALSE
" 87","Bimbo Coles","PG",0.786,"CLE",0.573,0.012,0.196,0.054,0.067,0.512,0.01,0.023,0.2,0.054,0.071,0.413,0.441,0.044,0.038,0.892,0.023,0.043,0.036,0.092,0.053,0.011,0.067,0.159,0.053,"2002",FALSE,0,0,29,FALSE
" 88","Jason Collier","C",0.571,"HOU",0.305,0.024,0.103,0.04,0.044,0.576,0,0.001,0,0.043,0.053,0.436,0.48,0.032,0.033,0.75,0.059,0.051,0.054,0.008,0.024,0.011,0.028,0.108,0.037,"2002",FALSE,0,0,28,FALSE
" 89","Jarron Collins","C",0.548,"UTA",0.854,0.829,0.408,0.153,0.158,0.615,0,0.001,0,0.164,0.193,0.462,0.512,0.177,0.186,0.74,0.264,0.157,0.193,0.05,0.118,0.059,0.121,0.631,0.159,"2002",FALSE,0,0,44,FALSE
" 90","Jason Collins","C",0.548,"NJN",0.939,0.11,0.398,0.113,0.128,0.561,0.002,0.002,0.5,0.121,0.156,0.42,0.47,0.152,0.169,0.701,0.252,0.168,0.197,0.07,0.118,0.125,0.155,0.466,0.124,"2002",FALSE,0,0,52,FALSE
" 91","Chris Crawford","PF",0.619,"ATL",0.085,0.049,0.037,0.02,0.021,0.623,0,0.001,0,0.022,0.025,0.477,0.519,0.015,0.015,0.733,0.017,0.016,0.016,0.004,0.008,0.013,0.022,0.057,0.019,"2002",FALSE,0,0,33,FALSE
" 92","Jamal Crawford","PG",0.5,"CHI",0.28,0.073,0.136,0.086,0.086,0.635,0.065,0.065,0.448,0.066,0.073,0.488,0.606,0.013,0.013,0.769,0.01,0.029,0.022,0.047,0.073,0.013,0.069,0.049,0.076,"2002",FALSE,0,0,21,FALSE
" 94","Austin Croshere","PF",0.619,"IND",0.927,0.012,0.364,0.179,0.206,0.551,0.122,0.164,0.338,0.142,0.171,0.449,0.52,0.128,0.117,0.851,0.141,0.218,0.192,0.066,0.106,0.077,0.144,0.286,0.182,"2002",FALSE,0,0,42,FALSE
" 95","John Crotty","PG",0.762,"UTA",0.5,0,0.227,0.095,0.096,0.628,0.077,0.078,0.449,0.07,0.078,0.482,0.607,0.075,0.068,0.864,0.031,0.059,0.049,0.121,0.077,0.003,0.11,0.208,0.1,"2002",FALSE,0,0,44,FALSE
" 96","Vonteego Cummings","PG",0.595,"PHI",0.707,0.012,0.142,0.075,0.086,0.556,0.03,0.052,0.261,0.069,0.08,0.468,0.499,0.032,0.033,0.75,0.027,0.038,0.034,0.052,0.073,0.013,0.078,0.143,0.068,"2002",FALSE,0,0,43,FALSE
" 97","Dell Curry","SG",0.881,"TOR",0.683,0.049,0.251,0.136,0.16,0.541,0.112,0.148,0.344,0.1,0.122,0.444,0.523,0.044,0.038,0.892,0.044,0.058,0.053,0.052,0.089,0.016,0.088,0.135,0.127,"2002",FALSE,0,0,42,FALSE
" 99","Michael Curry","SG",0.786,"DET",1,0.915,0.541,0.121,0.127,0.604,0.017,0.029,0.269,0.123,0.141,0.472,0.518,0.095,0.094,0.791,0.029,0.152,0.11,0.109,0.191,0.027,0.129,0.558,0.116,"2002",FALSE,0,0,50,FALSE
"102","Antonio Daniels","SG",0.619,"SAS",1,0.159,0.616,0.26,0.282,0.587,0.142,0.221,0.291,0.221,0.235,0.51,0.54,0.209,0.216,0.752,0.044,0.152,0.115,0.196,0.195,0.032,0.151,0.28,0.266,"2002",FALSE,0,0,58,FALSE
"103","Antonio Davis","PF",0.786,"TOR",0.939,0.939,0.843,0.397,0.443,0.568,0,0.001,0,0.427,0.543,0.426,0.473,0.388,0.368,0.818,0.486,0.483,0.484,0.133,0.22,0.221,0.343,0.606,0.393,"2002",FALSE,0,0,42,FALSE
"104","Baron Davis","PG",0.524,"CHH",1,1,0.939,0.541,0.617,0.556,0.423,0.54,0.356,0.405,0.487,0.451,0.533,0.259,0.348,0.58,0.178,0.254,0.228,0.6,0.699,0.125,0.53,0.65,0.524,"2002",FALSE,0,0,44,FALSE
"106","Emanual Davis","PG",0.786,"ATL",0.341,0.244,0.219,0.068,0.091,0.472,0.072,0.096,0.341,0.043,0.064,0.363,0.474,0.021,0.019,0.889,0.036,0.055,0.048,0.058,0.11,0.013,0.112,0.183,0.065,"2002",FALSE,0,0,33,FALSE
"107","Hubert Davis","SG",0.738,"WAS",0.622,0.207,0.348,0.141,0.15,0.597,0.142,0.142,0.452,0.093,0.113,0.445,0.594,0.021,0.022,0.762,0.013,0.07,0.05,0.092,0.114,0.008,0.095,0.156,0.129,"2002",FALSE,0,0,37,FALSE
"108","Ricky Davis","SF",0.524,"CLE",1,0.098,0.553,0.364,0.359,0.641,0.027,0.04,0.314,0.38,0.421,0.489,0.542,0.259,0.255,0.79,0.12,0.179,0.159,0.153,0.28,0.061,0.319,0.391,0.339,"2002",FALSE,0,0,29,FALSE
"113","Michael Dickerson","SG",0.619,"MEM",0.049,0.049,0.035,0.015,0.022,0.417,0.02,0.024,0.381,0.007,0.015,0.259,0.44,0.007,0.006,0.833,0.006,0.009,0.008,0.008,0.012,0.003,0.017,0.032,0.015,"2002",FALSE,0,0,23,FALSE
"115","Vlade Divac","C",0.786,"SAC",0.976,0.976,0.685,0.327,0.329,0.629,0.007,0.015,0.231,0.349,0.397,0.477,0.527,0.276,0.35,0.615,0.392,0.463,0.439,0.255,0.321,0.25,0.341,0.617,0.314,"2002",FALSE,0,0,61,FALSE
"117","Keyon Dooling","PG",0.5,"LAC",0.171,0,0.044,0.021,0.026,0.515,0.01,0.016,0.286,0.019,0.024,0.419,0.468,0.013,0.012,0.833,0,0.003,0.002,0.01,0.016,0.008,0.022,0.054,0.02,"2002",FALSE,0,0,39,FALSE
"118","Bryce Drew","PG",0.643,"CHH",0.744,0,0.219,0.075,0.084,0.572,0.077,0.082,0.425,0.049,0.061,0.431,0.571,0.03,0.03,0.793,0.027,0.058,0.047,0.087,0.13,0.005,0.071,0.132,0.074,"2002",FALSE,0,0,44,FALSE
"119","Predrag Drobnjak","C",0.619,"SEA",0.78,0.146,0.332,0.185,0.191,0.615,0,0.002,0,0.199,0.232,0.464,0.512,0.073,0.075,0.753,0.143,0.143,0.143,0.044,0.081,0.082,0.11,0.294,0.154,"2002",FALSE,0,0,45,FALSE
"120","Chris Dudley","C",0.857,"POR",0.524,0.024,0.093,0.019,0.023,0.533,0,0.002,0,0.021,0.027,0.417,0.444,0.011,0.015,0.533,0.052,0.053,0.052,0.011,0.012,0.037,0.03,0.113,0.017,"2002",FALSE,0,0,49,FALSE
"121","Tim Duncan","PF",0.595,"SAS",1,1,0.942,0.739,0.692,0.677,0.002,0.011,0.1,0.794,0.843,0.511,0.564,0.741,0.721,0.799,0.512,0.769,0.681,0.264,0.248,0.54,0.567,0.585,0.738,"2002",TRUE,57,0.757,58,TRUE
"122","Howard Eisley","PG",0.69,"NYK",0.476,0,0.172,0.057,0.081,0.449,0.035,0.065,0.241,0.047,0.066,0.385,0.419,0.052,0.05,0.796,0.017,0.04,0.032,0.086,0.098,0.008,0.114,0.148,0.06,"2002",FALSE,0,0,30,FALSE
"124","LaPhonso Ellis","SF",0.738,"MIA",0.805,0.171,0.477,0.183,0.208,0.557,0.095,0.14,0.306,0.157,0.185,0.46,0.511,0.07,0.086,0.631,0.205,0.179,0.188,0.048,0.122,0.098,0.157,0.528,0.166,"2002",FALSE,0,0,36,FALSE
"126","Maurice Evans","SG",0.548,"MIN",0.122,0,0.013,0.009,0.009,0.632,0,0.003,0,0.009,0.009,0.563,0.527,0.004,0.004,0.75,0.006,0.001,0.003,0.003,0,0,0.004,0.024,0.007,"2002",FALSE,0,0,50,FALSE
"127","Patrick Ewing","C",0.929,"ORL",0.793,0.049,0.255,0.143,0.153,0.592,0,0.001,0,0.154,0.187,0.446,0.493,0.124,0.138,0.701,0.115,0.202,0.172,0.03,0.089,0.12,0.14,0.348,0.138,"2002",FALSE,0,0,44,FALSE
"128","Danny Ferry","SF",0.833,"SAS",0.61,0.024,0.226,0.074,0.081,0.572,0.107,0.112,0.434,0.034,0.044,0.423,0.612,0.045,0.037,0.944,0.029,0.074,0.059,0.041,0.065,0.024,0.047,0.189,0.081,"2002",FALSE,0,0,58,FALSE
"129","Michael Finley","SF",0.667,"DAL",0.841,0.841,0.78,0.55,0.565,0.617,0.189,0.253,0.339,0.513,0.566,0.491,0.549,0.278,0.258,0.837,0.172,0.268,0.235,0.198,0.264,0.066,0.252,0.388,0.503,"2002",FALSE,0,0,57,FALSE
"130","Derek Fisher","PG",0.643,"LAL",0.854,0.427,0.559,0.265,0.306,0.548,0.358,0.394,0.413,0.135,0.179,0.41,0.578,0.124,0.114,0.847,0.029,0.13,0.095,0.155,0.268,0.024,0.134,0.326,0.278,"2002",FALSE,0,0,58,FALSE
"131","Marcus Fizer","PF",0.548,"CHI",0.927,0.244,0.556,0.359,0.39,0.584,0.017,0.046,0.171,0.379,0.455,0.451,0.491,0.25,0.291,0.668,0.245,0.297,0.279,0.103,0.199,0.064,0.282,0.501,0.331,"2002",FALSE,0,0,21,FALSE
"132","Isaac Fontaine","SG",0.619,"MEM",0.073,0,0.021,0.003,0.006,0.285,0.002,0.006,0.2,0.002,0.005,0.222,0.278,0.005,0.006,0.667,0,0.005,0.003,0.003,0,0,0.009,0.016,0.004,"2002",FALSE,0,0,23,FALSE
"134","Joseph Forte","SG",0.476,"BOS",0.098,0,0.011,0.001,0.006,0.111,0,0.003,0,0.001,0.005,0.111,0.092,0.005,0.004,1,0.002,0.005,0.004,0.005,0.008,0,0.006,0.003,0.002,"2002",FALSE,0,0,49,FALSE
"135","Danny Fortson","PF",0.595,"GSW",0.939,0.927,0.627,0.299,0.332,0.571,0.002,0.005,0.25,0.32,0.405,0.429,0.477,0.324,0.317,0.795,0.554,0.605,0.588,0.109,0.179,0.045,0.345,0.687,0.305,"2002",FALSE,0,0,21,FALSE
"136","Greg Foster","PF",0.786,"MIL",0.073,0,0.007,0.002,0.004,0.296,0,0.005,0,0.002,0.003,0.4,0.247,0.004,0.004,0.75,0,0.008,0.005,0.001,0,0,0,0.011,0.002,"2002",FALSE,0,0,41,FALSE
"137","Jeff Foster","C",0.595,"IND",1,0.585,0.506,0.171,0.181,0.599,0.005,0.017,0.133,0.182,0.214,0.462,0.502,0.147,0.187,0.61,0.394,0.348,0.363,0.06,0.289,0.101,0.17,0.625,0.165,"2002",FALSE,0,0,42,FALSE
"138","Antonis Fotsis","PF",0.476,"MEM",0.341,0.012,0.091,0.041,0.048,0.539,0.017,0.026,0.304,0.036,0.046,0.432,0.487,0.022,0.021,0.85,0.048,0.037,0.041,0.009,0.037,0.029,0.045,0.059,0.038,"2002",FALSE,0,0,23,FALSE
"140","Rick Fox","SF",0.762,"LAL",1,1,0.648,0.247,0.278,0.561,0.162,0.235,0.313,0.198,0.224,0.479,0.528,0.093,0.087,0.824,0.172,0.297,0.254,0.243,0.272,0.056,0.284,0.658,0.228,"2002",FALSE,0,0,58,FALSE
"142","Steve Francis","PG",0.571,"HOU",0.695,0.683,0.663,0.406,0.463,0.556,0.169,0.237,0.324,0.366,0.45,0.442,0.501,0.431,0.434,0.773,0.195,0.297,0.262,0.311,0.289,0.066,0.476,0.464,0.436,"2002",FALSE,0,0,28,FALSE
"143","Lawrence Funderburke","PF",0.738,"SAC",0.683,0.012,0.204,0.111,0.113,0.625,0,0.003,0,0.12,0.136,0.475,0.521,0.045,0.058,0.607,0.145,0.121,0.129,0.027,0.045,0.048,0.071,0.175,0.093,"2002",FALSE,0,0,61,FALSE
"144","Kevin Garnett","PF",0.595,"MIN",0.988,0.988,0.899,0.637,0.645,0.627,0.092,0.131,0.319,0.647,0.725,0.484,0.538,0.475,0.461,0.801,0.465,0.733,0.641,0.363,0.39,0.335,0.494,0.496,0.605,"2002",FALSE,0,0.013,50,TRUE
"146","Pat Garrity","PF",0.595,"ORL",0.976,0.524,0.681,0.316,0.353,0.568,0.42,0.447,0.427,0.164,0.209,0.426,0.597,0.081,0.075,0.836,0.147,0.259,0.221,0.085,0.248,0.074,0.147,0.62,0.312,"2002",FALSE,0,0,44,FALSE
"147","Pau Gasol","C",0.5,"MEM",1,0.963,0.851,0.533,0.49,0.691,0.002,0.006,0.2,0.572,0.597,0.519,0.576,0.447,0.491,0.709,0.455,0.489,0.477,0.192,0.167,0.449,0.483,0.526,0.509,"2002",FALSE,0,0,23,FALSE
"148","Chris Gatling","PF",0.81,"MIA",0.659,0.012,0.229,0.127,0.135,0.596,0.002,0.009,0.125,0.135,0.161,0.456,0.499,0.108,0.12,0.701,0.136,0.134,0.135,0.021,0.069,0.029,0.125,0.294,0.122,"2002",FALSE,0,0,36,FALSE
"150","Devean George","SF",0.571,"LAL",1,0.012,0.498,0.208,0.241,0.548,0.164,0.201,0.371,0.155,0.195,0.432,0.527,0.112,0.13,0.675,0.149,0.223,0.198,0.095,0.289,0.112,0.142,0.512,0.205,"2002",FALSE,0,0,58,FALSE
"151","Eddie Gill","PG",0.548,"MEM",0.28,0.061,0.109,0.038,0.042,0.565,0.017,0.025,0.318,0.033,0.039,0.457,0.513,0.041,0.04,0.795,0.013,0.021,0.018,0.042,0.045,0.008,0.073,0.102,0.041,"2002",FALSE,0,0,23,FALSE
"152","Kendall Gill","SG",0.786,"MIA",0.793,0.598,0.399,0.157,0.194,0.512,0.015,0.05,0.136,0.162,0.213,0.413,0.434,0.056,0.064,0.677,0.055,0.154,0.12,0.086,0.179,0.021,0.119,0.377,0.131,"2002",FALSE,0,0,36,FALSE
"153","Dion Glover","SG",0.548,"ATL",0.671,0.305,0.327,0.186,0.21,0.561,0.075,0.103,0.33,0.169,0.206,0.444,0.504,0.103,0.106,0.757,0.069,0.132,0.11,0.072,0.183,0.037,0.164,0.24,0.174,"2002",FALSE,0,0,33,FALSE
"155","Brian Grant","PF",0.69,"MIA",0.878,0.878,0.639,0.277,0.281,0.625,0,0.002,0,0.298,0.343,0.47,0.521,0.134,0.122,0.849,0.321,0.404,0.376,0.118,0.195,0.082,0.263,0.636,0.238,"2002",FALSE,0,0,36,FALSE
"157","Adrian Griffin","SG",0.643,"DAL",0.707,0.415,0.391,0.173,0.165,0.665,0.04,0.061,0.296,0.17,0.172,0.534,0.579,0.054,0.05,0.837,0.13,0.16,0.15,0.091,0.305,0.032,0.091,0.383,0.147,"2002",FALSE,0,0,57,FALSE
"158","Eddie Griffin","PF",0.452,"HOU",0.89,0.293,0.537,0.236,0.306,0.488,0.224,0.308,0.33,0.16,0.222,0.392,0.482,0.085,0.088,0.744,0.224,0.297,0.272,0.046,0.069,0.356,0.101,0.315,0.227,"2002",FALSE,0,0,28,FALSE
"159","Tom Gugliotta","PF",0.762,"PHO",0.537,0.488,0.32,0.123,0.139,0.563,0.007,0.01,0.333,0.129,0.165,0.425,0.474,0.037,0.038,0.757,0.113,0.161,0.144,0.066,0.159,0.08,0.131,0.313,0.101,"2002",FALSE,0,0,36,FALSE
"160","A.J. Guyton","PG",0.548,"CHI",0.549,0.073,0.172,0.085,0.112,0.481,0.114,0.139,0.374,0.044,0.068,0.347,0.506,0.029,0.028,0.815,0.023,0.032,0.029,0.07,0.041,0.019,0.08,0.062,0.086,"2002",FALSE,0,0,21,FALSE
"161","Darvin Ham","SF",0.667,"MIL",0.854,0.024,0.342,0.116,0.097,0.759,0.002,0.008,0.143,0.124,0.115,0.583,0.634,0.082,0.127,0.504,0.174,0.11,0.132,0.063,0.102,0.098,0.179,0.472,0.107,"2002",FALSE,0,0,41,FALSE
"162","Richard Hamilton","SG",0.548,"WAS",0.768,0.695,0.624,0.456,0.499,0.58,0.04,0.047,0.381,0.475,0.588,0.438,0.492,0.397,0.347,0.89,0.14,0.142,0.141,0.147,0.154,0.037,0.284,0.367,0.445,"2002",FALSE,0,0,37,FALSE
"163","Tang Hamilton","SF",0.548,"MIA",0.11,0.024,0.028,0.01,0.009,0.701,0,0.001,0,0.01,0.01,0.556,0.584,0,0.001,0,0.011,0.012,0.012,0.004,0.016,0,0.004,0.027,0.007,"2002",FALSE,0,0,36,FALSE
"165","Anfernee Hardaway","SG",0.714,"PHO",0.976,0.671,0.697,0.376,0.428,0.557,0.057,0.094,0.277,0.381,0.478,0.432,0.478,0.209,0.201,0.81,0.187,0.25,0.229,0.278,0.496,0.085,0.407,0.496,0.339,"2002",FALSE,0,0,36,FALSE
"167","Matt Harpring","SF",0.595,"PHI",0.988,0.988,0.719,0.373,0.386,0.615,0.052,0.078,0.304,0.38,0.434,0.475,0.526,0.218,0.228,0.743,0.388,0.367,0.375,0.092,0.285,0.013,0.274,0.542,0.338,"2002",FALSE,0,0,43,FALSE
"168","Al Harrington","PF",0.5,"IND",0.537,0.012,0.372,0.222,0.223,0.633,0.002,0.003,0.333,0.238,0.271,0.476,0.529,0.152,0.148,0.799,0.184,0.179,0.18,0.046,0.167,0.056,0.168,0.447,0.203,"2002",FALSE,0,0,42,FALSE
"169","Othella Harrington","PF",0.667,"NYK",0.939,0.049,0.442,0.229,0.207,0.703,0,0.002,0,0.247,0.253,0.529,0.586,0.161,0.177,0.709,0.239,0.222,0.228,0.032,0.122,0.096,0.205,0.674,0.21,"2002",FALSE,0,0,30,FALSE
"170","Lucious Harris","SG",0.738,"NJN",0.902,0,0.44,0.241,0.247,0.619,0.109,0.133,0.373,0.213,0.236,0.489,0.561,0.176,0.163,0.842,0.094,0.157,0.135,0.1,0.215,0.016,0.131,0.267,0.238,"2002",FALSE,0,0,52,FALSE
"171","Jason Hart","PG",0.548,"SAS",0.122,0,0.026,0.01,0.009,0.701,0,0.002,0,0.01,0.01,0.588,0.584,0.008,0.006,1,0.008,0.009,0.008,0.01,0.028,0.003,0.017,0.043,0.009,"2002",FALSE,0,0,58,FALSE
"174","Trenton Hassell","SG",0.524,"CHI",0.951,0.573,0.633,0.258,0.289,0.567,0.149,0.186,0.364,0.215,0.261,0.447,0.526,0.115,0.117,0.763,0.124,0.189,0.167,0.148,0.224,0.117,0.218,0.496,0.24,"2002",FALSE,0,0,21,FALSE
"175","Kirk Haston","PF",0.524,"CHH",0.183,0,0.022,0.011,0.018,0.376,0,0.003,0,0.011,0.02,0.306,0.313,0.005,0.008,0.5,0.01,0.015,0.013,0.004,0,0.003,0.006,0.024,0.009,"2002",FALSE,0,0,44,FALSE
"177","Alan Henderson","PF",0.69,"ATL",0.317,0.012,0.119,0.057,0.053,0.679,0.002,0.001,1,0.06,0.065,0.504,0.57,0.032,0.046,0.533,0.059,0.066,0.063,0.009,0.045,0.04,0.045,0.108,0.05,"2002",FALSE,0,0,33,FALSE
"178","Cedric Henderson","SF",0.619,"GSW",0.146,0,0.02,0.015,0.014,0.645,0.005,0.005,0.5,0.014,0.015,0.481,0.573,0.005,0.007,0.571,0.002,0.002,0.002,0.003,0.024,0.005,0.017,0.011,0.013,"2002",FALSE,0,0,21,FALSE
"179","Grant Hill","SF",0.69,"ORL",0.171,0.171,0.145,0.08,0.09,0.568,0,0.002,0,0.086,0.109,0.43,0.473,0.091,0.082,0.863,0.055,0.095,0.082,0.055,0.033,0.011,0.08,0.108,0.083,"2002",FALSE,0,0,44,FALSE
"180","Tyrone Hill","PF",0.786,"CLE",0.317,0.317,0.229,0.069,0.084,0.52,0,0.001,0,0.074,0.102,0.392,0.433,0.089,0.106,0.65,0.151,0.194,0.179,0.02,0.069,0.035,0.103,0.275,0.074,"2002",FALSE,0,0,29,FALSE
"181","Fred Hoiberg","SG",0.69,"CHI",0.963,0.098,0.399,0.117,0.134,0.555,0.06,0.104,0.261,0.101,0.112,0.487,0.508,0.104,0.097,0.84,0.034,0.191,0.137,0.117,0.248,0.013,0.069,0.235,0.122,"2002",FALSE,0,0,21,FALSE
"182","Robert Horry","PF",0.738,"LAL",0.988,0.28,0.606,0.177,0.212,0.531,0.189,0.229,0.374,0.111,0.145,0.416,0.533,0.143,0.142,0.783,0.249,0.347,0.313,0.199,0.313,0.237,0.19,0.561,0.194,"2002",FALSE,0,0,58,FALSE
"183","Eddie House","PG",0.548,"MIA",0.78,0.037,0.348,0.202,0.241,0.532,0.134,0.177,0.344,0.161,0.207,0.422,0.5,0.056,0.05,0.857,0.033,0.092,0.072,0.106,0.175,0.013,0.172,0.264,0.181,"2002",FALSE,0,0,36,FALSE
"184","Allan Houston","SG",0.714,"NYK",0.939,0.939,0.825,0.549,0.599,0.583,0.338,0.391,0.393,0.45,0.539,0.452,0.543,0.39,0.349,0.87,0.071,0.214,0.165,0.163,0.22,0.027,0.366,0.491,0.553,"2002",FALSE,0,0,30,FALSE
"186","Troy Hudson","PG",0.595,"ORL",0.988,0.049,0.525,0.342,0.375,0.579,0.164,0.211,0.353,0.3,0.354,0.459,0.528,0.233,0.207,0.876,0.057,0.114,0.095,0.219,0.232,0.016,0.351,0.321,0.335,"2002",FALSE,0,0,44,FALSE
"187","Larry Hughes","SG",0.548,"GSW",0.89,0.683,0.58,0.332,0.373,0.564,0.045,0.105,0.194,0.338,0.404,0.453,0.483,0.253,0.266,0.737,0.159,0.161,0.16,0.271,0.459,0.061,0.369,0.404,0.316,"2002",FALSE,0,0,21,FALSE
"188","Lindsey Hunter","PG",0.738,"LAL",1,0.573,0.457,0.181,0.225,0.509,0.197,0.235,0.38,0.112,0.159,0.383,0.513,0.026,0.041,0.5,0.034,0.102,0.079,0.111,0.268,0.051,0.119,0.323,0.167,"2002",FALSE,0,0,58,FALSE
"190","Zydrunas Ilgauskas","C",0.619,"CLE",0.756,0.28,0.376,0.233,0.261,0.567,0,0.006,0,0.251,0.317,0.429,0.472,0.275,0.284,0.754,0.26,0.197,0.218,0.06,0.069,0.223,0.203,0.504,0.244,"2002",FALSE,0,0,29,FALSE
"191","Allen Iverson","SG",0.619,"PHI",0.732,0.72,0.742,0.643,0.768,0.531,0.194,0.302,0.291,0.611,0.79,0.419,0.469,0.628,0.602,0.812,0.084,0.223,0.176,0.284,0.683,0.035,0.511,0.275,0.665,"2002",FALSE,0,0.023,43,TRUE
"192","Bobby Jackson","PG",0.667,"SAC",0.988,0.037,0.495,0.323,0.347,0.591,0.197,0.247,0.361,0.265,0.302,0.477,0.55,0.197,0.189,0.81,0.157,0.168,0.164,0.141,0.297,0.029,0.2,0.391,0.316,"2002",FALSE,0,0,61,FALSE
"193","Jaren Jackson","SG",0.81,"ORL",0.11,0,0.041,0.015,0.017,0.54,0.017,0.023,0.35,0.008,0.01,0.471,0.556,0.003,0.004,0.5,0.002,0.016,0.011,0.007,0.02,0,0.017,0.035,0.014,"2002",FALSE,0,0,44,FALSE
"194","Jermaine Jackson","SG",0.595,"TOR",0.293,0,0.079,0.019,0.019,0.635,0.002,0.002,0.5,0.02,0.023,0.475,0.542,0.021,0.025,0.667,0.006,0.024,0.018,0.049,0.037,0.003,0.03,0.065,0.02,"2002",FALSE,0,0,42,FALSE
"195","Jim Jackson","SF",0.738,"MIA",0.671,0.232,0.517,0.23,0.248,0.589,0.095,0.091,0.469,0.208,0.258,0.438,0.531,0.099,0.09,0.862,0.103,0.234,0.19,0.12,0.171,0.037,0.228,0.391,0.208,"2002",FALSE,0,0,36,FALSE
"197","Mark Jackson","PG",0.857,"NYK",1,1,0.67,0.251,0.272,0.585,0.197,0.22,0.405,0.188,0.224,0.456,0.562,0.115,0.113,0.791,0.107,0.251,0.202,0.52,0.301,0.003,0.323,0.437,0.242,"2002",FALSE,0,0,30,FALSE
"198","Stephen Jackson","SF",0.548,"SAS",0.28,0.012,0.064,0.033,0.042,0.499,0.022,0.041,0.25,0.026,0.031,0.455,0.47,0.016,0.017,0.706,0.006,0.023,0.017,0.009,0.061,0.008,0.05,0.078,0.031,"2002",FALSE,0,0,58,FALSE
"200","Mike James","PG",0.619,"MIA",0.183,0,0.034,0.015,0.02,0.465,0.02,0.024,0.381,0.007,0.012,0.318,0.491,0.005,0.007,0.571,0.004,0.012,0.009,0.016,0.024,0.003,0.028,0.046,0.015,"2002",FALSE,0,0,36,FALSE
"202","Antawn Jamison","SF",0.595,"GSW",1,1,0.858,0.594,0.633,0.596,0.169,0.237,0.324,0.568,0.657,0.469,0.523,0.427,0.453,0.734,0.403,0.343,0.363,0.138,0.285,0.12,0.347,0.504,0.572,"2002",FALSE,0,0,21,FALSE
"204","Richard Jefferson","SF",0.5,"NJN",0.963,0.11,0.543,0.261,0.272,0.609,0.032,0.063,0.232,0.267,0.302,0.48,0.52,0.25,0.273,0.713,0.163,0.207,0.192,0.12,0.26,0.128,0.231,0.569,0.262,"2002",FALSE,0,0,52,FALSE
"205","Anthony Johnson","SG",0.643,"NJN",0.415,0,0.104,0.036,0.041,0.548,0.01,0.014,0.333,0.034,0.044,0.423,0.481,0.021,0.026,0.64,0.019,0.019,0.019,0.041,0.126,0.003,0.043,0.081,0.033,"2002",FALSE,0,0,52,FALSE
"207","DerMarr Johnson","SF",0.5,"ATL",0.878,0.561,0.489,0.207,0.249,0.528,0.221,0.279,0.36,0.13,0.165,0.427,0.532,0.112,0.108,0.81,0.113,0.187,0.161,0.07,0.252,0.149,0.22,0.439,0.213,"2002",FALSE,0,0,33,FALSE
"208","Ervin Johnson","C",0.81,"MIL",0.988,0.11,0.47,0.086,0.089,0.615,0,0.001,0,0.093,0.108,0.464,0.512,0.04,0.068,0.455,0.272,0.322,0.305,0.023,0.15,0.218,0.112,0.59,0.073,"2002",FALSE,0,0,41,FALSE
"211","Damon Jones","PG",0.595,"DET",0.817,0,0.307,0.11,0.131,0.535,0.172,0.21,0.371,0.047,0.055,0.459,0.581,0.057,0.061,0.729,0.025,0.089,0.067,0.12,0.093,0.003,0.131,0.224,0.12,"2002",FALSE,0,0,50,FALSE
"212","Eddie Jones","SG",0.714,"MIA",0.988,0.988,0.893,0.5,0.551,0.576,0.371,0.431,0.39,0.383,0.46,0.451,0.549,0.393,0.365,0.837,0.117,0.315,0.247,0.225,0.476,0.205,0.319,0.695,0.523,"2002",FALSE,0,0,36,FALSE
"213","Jumaine Jones","PF",0.524,"CLE",0.988,0.439,0.606,0.278,0.295,0.597,0.129,0.19,0.31,0.245,0.266,0.498,0.543,0.06,0.07,0.662,0.239,0.362,0.32,0.1,0.305,0.122,0.17,0.496,0.237,"2002",FALSE,0,0,29,FALSE
"214","Popeye Jones","PF",0.738,"WAS",0.963,0.488,0.543,0.215,0.234,0.583,0.01,0.012,0.364,0.227,0.28,0.439,0.49,0.14,0.134,0.815,0.446,0.343,0.378,0.109,0.203,0.051,0.19,0.563,0.196,"2002",FALSE,0,0,37,FALSE
"215","Michael Jordan","SF",0.905,"WAS",0.732,0.646,0.592,0.533,0.609,0.555,0.025,0.06,0.189,0.563,0.717,0.426,0.467,0.348,0.343,0.79,0.096,0.287,0.222,0.266,0.346,0.069,0.349,0.321,0.486,"2002",FALSE,0,0.013,37,TRUE
"216","Shawn Kemp","PF",0.762,"POR",0.915,0.061,0.349,0.169,0.187,0.573,0,0.005,0,0.182,0.227,0.434,0.478,0.138,0.135,0.794,0.172,0.197,0.188,0.045,0.175,0.088,0.175,0.496,0.16,"2002",FALSE,0,0,49,FALSE
"217","Steve Kerr","PG",0.857,"POR",0.793,0,0.219,0.099,0.1,0.627,0.065,0.074,0.394,0.079,0.085,0.503,0.589,0.052,0.041,0.975,0.011,0.054,0.039,0.054,0.053,0.003,0.052,0.132,0.095,"2002",FALSE,0,0,49,FALSE
"218","Jason Kidd","PG",0.667,"NJN",1,1,0.865,0.43,0.524,0.521,0.291,0.411,0.321,0.341,0.437,0.424,0.491,0.266,0.254,0.814,0.249,0.462,0.389,0.694,0.711,0.053,0.616,0.367,0.427,"2002",FALSE,45,0.712,52,TRUE
"219","Andrei Kirilenko","SF",0.476,"UTA",1,0.488,0.609,0.276,0.291,0.6,0.062,0.113,0.25,0.271,0.301,0.488,0.522,0.377,0.382,0.768,0.285,0.251,0.263,0.081,0.472,0.423,0.233,0.42,0.311,"2002",FALSE,0,0,44,FALSE
"220","Kerry Kittles","SG",0.643,"NJN",1,1,0.736,0.424,0.433,0.621,0.244,0.273,0.405,0.354,0.394,0.487,0.576,0.169,0.177,0.744,0.13,0.206,0.18,0.186,0.528,0.082,0.235,0.291,0.389,"2002",FALSE,0,0,52,FALSE
"221","Brevin Knight","PG",0.619,"MEM",0.646,0.134,0.326,0.136,0.154,0.563,0.005,0.009,0.25,0.145,0.184,0.426,0.472,0.115,0.118,0.757,0.021,0.097,0.071,0.259,0.321,0.019,0.239,0.364,0.131,"2002",FALSE,0,0,23,FALSE
"223","Toni Kukoc","SF",0.786,"ATL",0.72,0.11,0.423,0.204,0.232,0.559,0.132,0.193,0.31,0.164,0.188,0.474,0.523,0.144,0.157,0.712,0.082,0.174,0.142,0.18,0.195,0.045,0.244,0.245,0.206,"2002",FALSE,0,0,33,FALSE
"224","Christian Laettner","PF",0.762,"WAS",0.695,0.585,0.408,0.162,0.167,0.619,0.005,0.011,0.2,0.173,0.199,0.472,0.519,0.087,0.078,0.868,0.141,0.225,0.197,0.13,0.244,0.066,0.183,0.348,0.143,"2002",FALSE,0,0,37,FALSE
"226","Trajan Langdon","SG",0.595,"CLE",0.537,0,0.135,0.068,0.081,0.531,0.067,0.084,0.365,0.045,0.058,0.422,0.527,0.056,0.047,0.913,0.025,0.042,0.036,0.052,0.053,0.013,0.086,0.132,0.074,"2002",FALSE,0,0,29,FALSE
"227","Dan Langhi","SF",0.571,"HOU",0.415,0.098,0.123,0.047,0.058,0.523,0.002,0.005,0.25,0.05,0.068,0.397,0.44,0.011,0.011,0.727,0.042,0.045,0.044,0.012,0.033,0.013,0.019,0.067,0.038,"2002",FALSE,0,0,28,FALSE
"228","Rusty LaRue","PG",0.667,"UTA",0.402,0,0.153,0.071,0.085,0.527,0.042,0.056,0.34,0.058,0.076,0.415,0.49,0.04,0.036,0.857,0.021,0.038,0.032,0.061,0.069,0.019,0.093,0.156,0.068,"2002",FALSE,0,0,44,FALSE
"229","Voshon Lenard","SG",0.667,"DEN",0.866,0.232,0.471,0.305,0.354,0.547,0.221,0.271,0.371,0.235,0.298,0.427,0.519,0.124,0.123,0.783,0.073,0.144,0.12,0.112,0.24,0.066,0.196,0.283,0.287,"2002",FALSE,0,0,27,FALSE
"230","Quincy Lewis","SG",0.571,"UTA",0.439,0.232,0.139,0.062,0.066,0.597,0.007,0.02,0.167,0.063,0.071,0.488,0.509,0.017,0.021,0.65,0.019,0.033,0.028,0.031,0.093,0.024,0.069,0.24,0.051,"2002",FALSE,0,0,44,FALSE
"231","Rashard Lewis","SF",0.524,"SEA",0.866,0.854,0.732,0.44,0.447,0.624,0.306,0.357,0.389,0.345,0.37,0.506,0.59,0.214,0.206,0.81,0.266,0.357,0.325,0.106,0.423,0.106,0.209,0.469,0.422,"2002",FALSE,0,0,45,FALSE
"232","Randy Livingston","PG",0.619,"SEA",0.159,0,0.05,0.015,0.025,0.371,0.002,0.009,0.125,0.015,0.026,0.304,0.319,0.013,0.011,0.909,0.017,0.016,0.016,0.022,0.037,0.005,0.004,0.03,0.014,"2002",FALSE,0,0,45,FALSE
"234","Grant Long","PF",0.833,"MEM",0.805,0.683,0.529,0.159,0.177,0.568,0.007,0.019,0.176,0.168,0.208,0.438,0.478,0.114,0.127,0.699,0.059,0.199,0.151,0.117,0.256,0.032,0.222,0.332,0.147,"2002",FALSE,0,0,23,FALSE
"235","Felipe Lopez","SG",0.643,"MIN",0.817,0,0.164,0.057,0.072,0.504,0.035,0.037,0.424,0.047,0.069,0.366,0.47,0.049,0.057,0.673,0.055,0.051,0.052,0.034,0.073,0.003,0.078,0.197,0.06,"2002",FALSE,0,0,50,FALSE
"236","Tyronn Lue","PG",0.571,"WAS",0.866,0,0.413,0.215,0.239,0.569,0.157,0.159,0.447,0.165,0.214,0.42,0.542,0.063,0.065,0.762,0.027,0.107,0.08,0.211,0.199,0,0.207,0.323,0.196,"2002",FALSE,0,0,37,FALSE
"237","George Lynch","SF",0.738,"CHH",0.549,0.22,0.253,0.071,0.091,0.492,0.002,0.007,0.167,0.075,0.108,0.375,0.412,0.033,0.041,0.625,0.134,0.115,0.122,0.046,0.163,0.037,0.088,0.202,0.061,"2002",FALSE,0,0,44,FALSE
"239","Sam Mack","SF",0.738,"MIA",0.146,0.012,0.045,0.014,0.023,0.381,0.017,0.032,0.25,0.007,0.012,0.333,0.397,0.007,0.007,0.714,0.004,0.012,0.009,0.003,0.02,0.003,0.015,0.046,0.014,"2002",FALSE,0,0,36,FALSE
"240","Mark Madsen","PF",0.619,"LAL",0.72,0.061,0.184,0.064,0.067,0.603,0,0.002,0,0.069,0.081,0.458,0.502,0.046,0.056,0.648,0.17,0.072,0.106,0.038,0.065,0.035,0.047,0.28,0.059,"2002",FALSE,0,0,58,FALSE
"241","Corey Maggette","SG",0.524,"LAC",0.768,0.634,0.457,0.227,0.244,0.591,0.114,0.157,0.331,0.197,0.221,0.483,0.541,0.266,0.258,0.801,0.103,0.176,0.151,0.096,0.167,0.051,0.25,0.418,0.253,"2002",FALSE,0,0,39,FALSE
"242","Jamaal Magloire","C",0.548,"CHH",1,0.098,0.438,0.221,0.191,0.735,0,0.001,0,0.237,0.233,0.552,0.612,0.321,0.343,0.73,0.293,0.306,0.301,0.027,0.11,0.229,0.254,0.542,0.247,"2002",FALSE,0,0,44,FALSE
"243","Dan Majerle","SG",0.857,"PHO",0.793,0.012,0.334,0.096,0.133,0.457,0.197,0.265,0.336,0.021,0.03,0.37,0.532,0.03,0.04,0.59,0.054,0.147,0.115,0.077,0.195,0.04,0.075,0.28,0.106,"2002",FALSE,0,0,36,FALSE
"244","Karl Malone","PF",0.905,"UTA",0.976,0.976,0.86,0.614,0.644,0.605,0.022,0.028,0.36,0.651,0.775,0.456,0.508,0.673,0.657,0.797,0.272,0.54,0.448,0.293,0.618,0.157,0.567,0.617,0.631,"2002",FALSE,0,0,44,FALSE
"245","Danny Manning","PF",0.833,"DAL",0.5,0.122,0.156,0.069,0.069,0.636,0.002,0.008,0.143,0.073,0.08,0.493,0.533,0.029,0.034,0.667,0.048,0.082,0.071,0.026,0.085,0.056,0.054,0.216,0.058,"2002",FALSE,0,0,57,FALSE
"246","Stephon Marbury","PG",0.571,"PHO",1,0.976,0.902,0.604,0.65,0.589,0.177,0.28,0.286,0.576,0.657,0.476,0.519,0.467,0.465,0.781,0.143,0.19,0.174,0.572,0.313,0.035,0.612,0.501,0.591,"2002",FALSE,0,0,36,FALSE
"247","Shawn Marion","SF",0.548,"PHO",0.988,0.988,0.88,0.632,0.642,0.625,0.119,0.138,0.393,0.631,0.718,0.476,0.54,0.253,0.233,0.845,0.403,0.588,0.525,0.139,0.606,0.229,0.31,0.577,0.546,"2002",FALSE,0,0,36,FALSE
"249","Donny Marshall","SF",0.69,"NJN",0.244,0,0.033,0.008,0.013,0.368,0.005,0.005,0.5,0.006,0.014,0.24,0.344,0.016,0.019,0.667,0.015,0.013,0.014,0.004,0.012,0,0.004,0.038,0.011,"2002",FALSE,0,0,52,FALSE
"250","Donyell Marshall","SF",0.667,"UTA",0.707,0.512,0.495,0.332,0.304,0.692,0.032,0.047,0.31,0.343,0.349,0.533,0.588,0.212,0.233,0.708,0.302,0.283,0.29,0.087,0.203,0.178,0.267,0.404,0.303,"2002",FALSE,0,0,44,FALSE
"251","Darrick Martin","PG",0.714,"DAL",0.037,0,0.006,0,0.005,0,0,0.002,0,0,0.005,0,0,0.001,0.002,0.5,0,0.001,0.001,0.003,0.008,0,0.002,0.011,0,"2002",FALSE,0,0,57,FALSE
"252","Kenyon Martin","PF",0.571,"NJN",0.89,0.89,0.709,0.43,0.443,0.617,0.037,0.076,0.224,0.447,0.505,0.48,0.522,0.239,0.275,0.678,0.216,0.273,0.254,0.165,0.366,0.322,0.371,0.704,0.383,"2002",FALSE,0,0,52,FALSE
"253","Jamal Mashburn","SF",0.69,"CHH",0.488,0.488,0.453,0.293,0.342,0.543,0.102,0.126,0.366,0.273,0.356,0.415,0.483,0.279,0.248,0.876,0.059,0.21,0.158,0.147,0.183,0.016,0.237,0.216,0.303,"2002",FALSE,0,0,44,FALSE
"254","Anthony Mason","PF",0.833,"MIL",1,1,0.89,0.306,0.288,0.673,0.002,0.001,1,0.328,0.353,0.504,0.562,0.204,0.227,0.697,0.237,0.518,0.422,0.297,0.232,0.059,0.28,0.504,0.278,"2002",FALSE,0,0,41,FALSE
"255","Desmond Mason","SF",0.571,"SEA",0.915,0.244,0.685,0.345,0.354,0.619,0.04,0.067,0.271,0.355,0.4,0.48,0.528,0.266,0.244,0.848,0.176,0.257,0.229,0.089,0.272,0.072,0.224,0.458,0.329,"2002",FALSE,0,0,45,FALSE
"256","Tony Massenburg","PF",0.81,"MEM",0.89,0.378,0.353,0.154,0.161,0.608,0.002,0.001,1,0.164,0.196,0.454,0.508,0.111,0.12,0.718,0.191,0.222,0.212,0.022,0.122,0.082,0.14,0.469,0.142,"2002",FALSE,0,0,23,FALSE
"257","Walter McCarty","PF",0.643,"BOS",0.683,0,0.203,0.077,0.083,0.592,0.097,0.112,0.394,0.043,0.046,0.506,0.614,0.017,0.02,0.684,0.061,0.095,0.084,0.035,0.073,0.019,0.047,0.224,0.075,"2002",FALSE,0,0,49,FALSE
"259","George McCloud","SF",0.81,"DEN",0.841,0.317,0.518,0.199,0.265,0.477,0.149,0.251,0.27,0.152,0.2,0.412,0.456,0.175,0.168,0.81,0.128,0.183,0.164,0.175,0.236,0.051,0.31,0.472,0.213,"2002",FALSE,0,0,27,FALSE
"262","Tracy McGrady","SG",0.524,"ORL",0.927,0.927,0.824,0.691,0.73,0.601,0.256,0.319,0.364,0.637,0.735,0.47,0.537,0.549,0.571,0.748,0.287,0.444,0.39,0.344,0.484,0.194,0.407,0.375,0.688,"2002",FALSE,7,0.31,44,TRUE
"263","Jeff McInnis","PG",0.643,"LAC",0.988,0.976,0.858,0.448,0.516,0.551,0.187,0.264,0.321,0.404,0.5,0.437,0.496,0.242,0.225,0.836,0.086,0.167,0.139,0.43,0.256,0.016,0.317,0.544,0.418,"2002",FALSE,0,0,39,FALSE
"264","Derrick McKey","SF",0.833,"PHI",0.5,0.012,0.222,0.05,0.056,0.568,0.012,0.014,0.417,0.049,0.062,0.427,0.497,0.013,0.014,0.714,0.092,0.078,0.083,0.039,0.167,0.011,0.047,0.243,0.042,"2002",FALSE,0,0,43,FALSE
"265","Aaron McKie","SG",0.69,"PHI",0.585,0.195,0.416,0.213,0.225,0.599,0.127,0.144,0.398,0.176,0.204,0.467,0.557,0.127,0.126,0.787,0.05,0.165,0.125,0.154,0.228,0.037,0.2,0.199,0.207,"2002",FALSE,0,0,43,FALSE
"266","Stanislav Medvedenko","C",0.524,"LAL",0.866,0.073,0.206,0.14,0.14,0.636,0,0.005,0,0.151,0.169,0.483,0.53,0.054,0.064,0.661,0.163,0.072,0.103,0.037,0.118,0.029,0.091,0.321,0.117,"2002",FALSE,0,0,58,FALSE
"268","Chris Mihm","C",0.524,"CLE",0.902,0.732,0.47,0.214,0.242,0.56,0.007,0.008,0.429,0.227,0.293,0.42,0.47,0.164,0.184,0.693,0.254,0.257,0.256,0.021,0.073,0.237,0.209,0.701,0.201,"2002",FALSE,0,0,29,FALSE
"269","Darius Miles","SF",0.476,"LAC",1,0.073,0.63,0.299,0.295,0.641,0.007,0.021,0.158,0.318,0.351,0.491,0.538,0.209,0.262,0.62,0.208,0.342,0.296,0.158,0.289,0.274,0.345,0.496,0.275,"2002",FALSE,0,0,39,FALSE
"270","Andre Miller","PG",0.595,"CLE",0.988,0.988,0.856,0.458,0.481,0.605,0.055,0.098,0.253,0.47,0.54,0.472,0.516,0.483,0.46,0.817,0.207,0.269,0.248,0.758,0.512,0.09,0.528,0.615,0.471,"2002",FALSE,0,0,29,FALSE
"272","Mike Miller","SF",0.5,"ORL",0.768,0.646,0.601,0.339,0.369,0.584,0.289,0.342,0.383,0.245,0.281,0.471,0.567,0.183,0.186,0.762,0.094,0.222,0.178,0.17,0.191,0.061,0.233,0.391,0.338,"2002",FALSE,0,0,44,FALSE
"273","Reggie Miller","SG",0.857,"IND",0.963,0.963,0.818,0.4,0.42,0.604,0.448,0.5,0.406,0.243,0.265,0.498,0.613,0.392,0.334,0.911,0.044,0.195,0.143,0.217,0.358,0.027,0.259,0.385,0.46,"2002",FALSE,0,0,42,FALSE
"274","Chris Mills","SF",0.762,"GSW",0.805,0,0.35,0.172,0.197,0.556,0.119,0.143,0.378,0.135,0.169,0.433,0.526,0.112,0.11,0.794,0.098,0.138,0.124,0.062,0.126,0.035,0.121,0.323,0.173,"2002",FALSE,0,0,21,FALSE
"275","Sam Mitchell","SF",0.905,"MIN",0.902,0.122,0.205,0.095,0.104,0.576,0.025,0.04,0.286,0.092,0.108,0.458,0.504,0.05,0.05,0.776,0.034,0.064,0.054,0.039,0.049,0.011,0.056,0.213,0.086,"2002",FALSE,0,0,50,FALSE
"276","Cuttino Mobley","SG",0.619,"HOU",0.902,0.902,0.882,0.575,0.625,0.584,0.371,0.426,0.395,0.464,0.553,0.455,0.548,0.353,0.323,0.85,0.12,0.235,0.196,0.161,0.443,0.098,0.388,0.509,0.567,"2002",FALSE,0,0,28,FALSE
"277","Nazr Mohammed","C",0.571,"ATL",1,0.89,0.614,0.318,0.328,0.615,0,0.001,0,0.342,0.402,0.462,0.512,0.181,0.228,0.617,0.463,0.406,0.425,0.028,0.256,0.162,0.254,0.679,0.281,"2002",FALSE,0,0,33,FALSE
"279","Eric Montross","C",0.714,"TOR",0.598,0.293,0.185,0.051,0.061,0.536,0,0.001,0,0.055,0.074,0.405,0.447,0.013,0.032,0.323,0.069,0.103,0.092,0.014,0.049,0.061,0.054,0.248,0.041,"2002",FALSE,0,0,42,FALSE
"280","Mikki Moore","C",0.619,"DET",0.366,0,0.061,0.028,0.028,0.633,0.002,0.002,0.5,0.029,0.033,0.475,0.538,0.026,0.027,0.769,0.042,0.031,0.035,0.009,0.028,0.024,0.03,0.094,0.028,"2002",FALSE,0,0,50,FALSE
"281","Terence Morris","SF",0.548,"HOU",0.829,0.146,0.314,0.107,0.133,0.512,0.037,0.088,0.192,0.1,0.119,0.455,0.456,0.024,0.029,0.643,0.147,0.133,0.138,0.055,0.085,0.072,0.097,0.194,0.09,"2002",FALSE,0,0,28,FALSE
"282","Hanno Mottola","C",0.595,"ATL",1,0.171,0.388,0.163,0.177,0.587,0.002,0.015,0.077,0.175,0.209,0.453,0.49,0.075,0.078,0.75,0.155,0.186,0.175,0.043,0.081,0.051,0.151,0.469,0.14,"2002",FALSE,0,0,33,FALSE
"283","Alonzo Mourning","C",0.738,"MIA",0.915,0.902,0.695,0.432,0.399,0.688,0.002,0.003,0.333,0.464,0.487,0.517,0.574,0.374,0.443,0.657,0.348,0.447,0.413,0.075,0.11,0.495,0.392,0.695,0.416,"2002",FALSE,0,0,36,FALSE
"284","Troy Murphy","PF",0.5,"GSW",1,0.049,0.41,0.172,0.195,0.561,0.007,0.01,0.333,0.182,0.234,0.423,0.471,0.16,0.16,0.776,0.189,0.221,0.21,0.06,0.146,0.056,0.181,0.585,0.169,"2002",FALSE,0,0,21,FALSE
"285","Lamond Murray","SF",0.667,"CLE",0.866,0.829,0.654,0.416,0.454,0.581,0.251,0.269,0.424,0.342,0.422,0.44,0.541,0.284,0.271,0.817,0.155,0.289,0.243,0.135,0.285,0.114,0.304,0.399,0.415,"2002",FALSE,0,0,29,FALSE
"286","Tracy Murray","SF",0.714,"TOR",0.488,0.037,0.134,0.082,0.095,0.548,0.1,0.117,0.385,0.047,0.058,0.437,0.563,0.022,0.022,0.81,0.034,0.035,0.035,0.016,0.045,0.021,0.054,0.102,0.08,"2002",FALSE,0,0,42,FALSE
"289","Lee Nailon","SF",0.619,"CHH",0.963,0.5,0.541,0.357,0.352,0.644,0.002,0.002,0.5,0.383,0.43,0.483,0.538,0.148,0.154,0.747,0.197,0.187,0.19,0.081,0.24,0.045,0.207,0.472,0.3,"2002",FALSE,0,0,44,FALSE
"290","Eduardo Najera","PF",0.595,"DAL",0.756,0.134,0.384,0.145,0.138,0.667,0,0.002,0,0.156,0.168,0.503,0.556,0.132,0.152,0.676,0.285,0.192,0.224,0.033,0.228,0.08,0.086,0.42,0.141,"2002",FALSE,0,0,57,FALSE
"291","Steve Nash","PG",0.643,"DAL",1,1,0.803,0.508,0.501,0.644,0.388,0.387,0.455,0.384,0.42,0.495,0.616,0.344,0.301,0.887,0.096,0.203,0.166,0.545,0.215,0.011,0.494,0.442,0.518,"2002",FALSE,0,0.004,57,TRUE
"292","Tyrone Nesby","SF",0.619,"WAS",0.854,0.11,0.424,0.177,0.194,0.58,0.032,0.053,0.277,0.177,0.211,0.455,0.5,0.085,0.096,0.688,0.201,0.212,0.208,0.078,0.248,0.059,0.106,0.442,0.156,"2002",FALSE,0,0,37,FALSE
"293","Rasho Nesterovic","C",0.595,"MIN",1,1,0.628,0.313,0.302,0.657,0,0.001,0,0.337,0.37,0.494,0.548,0.052,0.073,0.549,0.382,0.332,0.349,0.064,0.183,0.29,0.203,0.706,0.243,"2002",FALSE,0,0,50,FALSE
"294","Ira Newble","SF",0.643,"ATL",0.512,0.427,0.36,0.127,0.121,0.664,0.002,0.008,0.143,0.135,0.144,0.508,0.556,0.099,0.091,0.852,0.153,0.141,0.145,0.039,0.154,0.053,0.106,0.315,0.119,"2002",FALSE,0,0,33,FALSE
"295","Johnny Newman","SF",0.905,"DAL",0.573,0.207,0.205,0.065,0.068,0.604,0.055,0.064,0.386,0.047,0.051,0.495,0.586,0.056,0.06,0.724,0.017,0.04,0.032,0.012,0.118,0.011,0.045,0.237,0.07,"2002",FALSE,0,0,57,FALSE
"296","Moochie Norris","PG",0.667,"HOU",1,0.317,0.637,0.243,0.29,0.531,0.09,0.151,0.269,0.224,0.28,0.433,0.473,0.168,0.174,0.751,0.14,0.172,0.161,0.346,0.329,0.011,0.336,0.35,0.235,"2002",FALSE,0,0,28,FALSE
"297","Dirk Nowitzki","C",0.548,"DAL",0.927,0.927,0.818,0.58,0.579,0.636,0.346,0.395,0.397,0.48,0.512,0.508,0.591,0.582,0.531,0.853,0.229,0.631,0.493,0.16,0.337,0.205,0.312,0.598,0.628,"2002",FALSE,0,0.025,57,TRUE
"298","Jermaine O'Neal","PF",0.548,"IND",0.878,0.878,0.766,0.525,0.521,0.639,0.002,0.016,0.071,0.564,0.631,0.484,0.533,0.376,0.425,0.688,0.359,0.565,0.495,0.101,0.183,0.441,0.375,0.725,0.484,"2002",FALSE,0,0,42,FALSE
"299","Shaquille O'Neal","C",0.69,"LAL",0.817,0.805,0.686,0.689,0.566,0.772,0,0.001,0,0.741,0.693,0.58,0.643,0.526,0.738,0.555,0.449,0.477,0.467,0.172,0.167,0.364,0.369,0.536,0.643,"2002",FALSE,15,0.552,58,TRUE
"300","Charles Oakley","PF",0.905,"CHI",0.695,0.439,0.391,0.094,0.121,0.492,0.002,0.007,0.167,0.1,0.145,0.374,0.412,0.028,0.029,0.75,0.138,0.269,0.224,0.098,0.199,0.029,0.188,0.472,0.076,"2002",FALSE,0,0,21,FALSE
"301","Lamar Odom","SF",0.524,"LAC",0.354,0.305,0.283,0.146,0.166,0.559,0.04,0.095,0.19,0.14,0.156,0.489,0.491,0.081,0.096,0.656,0.059,0.144,0.115,0.147,0.093,0.096,0.209,0.245,0.134,"2002",FALSE,0,0,39,FALSE
"302","Hakeem Olajuwon","C",0.929,"TOR",0.744,0.451,0.39,0.188,0.192,0.619,0,0.002,0,0.202,0.235,0.466,0.516,0.062,0.086,0.56,0.187,0.266,0.239,0.057,0.301,0.239,0.211,0.396,0.154,"2002",FALSE,0,0,42,FALSE
"303","Dean Oliver","PG",0.548,"GSW",0.244,0,0.039,0.016,0.021,0.493,0.005,0.015,0.154,0.016,0.019,0.455,0.434,0.008,0.009,0.667,0,0.008,0.005,0.018,0.012,0,0.024,0.043,0.015,"2002",FALSE,0,0,21,FALSE
"308","Doug Overton","PG",0.762,"LAC",0.22,0,0.037,0.014,0.02,0.424,0.017,0.03,0.259,0.007,0.01,0.412,0.442,0.005,0.007,0.571,0.002,0.011,0.008,0.011,0.012,0.003,0.026,0.027,0.014,"2002",FALSE,0,0,39,FALSE
"310","Robert Pack","PG",0.762,"MIN",0.195,0,0.071,0.024,0.031,0.491,0.002,0.005,0.25,0.025,0.036,0.375,0.417,0.015,0.015,0.733,0.013,0.016,0.015,0.042,0.053,0,0.043,0.086,0.022,"2002",FALSE,0,0,50,FALSE
"311","Scott Padgett","PF",0.595,"UTA",0.915,0.012,0.367,0.182,0.182,0.635,0.122,0.128,0.434,0.145,0.159,0.493,0.598,0.099,0.105,0.735,0.212,0.173,0.186,0.07,0.175,0.035,0.149,0.377,0.177,"2002",FALSE,0,0,44,FALSE
"313","Tony Parker","PG",0.452,"SAS",0.939,0.878,0.642,0.259,0.294,0.559,0.152,0.213,0.323,0.215,0.254,0.46,0.519,0.143,0.165,0.675,0.063,0.163,0.129,0.287,0.362,0.019,0.325,0.447,0.249,"2002",FALSE,0,0,58,FALSE
"315","Ruben Patterson","SF",0.619,"POR",0.915,0.159,0.5,0.309,0.285,0.687,0.022,0.041,0.25,0.323,0.329,0.532,0.581,0.254,0.282,0.701,0.296,0.142,0.195,0.092,0.321,0.098,0.246,0.377,0.296,"2002",FALSE,0,0,49,FALSE
"316","Gary Payton","PG",0.786,"SEA",1,1,0.934,0.713,0.726,0.623,0.184,0.266,0.314,0.69,0.757,0.494,0.544,0.353,0.345,0.797,0.153,0.314,0.259,0.633,0.533,0.069,0.45,0.482,0.641,"2002",FALSE,1,0.043,45,TRUE
"317","Anthony Peeler","SG",0.762,"MIN",1,0,0.583,0.279,0.315,0.561,0.276,0.319,0.392,0.184,0.226,0.441,0.558,0.066,0.06,0.862,0.071,0.168,0.135,0.152,0.248,0.029,0.164,0.369,0.26,"2002",FALSE,0,0,50,FALSE
"320","Wesley Person","SG",0.714,"CLE",0.951,0.951,0.791,0.452,0.434,0.66,0.356,0.363,0.444,0.337,0.351,0.521,0.633,0.131,0.128,0.798,0.096,0.242,0.192,0.149,0.313,0.098,0.159,0.251,0.415,"2002",FALSE,0,0,29,FALSE
"321","Morris Peterson","SF",0.571,"TOR",0.768,0.683,0.563,0.325,0.353,0.584,0.209,0.261,0.364,0.262,0.303,0.469,0.547,0.168,0.174,0.751,0.174,0.131,0.146,0.131,0.297,0.029,0.185,0.469,0.312,"2002",FALSE,0,0,42,FALSE
"322","Eric Piatkowski","SG",0.738,"LAC",0.866,0.78,0.486,0.2,0.217,0.585,0.276,0.269,0.466,0.1,0.131,0.412,0.619,0.134,0.116,0.894,0.082,0.14,0.12,0.096,0.167,0.032,0.138,0.296,0.221,"2002",FALSE,0,0,39,FALSE
"323","Paul Pierce","SG",0.571,"BOS",1,1,0.935,0.684,0.735,0.589,0.522,0.587,0.404,0.517,0.608,0.461,0.564,0.688,0.662,0.809,0.155,0.482,0.37,0.224,0.626,0.229,0.519,0.639,0.757,"2002",FALSE,0,0.017,49,TRUE
"324","Scottie Pippen","SF",0.857,"POR",0.756,0.732,0.565,0.238,0.276,0.548,0.134,0.2,0.305,0.2,0.238,0.455,0.507,0.149,0.15,0.774,0.147,0.242,0.21,0.312,0.411,0.093,0.369,0.437,0.233,"2002",FALSE,0,0,49,FALSE
"326","Mark Pope","PF",0.69,"MIL",0.549,0.146,0.121,0.035,0.042,0.528,0.01,0.028,0.16,0.033,0.037,0.485,0.464,0.015,0.022,0.524,0.038,0.053,0.048,0.015,0.045,0.029,0.032,0.127,0.031,"2002",FALSE,0,0,41,FALSE
"327","Terry Porter","PG",0.905,"SAS",0.878,0,0.366,0.132,0.148,0.565,0.147,0.16,0.415,0.08,0.101,0.43,0.573,0.09,0.085,0.819,0.023,0.151,0.107,0.176,0.183,0.043,0.183,0.24,0.141,"2002",FALSE,0,0,58,FALSE
"328","James Posey","SF",0.595,"DEN",0.89,0.768,0.633,0.268,0.339,0.501,0.167,0.267,0.283,0.219,0.281,0.421,0.469,0.213,0.209,0.793,0.208,0.318,0.28,0.155,0.463,0.104,0.274,0.604,0.276,"2002",FALSE,0,0,27,FALSE
"329","Lavor Postell","SG",0.548,"NYK",0.28,0,0.051,0.027,0.039,0.444,0.015,0.029,0.231,0.023,0.033,0.379,0.41,0.041,0.042,0.756,0.004,0.014,0.01,0.004,0.024,0,0.024,0.019,0.033,"2002",FALSE,0,0,30,FALSE
"331","Brent Price","PG",0.786,"SAC",0.244,0,0.025,0.009,0.012,0.444,0.01,0.017,0.267,0.005,0.007,0.417,0.452,0.012,0.013,0.692,0.008,0.004,0.005,0.008,0.012,0.003,0.022,0.035,0.011,"2002",FALSE,0,0,61,FALSE
"332","Joel Przybilla","C",0.524,"MIL",0.866,0.756,0.319,0.074,0.065,0.713,0,0.001,0,0.079,0.08,0.539,0.594,0.05,0.093,0.422,0.149,0.204,0.185,0.018,0.081,0.314,0.093,0.536,0.067,"2002",FALSE,0,0,41,FALSE
"333","Vladimir Radmanovic","PF",0.5,"SEA",0.744,0.195,0.348,0.141,0.163,0.549,0.164,0.177,0.42,0.083,0.111,0.406,0.562,0.065,0.074,0.681,0.086,0.184,0.15,0.07,0.228,0.064,0.155,0.321,0.144,"2002",FALSE,0,0,45,FALSE
"338","Michael Redd","SG",0.524,"MIL",0.817,0.098,0.401,0.284,0.28,0.644,0.219,0.223,0.444,0.214,0.232,0.501,0.617,0.12,0.118,0.791,0.147,0.146,0.146,0.078,0.171,0.019,0.123,0.259,0.271,"2002",FALSE,0,0,41,FALSE
"340","Glen Rice","SF",0.81,"HOU",0.244,0.244,0.172,0.063,0.077,0.519,0.045,0.072,0.281,0.049,0.058,0.456,0.492,0.032,0.031,0.8,0.01,0.042,0.031,0.027,0.049,0.008,0.052,0.092,0.061,"2002",FALSE,0,0,28,FALSE
"341","Jason Richardson","SG",0.5,"GSW",0.976,0.915,0.744,0.449,0.502,0.568,0.204,0.278,0.333,0.398,0.476,0.453,0.514,0.187,0.216,0.671,0.237,0.214,0.222,0.203,0.431,0.082,0.345,0.526,0.406,"2002",FALSE,0,0,21,FALSE
"343","Quentin Richardson","SG",0.5,"LAC",0.988,0,0.609,0.387,0.426,0.576,0.331,0.394,0.381,0.278,0.325,0.463,0.56,0.189,0.192,0.765,0.216,0.219,0.218,0.11,0.317,0.056,0.22,0.383,0.38,"2002",FALSE,0,0,39,FALSE
"344","Mitch Richmond","SG",0.857,"LAL",0.78,0.024,0.201,0.097,0.114,0.54,0.045,0.07,0.29,0.085,0.104,0.443,0.49,0.056,0.045,0.955,0.027,0.079,0.061,0.049,0.073,0.016,0.086,0.164,0.092,"2002",FALSE,0,0,58,FALSE
"345","Isaiah Rider","SG",0.714,"DEN",0.122,0.012,0.049,0.036,0.037,0.609,0.015,0.017,0.4,0.032,0.037,0.47,0.549,0.017,0.017,0.765,0.019,0.023,0.022,0.01,0.012,0.005,0.03,0.03,0.033,"2002",FALSE,0,0,27,FALSE
"346","Clifford Robinson","PF",0.833,"DET",0.976,0.976,0.808,0.439,0.492,0.567,0.286,0.343,0.378,0.353,0.431,0.443,0.531,0.189,0.212,0.694,0.151,0.305,0.252,0.174,0.362,0.253,0.325,0.655,0.412,"2002",FALSE,0,0,50,FALSE
"348","Eddie Robinson","SF",0.595,"CHI",0.354,0.146,0.185,0.108,0.114,0.604,0.005,0.006,0.4,0.114,0.136,0.455,0.508,0.048,0.049,0.75,0.046,0.054,0.051,0.032,0.093,0.029,0.078,0.094,0.093,"2002",FALSE,0,0,21,FALSE
"349","Glenn Robinson","SF",0.69,"MIL",0.805,0.768,0.664,0.518,0.528,0.623,0.144,0.201,0.326,0.497,0.547,0.493,0.548,0.312,0.29,0.837,0.134,0.334,0.265,0.144,0.394,0.109,0.375,0.466,0.482,"2002",FALSE,0,0,41,FALSE
"351","Carlos Rogers","C",0.714,"IND",0.268,0.012,0.048,0.023,0.02,0.744,0.002,0.007,0.167,0.024,0.021,0.622,0.633,0.013,0.02,0.526,0.027,0.024,0.025,0.003,0.02,0.016,0.011,0.046,0.021,"2002",FALSE,0,0,42,FALSE
"355","Malik Rose","PF",0.643,"SAS",1,0.012,0.488,0.283,0.291,0.617,0.002,0.014,0.083,0.304,0.35,0.47,0.516,0.245,0.264,0.72,0.329,0.318,0.322,0.052,0.285,0.112,0.302,0.561,0.273,"2002",FALSE,0,0,58,FALSE
"357","Bryon Russell","SG",0.738,"UTA",0.805,0.488,0.566,0.215,0.269,0.507,0.192,0.255,0.341,0.151,0.202,0.405,0.496,0.152,0.144,0.821,0.151,0.214,0.193,0.117,0.26,0.051,0.237,0.553,0.225,"2002",FALSE,0,0,44,FALSE
"360","Kenny Satterfield","PG",0.476,"DEN",0.439,0.049,0.159,0.071,0.092,0.489,0.017,0.03,0.259,0.069,0.097,0.384,0.427,0.048,0.047,0.783,0.033,0.035,0.034,0.093,0.126,0.003,0.114,0.116,0.067,"2002",FALSE,0,0,27,FALSE
"361","Brian Scalabrine","PF",0.548,"NJN",0.341,0,0.082,0.022,0.031,0.457,0.007,0.011,0.3,0.021,0.032,0.351,0.407,0.015,0.015,0.733,0.023,0.039,0.033,0.018,0.037,0.005,0.052,0.105,0.021,"2002",FALSE,0,0,52,FALSE
"364","Brian Shaw","PG",0.833,"LAL",0.707,0,0.179,0.059,0.08,0.471,0.072,0.099,0.33,0.033,0.048,0.376,0.484,0.024,0.027,0.692,0.036,0.092,0.073,0.076,0.102,0.008,0.069,0.116,0.06,"2002",FALSE,0,0,58,FALSE
"365","Bobby Simmons","SF",0.5,"WAS",0.366,0.037,0.097,0.042,0.044,0.604,0.01,0.016,0.286,0.041,0.046,0.481,0.527,0.029,0.031,0.733,0.048,0.027,0.034,0.015,0.053,0.013,0.03,0.084,0.04,"2002",FALSE,0,0,37,FALSE
"369","Charles Smith","SG",0.619,"SAS",0.732,0.268,0.323,0.176,0.197,0.567,0.087,0.148,0.267,0.153,0.168,0.495,0.518,0.056,0.067,0.646,0.065,0.098,0.087,0.069,0.211,0.117,0.127,0.307,0.156,"2002",FALSE,0,0,58,FALSE
"371","Joe Smith","C",0.619,"MIN",0.878,0.768,0.544,0.287,0.267,0.681,0.005,0.003,0.667,0.307,0.326,0.51,0.57,0.226,0.212,0.83,0.291,0.299,0.296,0.07,0.159,0.157,0.185,0.674,0.271,"2002",FALSE,0,0,50,FALSE
"373","Steve Smith","SG",0.762,"SAS",0.939,0.927,0.626,0.3,0.314,0.607,0.289,0.278,0.472,0.202,0.246,0.445,0.6,0.21,0.186,0.878,0.086,0.147,0.126,0.13,0.22,0.04,0.233,0.426,0.316,"2002",FALSE,0,0,58,FALSE
"374","Eric Snow","PG",0.667,"PHI",0.744,0.744,0.63,0.267,0.287,0.589,0.007,0.03,0.111,0.284,0.337,0.457,0.494,0.242,0.234,0.806,0.063,0.181,0.141,0.344,0.386,0.024,0.297,0.45,0.261,"2002",FALSE,0,0,43,FALSE
"375","Will Solomon","SG",0.548,"MEM",0.756,0.049,0.247,0.109,0.152,0.455,0.114,0.183,0.284,0.07,0.095,0.396,0.457,0.065,0.075,0.671,0.023,0.056,0.044,0.079,0.142,0.019,0.134,0.205,0.113,"2002",FALSE,0,0,23,FALSE
"377","Latrell Sprewell","SF",0.738,"NYK",0.988,0.988,0.941,0.554,0.653,0.539,0.361,0.455,0.36,0.445,0.573,0.421,0.506,0.376,0.356,0.821,0.113,0.237,0.195,0.269,0.382,0.037,0.481,0.434,0.556,"2002",FALSE,0,0,30,FALSE
"378","Jerry Stackhouse","SF",0.643,"DET",0.927,0.927,0.76,0.507,0.607,0.529,0.214,0.339,0.287,0.456,0.575,0.43,0.478,0.655,0.594,0.858,0.147,0.236,0.206,0.346,0.313,0.098,0.573,0.439,0.575,"2002",FALSE,0,0.002,50,TRUE
"379","John Starks","SG",0.857,"UTA",0.805,0.012,0.263,0.11,0.143,0.491,0.072,0.107,0.305,0.088,0.121,0.395,0.461,0.044,0.042,0.805,0.029,0.053,0.044,0.06,0.134,0,0.112,0.34,0.102,"2002",FALSE,0,0,44,FALSE
"380","Vladimir Stepania","C",0.595,"MIA",0.817,0.049,0.25,0.113,0.115,0.627,0.002,0.002,0.5,0.121,0.139,0.47,0.524,0.066,0.107,0.481,0.191,0.169,0.176,0.014,0.098,0.117,0.112,0.278,0.101,"2002",FALSE,0,0,36,FALSE
"381","DeShawn Stevenson","SG",0.476,"UTA",0.817,0.28,0.321,0.138,0.171,0.513,0.005,0.028,0.08,0.147,0.195,0.408,0.431,0.049,0.055,0.698,0.084,0.086,0.086,0.1,0.118,0.064,0.147,0.221,0.115,"2002",FALSE,0,0,44,FALSE
"383","Bryant Stith","SG",0.738,"CLE",0.61,0.061,0.188,0.068,0.087,0.496,0.06,0.077,0.353,0.048,0.068,0.383,0.484,0.058,0.053,0.846,0.038,0.065,0.056,0.036,0.118,0.016,0.065,0.113,0.073,"2002",FALSE,0,0,29,FALSE
"384","John Stockton","PG",0.929,"UTA",1,1,0.726,0.388,0.357,0.689,0.062,0.088,0.321,0.391,0.393,0.539,0.593,0.364,0.33,0.857,0.113,0.203,0.172,0.579,0.618,0.064,0.448,0.563,0.389,"2002",FALSE,0,0,44,FALSE
"385","Peja Stojakovic","SF",0.571,"SAC",0.866,0.866,0.75,0.529,0.52,0.645,0.321,0.35,0.416,0.435,0.462,0.51,0.601,0.374,0.332,0.876,0.138,0.299,0.244,0.15,0.329,0.037,0.302,0.323,0.532,"2002",FALSE,0,0.001,61,TRUE
"386","Damon Stoudamire","PG",0.667,"POR",0.915,0.866,0.791,0.357,0.422,0.536,0.259,0.333,0.353,0.276,0.351,0.425,0.51,0.23,0.202,0.888,0.149,0.213,0.191,0.421,0.272,0.019,0.321,0.412,0.359,"2002",FALSE,0,0,49,FALSE
"387","Erick Strickland","PG",0.667,"BOS",0.963,0.049,0.465,0.184,0.225,0.519,0.236,0.279,0.385,0.099,0.136,0.394,0.541,0.173,0.159,0.845,0.042,0.19,0.139,0.158,0.228,0.003,0.203,0.391,0.214,"2002",FALSE,0,0,49,FALSE
"388","Mark Strickland","SF",0.738,"ATL",0.561,0.122,0.185,0.088,0.094,0.595,0.002,0.005,0.25,0.094,0.113,0.45,0.499,0.033,0.045,0.568,0.078,0.089,0.086,0.017,0.077,0.045,0.06,0.129,0.073,"2002",FALSE,0,0,33,FALSE
"389","Rod Strickland","PG",0.833,"MIA",0.927,0.78,0.649,0.306,0.329,0.591,0.02,0.029,0.308,0.32,0.388,0.448,0.498,0.204,0.207,0.766,0.094,0.182,0.152,0.398,0.333,0.029,0.343,0.307,0.28,"2002",FALSE,0,0,36,FALSE
"390","Bruno Sundov","C",0.5,"IND",0.268,0,0.025,0.015,0.018,0.533,0,0.001,0,0.017,0.022,0.41,0.444,0,0.002,0,0.013,0.014,0.014,0.003,0.012,0.008,0.009,0.043,0.011,"2002",FALSE,0,0,42,FALSE
"391","Bob Sura","PG",0.667,"GSW",0.951,0.061,0.504,0.242,0.272,0.565,0.104,0.15,0.316,0.216,0.258,0.455,0.51,0.312,0.337,0.72,0.17,0.166,0.167,0.236,0.358,0.045,0.287,0.431,0.275,"2002",FALSE,0,0,21,FALSE
"392","Stromile Swift","PF",0.524,"MEM",0.829,0.171,0.511,0.283,0.281,0.64,0,0.003,0,0.305,0.343,0.482,0.533,0.287,0.314,0.711,0.308,0.267,0.281,0.043,0.215,0.301,0.263,0.48,0.284,"2002",FALSE,0,0,23,FALSE
"393","Wally Szczerbiak","SF",0.571,"MIN",1,1,0.882,0.589,0.552,0.677,0.216,0.216,0.455,0.543,0.569,0.517,0.604,0.299,0.28,0.831,0.229,0.269,0.256,0.221,0.268,0.056,0.39,0.507,0.541,"2002",FALSE,0,0,50,FALSE
"394","Jason Terry","SG",0.571,"ATL",0.951,0.951,0.84,0.507,0.561,0.573,0.428,0.501,0.387,0.366,0.437,0.454,0.556,0.376,0.35,0.835,0.076,0.228,0.176,0.381,0.585,0.035,0.39,0.42,0.531,"2002",FALSE,0,0,33,FALSE
"396","Kenny Thomas","PF",0.571,"HOU",0.878,0.866,0.703,0.383,0.382,0.637,0,0.018,0,0.412,0.459,0.487,0.531,0.295,0.346,0.664,0.302,0.356,0.337,0.118,0.346,0.176,0.308,0.526,0.358,"2002",FALSE,0,0,28,FALSE
"397","Kurt Thomas","C",0.69,"NYK",1,1,0.784,0.448,0.432,0.659,0.002,0.007,0.167,0.481,0.526,0.496,0.549,0.286,0.273,0.815,0.409,0.529,0.488,0.075,0.289,0.21,0.33,0.919,0.404,"2002",FALSE,0,0,30,FALSE
"398","Tim Thomas","SF",0.571,"MIL",0.902,0.268,0.562,0.306,0.347,0.56,0.236,0.328,0.326,0.23,0.261,0.478,0.537,0.188,0.184,0.793,0.122,0.234,0.196,0.09,0.264,0.085,0.274,0.539,0.307,"2002",FALSE,0,0,41,FALSE
"399","Jamaal Tinsley","PG",0.548,"IND",0.976,0.951,0.691,0.279,0.35,0.507,0.104,0.198,0.24,0.257,0.33,0.422,0.453,0.173,0.191,0.704,0.149,0.218,0.195,0.556,0.561,0.106,0.582,0.668,0.265,"2002",FALSE,0,0,42,FALSE
"400","Oscar Torres","SG",0.595,"HOU",0.793,0.159,0.304,0.131,0.157,0.528,0.092,0.142,0.294,0.102,0.121,0.456,0.5,0.108,0.108,0.781,0.09,0.074,0.08,0.034,0.102,0.024,0.106,0.173,0.137,"2002",FALSE,0,0,28,FALSE
"401","Robert Traylor","PF",0.571,"CHH",0.744,0.012,0.192,0.084,0.094,0.568,0.002,0.001,1,0.089,0.114,0.424,0.477,0.07,0.086,0.631,0.128,0.119,0.122,0.032,0.098,0.098,0.097,0.342,0.081,"2002",FALSE,0,0,44,FALSE
"402","Gary Trent","PF",0.643,"MIN",0.78,0.122,0.323,0.187,0.175,0.676,0,0.002,0,0.201,0.214,0.509,0.563,0.122,0.148,0.639,0.199,0.165,0.176,0.052,0.085,0.072,0.125,0.431,0.169,"2002",FALSE,0,0,50,FALSE
"403","Jeff Trepagnier","SG",0.524,"CLE",0.146,0,0.022,0.007,0.011,0.405,0,0.001,0,0.007,0.012,0.318,0.338,0.005,0.007,0.571,0.006,0.009,0.008,0.01,0.033,0.011,0.024,0.022,0.006,"2002",FALSE,0,0,29,FALSE
"404","Jake Tsakalidis","C",0.524,"PHO",0.817,0.573,0.448,0.184,0.184,0.633,0,0.001,0,0.198,0.225,0.476,0.528,0.147,0.164,0.698,0.249,0.242,0.244,0.02,0.093,0.184,0.168,0.52,0.173,"2002",FALSE,0,0,36,FALSE
"405","Hedo Turkoglu","SF",0.524,"SAC",0.976,0.122,0.558,0.28,0.316,0.563,0.157,0.193,0.368,0.236,0.291,0.44,0.52,0.221,0.237,0.726,0.12,0.298,0.237,0.14,0.232,0.082,0.175,0.496,0.286,"2002",FALSE,0,0,61,FALSE
"407","Keith Van Horn","SF",0.619,"NJN",0.988,0.988,0.698,0.456,0.501,0.577,0.251,0.331,0.345,0.385,0.449,0.465,0.532,0.206,0.201,0.8,0.262,0.469,0.398,0.141,0.256,0.112,0.315,0.596,0.423,"2002",FALSE,0,0,52,FALSE
"409","Jacque Vaughn","PG",0.619,"ATL",1,0.195,0.525,0.199,0.202,0.627,0.06,0.061,0.444,0.189,0.217,0.474,0.553,0.138,0.13,0.825,0.034,0.149,0.11,0.3,0.264,0.005,0.241,0.493,0.191,"2002",FALSE,0,0,33,FALSE
"411","Antoine Walker","PF",0.595,"BOS",0.988,0.988,0.964,0.644,0.777,0.525,0.552,0.728,0.344,0.462,0.589,0.425,0.511,0.317,0.333,0.741,0.287,0.56,0.467,0.35,0.496,0.101,0.541,0.639,0.633,"2002",FALSE,0,0,49,FALSE
"413","Ben Wallace","C",0.643,"DET",0.976,0.976,0.827,0.247,0.221,0.708,0,0.003,0,0.265,0.269,0.535,0.59,0.131,0.241,0.423,0.608,0.716,0.679,0.099,0.561,0.739,0.151,0.48,0.215,"2002",FALSE,0,0.019,50,TRUE
"414","Gerald Wallace","SF",0.452,"SAC",0.659,0.012,0.122,0.073,0.081,0.572,0,0.008,0,0.078,0.095,0.446,0.477,0.03,0.047,0.5,0.094,0.04,0.058,0.023,0.077,0.016,0.047,0.124,0.061,"2002",FALSE,0,0,61,FALSE
"415","John Wallace","SF",0.643,"PHO",0.561,0,0.139,0.09,0.098,0.58,0.012,0.015,0.385,0.092,0.113,0.438,0.496,0.053,0.047,0.87,0.052,0.058,0.056,0.025,0.045,0.024,0.062,0.162,0.082,"2002",FALSE,0,0,36,FALSE
"416","Rasheed Wallace","PF",0.643,"POR",0.963,0.963,0.839,0.583,0.592,0.625,0.284,0.358,0.36,0.509,0.547,0.504,0.57,0.266,0.282,0.734,0.26,0.505,0.422,0.131,0.411,0.269,0.282,0.571,0.537,"2002",FALSE,0,0,49,FALSE
"417","Charlie Ward","PG",0.738,"NYK",0.768,0,0.299,0.109,0.139,0.497,0.132,0.185,0.323,0.062,0.078,0.432,0.511,0.062,0.06,0.81,0.029,0.111,0.083,0.174,0.276,0.037,0.162,0.27,0.115,"2002",FALSE,0,0,30,FALSE
"418","Earl Watson","PG",0.524,"SEA",0.78,0,0.273,0.093,0.098,0.604,0.04,0.05,0.364,0.083,0.095,0.476,0.546,0.03,0.037,0.639,0.059,0.052,0.054,0.107,0.244,0.013,0.11,0.251,0.082,"2002",FALSE,0,0,45,FALSE
"420","Chris Webber","PF",0.667,"SAC",0.659,0.659,0.586,0.515,0.495,0.66,0.012,0.021,0.263,0.548,0.596,0.499,0.552,0.335,0.348,0.749,0.287,0.393,0.357,0.222,0.366,0.202,0.341,0.488,0.467,"2002",FALSE,0,0.029,61,TRUE
"421","Bonzi Wells","SG",0.595,"POR",0.902,0.841,0.665,0.471,0.478,0.625,0.164,0.194,0.384,0.438,0.489,0.486,0.556,0.284,0.298,0.741,0.231,0.321,0.29,0.175,0.459,0.066,0.412,0.561,0.443,"2002",FALSE,0,0,49,FALSE
"422","David Wesley","SG",0.738,"CHH",0.817,0.768,0.704,0.352,0.419,0.533,0.211,0.289,0.332,0.29,0.369,0.427,0.497,0.183,0.193,0.734,0.084,0.098,0.093,0.203,0.301,0.04,0.256,0.396,0.336,"2002",FALSE,0,0,44,FALSE
"424","Rodney White","SF",0.5,"DET",0.195,0,0.037,0.02,0.028,0.467,0.005,0.01,0.222,0.02,0.029,0.373,0.408,0.016,0.014,0.857,0.004,0.016,0.012,0.01,0.037,0.005,0.03,0.016,0.02,"2002",FALSE,0,0,50,FALSE
"425","Chris Whitney","PG",0.714,"WAS",1,0.988,0.614,0.265,0.302,0.557,0.326,0.365,0.406,0.149,0.188,0.429,0.576,0.204,0.18,0.88,0.021,0.14,0.099,0.27,0.293,0.016,0.183,0.491,0.294,"2002",FALSE,0,0,37,FALSE
"426","Aaron Williams","PF",0.714,"NJN",1,0.159,0.438,0.223,0.202,0.701,0,0.002,0,0.24,0.246,0.529,0.584,0.172,0.191,0.699,0.22,0.222,0.222,0.066,0.118,0.202,0.17,0.571,0.209,"2002",FALSE,0,0,52,FALSE
"427","Alvin Williams","PG",0.643,"TOR",1,1,0.828,0.39,0.447,0.553,0.154,0.218,0.321,0.355,0.439,0.438,0.497,0.136,0.144,0.736,0.111,0.221,0.184,0.402,0.549,0.069,0.323,0.515,0.343,"2002",FALSE,0,0,42,FALSE
"428","Eric Williams","SF",0.69,"BOS",0.902,0.366,0.494,0.139,0.177,0.499,0.06,0.097,0.279,0.125,0.169,0.401,0.45,0.212,0.225,0.731,0.111,0.162,0.144,0.094,0.313,0.021,0.205,0.482,0.167,"2002",FALSE,0,0,49,FALSE
"429","Jason Williams","PG",0.619,"MEM",0.793,0.793,0.633,0.364,0.453,0.509,0.316,0.485,0.295,0.259,0.313,0.449,0.496,0.106,0.104,0.792,0.042,0.172,0.127,0.446,0.451,0.019,0.461,0.275,0.339,"2002",FALSE,0,0,23,FALSE
"431","Monty Williams","SF",0.714,"ORL",0.829,0.232,0.363,0.191,0.167,0.729,0,0.005,0,0.206,0.202,0.553,0.608,0.116,0.138,0.657,0.153,0.154,0.154,0.082,0.199,0.045,0.185,0.361,0.171,"2002",FALSE,0,0,44,FALSE
"432","Scott Williams","PF",0.786,"DEN",0.5,0.195,0.209,0.083,0.1,0.528,0,0.002,0,0.089,0.121,0.4,0.44,0.04,0.042,0.732,0.157,0.126,0.137,0.011,0.069,0.088,0.075,0.264,0.071,"2002",FALSE,0,0,27,FALSE
"433","Shammond Williams","SG",0.619,"SEA",0.61,0.024,0.171,0.078,0.089,0.56,0.07,0.085,0.373,0.055,0.067,0.449,0.547,0.041,0.04,0.795,0.031,0.047,0.041,0.071,0.085,0.005,0.075,0.094,0.078,"2002",FALSE,0,0,45,FALSE
"434","Walt Williams","SF",0.738,"HOU",0.585,0.305,0.316,0.161,0.182,0.559,0.194,0.207,0.426,0.092,0.12,0.413,0.576,0.053,0.052,0.784,0.071,0.124,0.106,0.059,0.073,0.027,0.114,0.286,0.159,"2002",FALSE,0,0,28,FALSE
"435","Corliss Williamson","SF",0.667,"DET",0.951,0.085,0.481,0.397,0.371,0.68,0.002,0.006,0.2,0.427,0.452,0.512,0.568,0.317,0.307,0.805,0.224,0.201,0.208,0.081,0.199,0.069,0.295,0.609,0.375,"2002",FALSE,0,0,50,FALSE
"436","Kevin Willis","PF",0.929,"HOU",0.634,0.061,0.245,0.121,0.131,0.587,0,0.001,0,0.13,0.16,0.442,0.489,0.086,0.09,0.747,0.201,0.193,0.195,0.012,0.102,0.061,0.088,0.264,0.111,"2002",FALSE,0,0,28,FALSE
"437","Loren Woods","C",0.548,"MIN",0.732,0,0.146,0.032,0.044,0.459,0,0.002,0,0.034,0.053,0.351,0.382,0.058,0.062,0.733,0.088,0.075,0.08,0.019,0.069,0.09,0.078,0.162,0.039,"2002",FALSE,0,0,50,FALSE
"439","Lorenzen Wright","C",0.619,"MEM",0.524,0.402,0.354,0.216,0.224,0.612,0,0.002,0,0.232,0.273,0.461,0.51,0.093,0.127,0.569,0.249,0.273,0.265,0.038,0.122,0.061,0.155,0.34,0.182,"2002",FALSE,0,0,23,FALSE
"440","Wang Zhizhi","C",0.571,"DAL",0.671,0,0.17,0.105,0.114,0.587,0.119,0.131,0.414,0.063,0.074,0.462,0.596,0.056,0.059,0.737,0.036,0.091,0.073,0.019,0.045,0.048,0.054,0.226,0.109,"2002",FALSE,0,0,57,FALSE
"  1","Tariq Abdul-Wahad","SG",0.667,"DAL",0.171,0,0.058,0.026,0.027,0.621,0,0.001,0,0.028,0.032,0.474,0.518,0.004,0.006,0.5,0.027,0.026,0.026,0.018,0.024,0.008,0.015,0.07,0.02,"2003",FALSE,0,0,60,FALSE
"  2","Shareef Abdur-Rahim","PF",0.619,"ATL",0.988,0.988,0.874,0.547,0.544,0.637,0.052,0.068,0.35,0.567,0.633,0.485,0.541,0.602,0.557,0.841,0.335,0.499,0.442,0.208,0.354,0.101,0.457,0.647,0.568,"2003",FALSE,0,0,35,FALSE
"  3","Courtney Alexander","PG",0.595,"NOH",0.805,0.085,0.385,0.187,0.232,0.509,0.047,0.064,0.333,0.181,0.253,0.388,0.446,0.156,0.15,0.808,0.075,0.078,0.077,0.068,0.126,0.016,0.147,0.337,0.185,"2003",FALSE,0,0,47,FALSE
"  4","Malik Allen","PF",0.571,"MIA",0.976,0.89,0.656,0.324,0.364,0.565,0,0.005,0,0.349,0.443,0.426,0.471,0.128,0.124,0.802,0.256,0.289,0.278,0.046,0.15,0.207,0.276,0.631,0.271,"2003",FALSE,0,0,25,FALSE
"  6","Rafer Alston","PG",0.619,"TOR",0.573,0.049,0.277,0.134,0.154,0.553,0.127,0.147,0.392,0.092,0.116,0.429,0.546,0.049,0.056,0.685,0.04,0.085,0.07,0.165,0.154,0.04,0.185,0.323,0.129,"2003",FALSE,0,0,24,FALSE
"  8","Chris Andersen","C",0.571,"DEN",0.72,0.037,0.257,0.11,0.131,0.533,0,0.001,0,0.119,0.16,0.401,0.444,0.102,0.144,0.55,0.208,0.164,0.179,0.027,0.122,0.16,0.129,0.243,0.108,"2003",FALSE,0,0,17,FALSE
"  9","Derek Anderson","PG",0.667,"POR",0.927,0.927,0.723,0.343,0.383,0.569,0.289,0.374,0.35,0.249,0.283,0.477,0.551,0.306,0.277,0.859,0.101,0.21,0.173,0.279,0.366,0.043,0.276,0.38,0.373,"2003",FALSE,0,0,50,FALSE
" 11","Shandon Anderson","SF",0.69,"NYK",1,0.11,0.49,0.24,0.247,0.616,0.129,0.158,0.371,0.204,0.224,0.494,0.567,0.184,0.195,0.732,0.122,0.189,0.166,0.075,0.297,0.053,0.246,0.477,0.243,"2003",FALSE,0,0,37,FALSE
" 13","Gilbert Arenas","PG",0.5,"GSW",1,1,0.811,0.492,0.543,0.575,0.271,0.353,0.348,0.416,0.489,0.461,0.531,0.489,0.481,0.791,0.185,0.287,0.252,0.442,0.504,0.045,0.625,0.701,0.529,"2003",FALSE,0,0,38,FALSE
" 14","Brandon Armstrong","SG",0.524,"NJN",0.207,0,0.02,0.009,0.012,0.444,0.002,0.007,0.167,0.008,0.012,0.381,0.391,0.007,0.006,0.833,0,0.004,0.003,0.002,0.012,0.003,0.011,0.022,0.008,"2003",FALSE,0,0,49,FALSE
" 15","Darrell Armstrong","PG",0.81,"ORL",1,0.28,0.665,0.254,0.296,0.545,0.194,0.262,0.336,0.193,0.232,0.45,0.522,0.218,0.193,0.878,0.174,0.203,0.193,0.277,0.549,0.035,0.345,0.45,0.272,"2003",FALSE,0,0,42,FALSE
" 16","Carlos Arroyo","PG",0.548,"UTA",0.537,0,0.081,0.048,0.05,0.612,0.007,0.008,0.429,0.049,0.058,0.461,0.524,0.024,0.023,0.818,0.021,0.015,0.017,0.046,0.049,0.003,0.065,0.075,0.043,"2003",FALSE,0,0,47,FALSE
" 17","Chucky Atkins","PG",0.667,"DET",0.793,0.085,0.396,0.162,0.214,0.481,0.214,0.273,0.355,0.085,0.126,0.368,0.504,0.053,0.05,0.816,0.04,0.074,0.063,0.15,0.11,0.011,0.166,0.291,0.163,"2003",FALSE,0,0,50,FALSE
" 18","Stacey Augmon","SG",0.81,"NOH",0.854,0.037,0.244,0.076,0.088,0.548,0,0.008,0,0.082,0.104,0.427,0.457,0.071,0.074,0.75,0.05,0.092,0.078,0.059,0.11,0.024,0.086,0.216,0.075,"2003",FALSE,0,0,47,FALSE
" 20","Vin Baker","C",0.738,"BOS",0.634,0.11,0.267,0.096,0.095,0.637,0,0.005,0,0.103,0.114,0.488,0.531,0.095,0.11,0.673,0.172,0.107,0.129,0.025,0.089,0.08,0.131,0.394,0.095,"2003",FALSE,0,0,44,FALSE
" 21","Brent Barry","SG",0.738,"SEA",0.915,0.829,0.702,0.255,0.266,0.611,0.294,0.331,0.403,0.152,0.16,0.514,0.622,0.169,0.166,0.795,0.092,0.251,0.197,0.33,0.459,0.04,0.306,0.536,0.273,"2003",FALSE,0,0,40,FALSE
" 22","Jon Barry","SG",0.786,"DET",0.976,0,0.417,0.185,0.195,0.6,0.216,0.242,0.407,0.108,0.118,0.495,0.614,0.114,0.103,0.86,0.063,0.146,0.118,0.177,0.256,0.037,0.175,0.28,0.196,"2003",FALSE,0,0,50,FALSE
" 24","Mengke Bateer","C",0.643,"SAS",0.146,0,0.013,0.004,0.008,0.313,0.002,0.003,0.333,0.003,0.008,0.214,0.294,0,0.002,0,0.004,0.008,0.007,0.003,0,0,0.013,0.038,0.003,"2003",FALSE,0,0,60,FALSE
" 25","Mike Batiste","PF",0.595,"MEM",0.915,0.024,0.353,0.191,0.215,0.563,0.045,0.091,0.222,0.186,0.218,0.464,0.49,0.091,0.091,0.784,0.157,0.174,0.168,0.045,0.171,0.043,0.149,0.323,0.17,"2003",FALSE,0,0,28,FALSE
" 26","Tony Battie","C",0.619,"BOS",0.817,0.756,0.476,0.192,0.17,0.719,0.002,0.006,0.2,0.206,0.205,0.544,0.601,0.116,0.121,0.746,0.283,0.283,0.283,0.042,0.134,0.215,0.103,0.531,0.172,"2003",FALSE,0,0,44,FALSE
" 27","Shane Battier","SF",0.571,"MEM",0.951,0.573,0.674,0.266,0.262,0.644,0.214,0.244,0.398,0.197,0.199,0.535,0.621,0.159,0.149,0.828,0.245,0.215,0.225,0.09,0.415,0.234,0.147,0.558,0.267,"2003",FALSE,0,0,28,FALSE
" 28","Lonny Baxter","C",0.571,"CHI",0.671,0,0.193,0.093,0.095,0.621,0,0.002,0,0.1,0.115,0.471,0.518,0.093,0.106,0.68,0.124,0.099,0.108,0.014,0.037,0.059,0.099,0.364,0.093,"2003",FALSE,0,0,30,FALSE
" 29","Raja Bell","SG",0.619,"DAL",0.915,0.39,0.332,0.09,0.097,0.588,0.052,0.058,0.412,0.075,0.09,0.45,0.546,0.03,0.035,0.676,0.09,0.097,0.095,0.049,0.211,0.021,0.093,0.361,0.081,"2003",FALSE,0,0,60,FALSE
" 30","Jonathan Bender","SF",0.524,"IND",0.561,0.024,0.232,0.108,0.117,0.588,0.047,0.06,0.358,0.097,0.113,0.463,0.531,0.079,0.086,0.714,0.08,0.09,0.087,0.036,0.033,0.149,0.091,0.232,0.107,"2003",FALSE,0,0,48,FALSE
" 31","Corey Benjamin","SG",0.571,"ATL",0.11,0,0.043,0.013,0.02,0.403,0.005,0.015,0.154,0.011,0.017,0.367,0.362,0.016,0.016,0.75,0.019,0.021,0.02,0.009,0.004,0.005,0.013,0.054,0.014,"2003",FALSE,0,0,35,FALSE
" 32","Travis Best","PG",0.714,"MIA",0.878,0.634,0.511,0.223,0.268,0.528,0.09,0.123,0.33,0.203,0.267,0.411,0.474,0.139,0.127,0.854,0.05,0.12,0.096,0.219,0.179,0.019,0.228,0.469,0.213,"2003",FALSE,0,0,25,FALSE
" 33","Mike Bibby","PG",0.571,"SAC",0.671,0.671,0.519,0.318,0.322,0.627,0.139,0.155,0.409,0.284,0.318,0.485,0.567,0.213,0.192,0.861,0.065,0.112,0.096,0.245,0.293,0.021,0.274,0.251,0.309,"2003",FALSE,0,0,59,FALSE
" 34","Chauncey Billups","PG",0.619,"DET",0.902,0.902,0.659,0.354,0.4,0.561,0.371,0.429,0.392,0.226,0.276,0.443,0.562,0.421,0.372,0.878,0.073,0.233,0.178,0.247,0.256,0.04,0.289,0.367,0.423,"2003",FALSE,0,0,50,FALSE
" 37","Calvin Booth","C",0.619,"SEA",0.573,0,0.163,0.05,0.055,0.583,0,0.002,0,0.054,0.066,0.444,0.486,0.045,0.048,0.723,0.061,0.076,0.071,0.01,0.045,0.088,0.047,0.199,0.049,"2003",FALSE,0,0,40,FALSE
" 38","Carlos Boozer","PF",0.5,"CLE",0.988,0.659,0.58,0.32,0.284,0.715,0,0.001,0,0.344,0.348,0.536,0.596,0.196,0.198,0.771,0.386,0.404,0.398,0.091,0.24,0.133,0.222,0.604,0.286,"2003",FALSE,0,0,17,FALSE
" 40","Bruce Bowen","SF",0.738,"SAS",1,1,0.726,0.216,0.22,0.621,0.251,0.258,0.441,0.127,0.141,0.488,0.634,0.048,0.092,0.404,0.113,0.179,0.156,0.097,0.268,0.112,0.155,0.526,0.206,"2003",FALSE,0,0,60,FALSE
" 41","Ryan Bowen","SG",0.643,"DEN",0.756,0.378,0.282,0.094,0.091,0.656,0.005,0.008,0.286,0.099,0.107,0.5,0.552,0.036,0.042,0.659,0.149,0.078,0.103,0.046,0.264,0.077,0.093,0.221,0.079,"2003",FALSE,0,0,17,FALSE
" 42","Earl Boykins","PG",0.619,"GSW",0.829,0,0.374,0.192,0.214,0.572,0.072,0.087,0.377,0.177,0.218,0.439,0.511,0.229,0.206,0.865,0.067,0.053,0.058,0.19,0.154,0.011,0.157,0.202,0.212,"2003",FALSE,0,0,38,FALSE
" 43","Michael Bradley","PF",0.548,"TOR",0.817,0.134,0.372,0.146,0.145,0.641,0.002,0.007,0.167,0.156,0.174,0.487,0.536,0.046,0.069,0.522,0.31,0.245,0.267,0.058,0.065,0.085,0.164,0.337,0.119,"2003",FALSE,0,0,24,FALSE
" 44","Shawn Bradley","C",0.714,"DAL",0.988,0.476,0.49,0.194,0.173,0.715,0,0.001,0,0.209,0.211,0.537,0.596,0.187,0.18,0.806,0.289,0.323,0.311,0.046,0.264,0.452,0.144,0.652,0.192,"2003",FALSE,0,0,60,FALSE
" 45","Elton Brand","PF",0.548,"LAC",0.756,0.744,0.695,0.436,0.414,0.669,0,0.001,0,0.469,0.506,0.502,0.558,0.323,0.366,0.685,0.541,0.417,0.459,0.135,0.289,0.42,0.347,0.55,0.405,"2003",FALSE,0,0,27,FALSE
" 46","J.R. Bremer","PG",0.524,"BOS",0.78,0.5,0.425,0.165,0.214,0.492,0.251,0.323,0.353,0.073,0.1,0.393,0.53,0.112,0.114,0.766,0.034,0.126,0.095,0.141,0.154,0.008,0.127,0.216,0.186,"2003",FALSE,0,0,44,FALSE
" 47","Jamison Brewer","PG",0.524,"IND",0.122,0,0.023,0.009,0.008,0.705,0,0.002,0,0.009,0.008,0.6,0.588,0.005,0.009,0.444,0.01,0.004,0.006,0.015,0.008,0.003,0.013,0.03,0.008,"2003",FALSE,0,0,48,FALSE
" 48","Primoz Brezec","C",0.548,"IND",0.268,0.012,0.031,0.015,0.017,0.527,0,0.001,0,0.016,0.021,0.405,0.439,0.016,0.021,0.6,0.025,0.01,0.015,0.003,0.008,0.011,0.015,0.043,0.015,"2003",FALSE,0,0,48,FALSE
" 49","Damone Brown","PF",0.548,"TOR",0.061,0.037,0.033,0.011,0.016,0.419,0,0.002,0,0.011,0.019,0.333,0.349,0.008,0.008,0.75,0.006,0.012,0.01,0.003,0.004,0,0.013,0.038,0.01,"2003",FALSE,0,0,24,FALSE
" 51","Kedrick Brown","SF",0.5,"BOS",0.622,0.061,0.189,0.059,0.079,0.476,0.007,0.044,0.077,0.06,0.074,0.439,0.406,0.026,0.033,0.625,0.086,0.094,0.092,0.017,0.138,0.035,0.05,0.183,0.051,"2003",FALSE,0,0,44,FALSE
" 52","Kwame Brown","C",0.476,"WAS",0.976,0.244,0.502,0.217,0.231,0.595,0,0.003,0,0.233,0.281,0.449,0.496,0.192,0.223,0.668,0.245,0.296,0.278,0.05,0.203,0.213,0.237,0.429,0.209,"2003",FALSE,0,0,37,FALSE
" 53","P.J. Brown","PF",0.786,"NOH",0.951,0.951,0.738,0.309,0.277,0.708,0,0.003,0,0.332,0.337,0.533,0.59,0.257,0.239,0.836,0.465,0.455,0.458,0.126,0.272,0.213,0.211,0.547,0.294,"2003",FALSE,0,0,47,FALSE
" 55","Tierre Brown","PG",0.548,"CLE",0.183,0,0.048,0.026,0.027,0.611,0,0.001,0,0.028,0.033,0.466,0.509,0.015,0.014,0.786,0.015,0.022,0.02,0.034,0.053,0,0.047,0.024,0.023,"2003",FALSE,0,0,17,FALSE
" 56","Rick Brunson","PG",0.714,"CHI",0.207,0,0.055,0.022,0.023,0.613,0.01,0.007,0.667,0.02,0.025,0.432,0.556,0.013,0.012,0.833,0.008,0.015,0.012,0.031,0.041,0.008,0.037,0.054,0.021,"2003",FALSE,0,0,30,FALSE
" 57","Kobe Bryant","SG",0.571,"LAL",1,1,0.963,0.839,0.885,0.601,0.308,0.366,0.383,0.774,0.902,0.465,0.537,0.795,0.734,0.843,0.203,0.455,0.369,0.413,0.736,0.178,0.621,0.588,0.869,"2003",FALSE,8,0.417,50,TRUE
" 59","Greg Buckner","SG",0.619,"PHI",0.915,0.061,0.429,0.179,0.183,0.62,0.037,0.062,0.273,0.177,0.193,0.496,0.538,0.086,0.083,0.802,0.138,0.143,0.141,0.082,0.293,0.043,0.134,0.547,0.159,"2003",FALSE,0,0,48,FALSE
" 60","Pat Burke","C",0.69,"ORL",0.756,0.098,0.222,0.109,0.136,0.509,0.002,0.008,0.143,0.117,0.163,0.388,0.426,0.053,0.06,0.69,0.109,0.088,0.095,0.02,0.077,0.066,0.101,0.267,0.094,"2003",FALSE,0,0,42,FALSE
" 61","Caron Butler","SF",0.524,"MIA",0.951,0.951,0.809,0.415,0.475,0.555,0.085,0.121,0.318,0.411,0.522,0.427,0.48,0.409,0.386,0.824,0.258,0.26,0.259,0.183,0.557,0.082,0.414,0.62,0.424,"2003",FALSE,0,0,25,FALSE
" 62","Rasual Butler","SG",0.548,"MIA",0.878,0.341,0.429,0.2,0.263,0.483,0.124,0.193,0.292,0.163,0.226,0.392,0.451,0.101,0.107,0.731,0.055,0.156,0.122,0.08,0.085,0.114,0.166,0.283,0.191,"2003",FALSE,0,0,25,FALSE
" 64","Marcus Camby","C",0.667,"DEN",0.354,0.11,0.174,0.09,0.104,0.547,0.005,0.006,0.4,0.095,0.125,0.41,0.46,0.044,0.051,0.66,0.143,0.132,0.136,0.04,0.081,0.106,0.058,0.186,0.078,"2003",FALSE,0,0,17,FALSE
" 66","Brian Cardinal","PF",0.595,"WAS",0.061,0,0.004,0.001,0.002,0.333,0,0.001,0,0.001,0.002,0.333,0.278,0.003,0.002,1,0.006,0.002,0.003,0.001,0,0,0.002,0,0.001,"2003",FALSE,0,0,37,FALSE
" 67","Anthony Carter","PG",0.643,"MIA",0.598,0.317,0.258,0.08,0.107,0.475,0,0.009,0,0.086,0.127,0.369,0.396,0.044,0.051,0.66,0.023,0.071,0.054,0.174,0.183,0.013,0.175,0.189,0.07,"2003",FALSE,0,0,25,FALSE
" 68","Vince Carter","SG",0.619,"TOR",0.524,0.512,0.416,0.343,0.35,0.623,0.112,0.148,0.344,0.323,0.355,0.493,0.552,0.171,0.165,0.806,0.113,0.128,0.123,0.123,0.195,0.109,0.159,0.326,0.312,"2003",FALSE,0,0,24,FALSE
" 69","Sam Cassell","PG",0.786,"MIL",0.951,0.939,0.764,0.528,0.535,0.627,0.147,0.184,0.362,0.507,0.563,0.487,0.55,0.509,0.46,0.861,0.109,0.283,0.224,0.387,0.358,0.037,0.381,0.582,0.542,"2003",FALSE,0,0,42,FALSE
" 70","Kelvin Cato","C",0.667,"HOU",0.89,0.061,0.353,0.129,0.118,0.693,0,0.005,0,0.138,0.142,0.528,0.578,0.087,0.128,0.532,0.252,0.294,0.28,0.017,0.154,0.226,0.121,0.474,0.117,"2003",FALSE,0,0,43,FALSE
" 72","Calbert Cheaney","SG",0.738,"UTA",0.988,0.902,0.665,0.314,0.3,0.665,0.025,0.028,0.4,0.328,0.353,0.503,0.563,0.053,0.071,0.58,0.14,0.21,0.186,0.14,0.264,0.035,0.233,0.606,0.247,"2003",FALSE,0,0,47,FALSE
" 73","Chris Childs","PG",0.833,"NJN",0.146,0,0.03,0.006,0.009,0.4,0.002,0.007,0.167,0.005,0.008,0.357,0.361,0.003,0.003,0.667,0.006,0.002,0.003,0.014,0.033,0.003,0.013,0.046,0.005,"2003",FALSE,0,0,49,FALSE
" 74","Doug Christie","SG",0.762,"SAC",0.976,0.976,0.767,0.258,0.256,0.639,0.182,0.209,0.395,0.202,0.21,0.522,0.606,0.187,0.179,0.81,0.117,0.279,0.224,0.323,0.732,0.098,0.31,0.501,0.264,"2003",FALSE,0,0,59,FALSE
" 75","Keon Clark","C",0.643,"SAC",0.976,0.134,0.504,0.219,0.208,0.668,0,0.005,0,0.235,0.252,0.506,0.557,0.111,0.132,0.656,0.264,0.311,0.295,0.069,0.154,0.399,0.203,0.612,0.189,"2003",FALSE,0,0,59,FALSE
" 76","Speedy Claxton","PG",0.571,"SAS",0.366,0,0.133,0.065,0.067,0.616,0,0.012,0,0.07,0.076,0.5,0.513,0.052,0.059,0.684,0.042,0.034,0.037,0.064,0.089,0.019,0.075,0.116,0.061,"2003",FALSE,0,0,60,FALSE
" 77","Mateen Cleaves","PG",0.595,"SAC",0.146,0,0.016,0.006,0.011,0.348,0.002,0.001,1,0.005,0.012,0.227,0.314,0.004,0.004,0.75,0.002,0.007,0.005,0.009,0.008,0,0.03,0.016,0.006,"2003",FALSE,0,0,59,FALSE
" 78","Derrick Coleman","C",0.833,"PHI",0.78,0.427,0.493,0.216,0.229,0.597,0.055,0.076,0.328,0.209,0.243,0.466,0.522,0.177,0.176,0.784,0.289,0.297,0.294,0.075,0.215,0.184,0.207,0.461,0.213,"2003",FALSE,0,0,48,FALSE
" 81","Jarron Collins","C",0.571,"UTA",0.268,0.085,0.119,0.037,0.04,0.589,0,0.001,0,0.04,0.048,0.447,0.491,0.058,0.064,0.71,0.061,0.028,0.039,0.012,0.02,0.016,0.041,0.189,0.042,"2003",FALSE,0,0,47,FALSE
" 82","Jason Collins","C",0.571,"NJN",0.988,0.805,0.538,0.135,0.156,0.552,0,0.005,0,0.146,0.188,0.419,0.46,0.238,0.243,0.763,0.26,0.23,0.241,0.075,0.191,0.117,0.183,0.679,0.162,"2003",FALSE,0,0,49,FALSE
" 83","Chris Crawford","PF",0.643,"ATL",0.061,0,0.011,0.008,0.006,0.82,0.002,0.003,0.333,0.007,0.006,0.7,0.727,0.009,0.008,0.875,0.006,0.004,0.005,0.001,0.008,0.008,0.004,0.019,0.008,"2003",FALSE,0,0,35,FALSE
" 84","Jamal Crawford","PG",0.524,"CHI",0.976,0.378,0.564,0.323,0.372,0.551,0.214,0.273,0.355,0.258,0.319,0.438,0.519,0.138,0.133,0.806,0.04,0.163,0.121,0.287,0.313,0.066,0.289,0.34,0.303,"2003",FALSE,0,0,30,FALSE
" 85","Austin Croshere","PF",0.643,"IND",0.598,0,0.179,0.083,0.096,0.548,0.067,0.078,0.391,0.061,0.079,0.421,0.529,0.07,0.067,0.815,0.076,0.114,0.101,0.048,0.024,0.035,0.06,0.129,0.089,"2003",FALSE,0,0,48,FALSE
" 86","John Crotty","PG",0.786,"DEN",0.146,0,0.051,0.014,0.019,0.455,0.01,0.015,0.308,0.01,0.016,0.357,0.433,0.012,0.015,0.6,0.002,0.014,0.01,0.025,0.012,0,0.019,0.043,0.014,"2003",FALSE,0,0,17,FALSE
" 88","Michael Curry","SF",0.81,"DET",0.951,0.939,0.44,0.089,0.105,0.536,0.04,0.061,0.296,0.079,0.099,0.434,0.486,0.048,0.046,0.8,0.031,0.11,0.083,0.089,0.179,0.011,0.093,0.439,0.083,"2003",FALSE,0,0,50,FALSE
" 89","Erick Dampier","C",0.643,"GSW",1,1,0.56,0.25,0.24,0.661,0,0.002,0,0.27,0.293,0.498,0.551,0.205,0.228,0.698,0.474,0.293,0.355,0.05,0.11,0.41,0.241,0.652,0.238,"2003",FALSE,0,0,38,FALSE
" 90","Antonio Daniels","SG",0.643,"POR",0.817,0.024,0.247,0.081,0.086,0.603,0.045,0.067,0.305,0.069,0.072,0.52,0.556,0.086,0.078,0.855,0.021,0.061,0.047,0.073,0.134,0.024,0.069,0.116,0.089,"2003",FALSE,0,0,50,FALSE
" 92","Baron Davis","PG",0.548,"NOH",0.61,0.573,0.535,0.321,0.367,0.555,0.246,0.319,0.35,0.242,0.29,0.452,0.531,0.123,0.135,0.71,0.107,0.129,0.122,0.275,0.37,0.059,0.302,0.399,0.302,"2003",FALSE,0,0,47,FALSE
" 94","Emanual Davis","SG",0.81,"ATL",0.293,0.012,0.096,0.031,0.04,0.485,0.017,0.033,0.241,0.026,0.033,0.424,0.448,0.022,0.023,0.773,0.01,0.038,0.028,0.031,0.049,0.005,0.054,0.075,0.031,"2003",FALSE,0,0,35,FALSE
" 95","Hubert Davis","SG",0.762,"DET",0.524,0.012,0.093,0.03,0.036,0.523,0.03,0.041,0.333,0.02,0.024,0.442,0.52,0.007,0.006,0.833,0.011,0.03,0.024,0.025,0.02,0,0.024,0.062,0.028,"2003",FALSE,0,0,50,FALSE
" 96","Ricky Davis","SG",0.548,"CLE",0.963,0.927,0.886,0.582,0.676,0.547,0.184,0.23,0.363,0.549,0.714,0.417,0.483,0.46,0.478,0.748,0.185,0.291,0.255,0.375,0.508,0.096,0.597,0.485,0.574,"2003",FALSE,0,0,17,FALSE
" 98","Tony Delk","PG",0.69,"BOS",0.817,0.476,0.53,0.225,0.258,0.555,0.299,0.343,0.395,0.118,0.144,0.441,0.581,0.09,0.09,0.782,0.078,0.19,0.152,0.125,0.293,0.027,0.149,0.334,0.231,"2003",FALSE,0,0,44,FALSE
" 99","Dan Dickau","PG",0.571,"ATL",0.61,0,0.146,0.068,0.078,0.549,0.055,0.069,0.361,0.05,0.061,0.44,0.529,0.028,0.027,0.808,0.017,0.034,0.028,0.073,0.057,0.005,0.114,0.178,0.065,"2003",FALSE,0,0,35,FALSE
"100","Michael Dickerson","SG",0.643,"MEM",0.073,0.012,0.025,0.01,0.011,0.556,0.01,0.012,0.364,0.006,0.007,0.462,0.556,0.007,0.005,1,0.002,0.005,0.004,0.007,0.02,0.003,0.013,0.043,0.01,"2003",FALSE,0,0,28,FALSE
"102","Vlade Divac","C",0.81,"SAC",0.976,0.976,0.675,0.295,0.301,0.621,0.015,0.028,0.24,0.311,0.355,0.475,0.522,0.237,0.258,0.713,0.3,0.414,0.375,0.235,0.337,0.279,0.328,0.644,0.281,"2003",FALSE,0,0,59,FALSE
"103","Juan Dixon","PG",0.571,"WAS",0.512,0.037,0.183,0.101,0.125,0.512,0.062,0.095,0.298,0.082,0.105,0.422,0.478,0.049,0.047,0.804,0.025,0.059,0.047,0.034,0.106,0.008,0.091,0.146,0.095,"2003",FALSE,0,0,37,FALSE
"105","Keyon Dooling","SG",0.524,"LAC",0.671,0.012,0.274,0.124,0.151,0.519,0.124,0.157,0.36,0.081,0.107,0.411,0.517,0.058,0.059,0.772,0.017,0.063,0.047,0.076,0.098,0.016,0.129,0.251,0.124,"2003",FALSE,0,0,27,FALSE
"107","Predrag Drobnjak","C",0.643,"SEA",1,0.841,0.562,0.314,0.363,0.549,0.075,0.096,0.353,0.307,0.397,0.419,0.479,0.12,0.118,0.791,0.212,0.208,0.209,0.074,0.195,0.101,0.14,0.485,0.272,"2003",FALSE,0,0,40,FALSE
"109","Tim Duncan","PF",0.619,"SAS",0.988,0.988,0.9,0.691,0.641,0.684,0.015,0.025,0.273,0.737,0.773,0.517,0.572,0.595,0.652,0.71,0.495,0.779,0.682,0.271,0.224,0.63,0.534,0.623,0.665,"2003",TRUE,60,0.808,60,TRUE
"110","Mike Dunleavy","SF",0.524,"GSW",1,0.037,0.369,0.162,0.192,0.537,0.129,0.169,0.347,0.121,0.151,0.434,0.517,0.103,0.103,0.78,0.126,0.147,0.14,0.091,0.215,0.051,0.185,0.323,0.165,"2003",FALSE,0,0,38,FALSE
"111","Howard Eisley","PG",0.714,"NYK",1,0.927,0.635,0.253,0.289,0.556,0.326,0.38,0.389,0.136,0.164,0.45,0.579,0.118,0.108,0.848,0.046,0.161,0.122,0.381,0.289,0.024,0.321,0.598,0.263,"2003",FALSE,0,0,37,FALSE
"112","LaPhonso Ellis","PF",0.762,"MIA",0.671,0.037,0.222,0.097,0.121,0.509,0.067,0.121,0.252,0.076,0.087,0.471,0.481,0.066,0.068,0.758,0.084,0.112,0.103,0.013,0.061,0.04,0.067,0.237,0.098,"2003",FALSE,0,0,25,FALSE
"116","Danny Ferry","SF",0.857,"SAS",0.78,0.012,0.17,0.043,0.057,0.473,0.052,0.068,0.35,0.024,0.036,0.359,0.489,0.013,0.013,0.769,0.038,0.055,0.049,0.018,0.028,0.024,0.058,0.148,0.042,"2003",FALSE,0,0,60,FALSE
"117","Michael Finley","SF",0.69,"DAL",0.841,0.841,0.748,0.49,0.549,0.567,0.296,0.363,0.37,0.404,0.491,0.445,0.528,0.262,0.237,0.861,0.205,0.293,0.263,0.176,0.309,0.056,0.246,0.283,0.47,"2003",FALSE,0,0,60,FALSE
"118","Derek Fisher","PG",0.667,"LAL",1,1,0.801,0.328,0.357,0.583,0.211,0.239,0.401,0.264,0.318,0.451,0.547,0.132,0.129,0.8,0.076,0.198,0.156,0.256,0.378,0.04,0.203,0.526,0.305,"2003",FALSE,0,0,50,FALSE
"119","Marcus Fizer","PF",0.571,"CHI",0.463,0,0.229,0.172,0.176,0.62,0.002,0.007,0.167,0.184,0.213,0.469,0.518,0.116,0.138,0.657,0.153,0.135,0.141,0.041,0.057,0.045,0.123,0.24,0.157,"2003",FALSE,0,0,30,FALSE
"121","Joseph Forte","SG",0.5,"SEA",0.207,0,0.024,0.01,0.016,0.381,0,0.003,0,0.01,0.018,0.313,0.318,0.005,0.006,0.667,0.008,0.007,0.007,0.009,0.016,0,0.022,0.016,0.008,"2003",FALSE,0,0,40,FALSE
"122","Danny Fortson","PF",0.619,"GSW",0.207,0,0.063,0.019,0.025,0.493,0,0.001,0,0.021,0.03,0.377,0.411,0.025,0.03,0.655,0.054,0.045,0.048,0.01,0.037,0,0.032,0.116,0.021,"2003",FALSE,0,0,38,FALSE
"123","Greg Foster","C",0.81,"TOR",0.354,0.11,0.153,0.045,0.056,0.513,0.002,0.005,0.25,0.048,0.067,0.39,0.432,0.034,0.033,0.813,0.057,0.071,0.067,0.011,0.004,0.024,0.065,0.221,0.043,"2003",FALSE,0,0,24,FALSE
"124","Jeff Foster","C",0.619,"IND",0.939,0.024,0.227,0.062,0.082,0.48,0,0.002,0,0.067,0.099,0.364,0.4,0.045,0.065,0.54,0.226,0.16,0.182,0.044,0.114,0.056,0.073,0.278,0.057,"2003",FALSE,0,0,48,FALSE
"125","Tremaine Fowlkes","SF",0.619,"LAC",0.451,0.122,0.162,0.054,0.059,0.584,0.005,0.01,0.222,0.056,0.067,0.454,0.494,0.066,0.061,0.847,0.078,0.062,0.067,0.02,0.102,0.005,0.043,0.17,0.058,"2003",FALSE,0,0,27,FALSE
"126","Rick Fox","SF",0.786,"LAL",0.927,0.915,0.617,0.253,0.286,0.563,0.261,0.316,0.375,0.163,0.192,0.46,0.562,0.069,0.071,0.754,0.122,0.257,0.211,0.217,0.28,0.037,0.261,0.58,0.24,"2003",FALSE,0,0,50,FALSE
"127","Adonal Foyle","C",0.643,"GSW",1,0,0.506,0.179,0.159,0.715,0,0.001,0,0.193,0.194,0.538,0.596,0.093,0.107,0.673,0.337,0.312,0.32,0.032,0.163,0.545,0.157,0.577,0.155,"2003",FALSE,0,0,38,FALSE
"128","Steve Francis","PG",0.595,"HOU",0.988,0.988,0.939,0.552,0.604,0.58,0.211,0.271,0.354,0.506,0.605,0.453,0.52,0.63,0.612,0.8,0.304,0.338,0.326,0.431,0.573,0.109,0.644,0.677,0.601,"2003",FALSE,0,0,43,FALSE
"130","Dan Gadzuric","C",0.571,"MIL",0.598,0.366,0.215,0.068,0.067,0.644,0,0.001,0,0.073,0.081,0.486,0.537,0.038,0.058,0.518,0.126,0.13,0.129,0.008,0.089,0.138,0.058,0.337,0.06,"2003",FALSE,0,0,42,FALSE
"131","Kevin Garnett","PF",0.619,"MIN",1,1,0.94,0.719,0.682,0.669,0.05,0.08,0.282,0.752,0.795,0.513,0.564,0.499,0.516,0.751,0.467,0.852,0.72,0.425,0.459,0.343,0.494,0.536,0.665,"2003",FALSE,43,0.732,51,TRUE
"132","Pat Garrity","PF",0.619,"ORL",0.988,0.646,0.731,0.302,0.342,0.559,0.4,0.459,0.396,0.157,0.19,0.448,0.587,0.11,0.103,0.83,0.138,0.232,0.2,0.104,0.252,0.053,0.166,0.687,0.306,"2003",FALSE,0,0,42,FALSE
"133","Pau Gasol","PF",0.524,"MEM",1,1,0.834,0.55,0.514,0.68,0.002,0.011,0.1,0.591,0.624,0.514,0.567,0.55,0.581,0.736,0.367,0.524,0.471,0.197,0.138,0.394,0.459,0.593,0.549,"2003",FALSE,0,0,28,FALSE
"134","Devean George","SF",0.595,"LAL",0.866,0.085,0.457,0.174,0.212,0.52,0.122,0.149,0.371,0.136,0.186,0.398,0.493,0.11,0.108,0.79,0.174,0.194,0.187,0.079,0.228,0.101,0.14,0.485,0.174,"2003",FALSE,0,0,50,FALSE
"135","Kendall Gill","SG",0.81,"MIN",1,0.415,0.585,0.277,0.312,0.563,0.047,0.067,0.322,0.278,0.349,0.432,0.484,0.163,0.166,0.764,0.098,0.196,0.162,0.134,0.317,0.04,0.233,0.474,0.252,"2003",FALSE,0,0,51,FALSE
"136","Manu Ginobili","SG",0.595,"SAS",0.841,0.061,0.405,0.168,0.183,0.584,0.127,0.167,0.345,0.128,0.14,0.494,0.559,0.167,0.176,0.737,0.09,0.113,0.105,0.119,0.39,0.045,0.216,0.458,0.185,"2003",FALSE,0,0,60,FALSE
"138","Dion Glover","SG",0.571,"ATL",0.927,0.512,0.535,0.268,0.298,0.569,0.139,0.178,0.354,0.23,0.276,0.451,0.523,0.168,0.167,0.784,0.119,0.218,0.184,0.121,0.289,0.04,0.233,0.394,0.26,"2003",FALSE,0,0,35,FALSE
"143","Adrian Griffin","SG",0.667,"DAL",0.902,0.585,0.389,0.141,0.155,0.577,0.015,0.027,0.25,0.146,0.177,0.447,0.491,0.036,0.033,0.844,0.168,0.175,0.173,0.09,0.313,0.016,0.101,0.423,0.115,"2003",FALSE,0,0,60,FALSE
"144","Eddie Griffin","PF",0.476,"HOU",0.939,0.805,0.535,0.262,0.312,0.533,0.159,0.217,0.333,0.215,0.274,0.426,0.497,0.077,0.097,0.617,0.264,0.321,0.301,0.074,0.211,0.295,0.164,0.367,0.234,"2003",FALSE,0,0,43,FALSE
"145","Tom Gugliotta","PF",0.786,"PHO",0.329,0.134,0.127,0.058,0.061,0.607,0,0.001,0,0.062,0.074,0.458,0.506,0.012,0.009,1,0.048,0.074,0.065,0.027,0.057,0.013,0.067,0.094,0.046,"2003",FALSE,0,0,44,FALSE
"147","Marcus Haislip","PF",0.524,"MIL",0.476,0.098,0.125,0.064,0.07,0.575,0.007,0.014,0.25,0.066,0.08,0.447,0.49,0.034,0.039,0.684,0.04,0.032,0.035,0.008,0.028,0.048,0.045,0.148,0.057,"2003",FALSE,0,0,42,FALSE
"148","Darvin Ham","SG",0.69,"ATL",0.915,0.012,0.262,0.069,0.073,0.596,0,0.003,0,0.074,0.088,0.455,0.497,0.05,0.081,0.481,0.14,0.079,0.1,0.033,0.065,0.051,0.14,0.342,0.064,"2003",FALSE,0,0,35,FALSE
"149","Richard Hamilton","SG",0.571,"DET",1,1,0.747,0.551,0.592,0.591,0.08,0.134,0.269,0.56,0.658,0.461,0.507,0.582,0.543,0.833,0.168,0.228,0.208,0.179,0.26,0.035,0.431,0.671,0.569,"2003",FALSE,0,0,50,FALSE
"151","Anfernee Hardaway","SG",0.738,"PHO",0.707,0.622,0.503,0.248,0.264,0.596,0.065,0.082,0.356,0.239,0.282,0.46,0.521,0.102,0.1,0.794,0.126,0.191,0.169,0.202,0.268,0.069,0.312,0.404,0.217,"2003",FALSE,0,0,44,FALSE
"152","Tim Hardaway","PG",0.857,"IND",0.122,0,0.036,0.017,0.023,0.489,0.027,0.035,0.355,0.007,0.01,0.389,0.533,0.003,0.004,0.5,0.002,0.014,0.01,0.021,0.037,0,0.024,0.022,0.017,"2003",FALSE,0,0,48,FALSE
"153","Matt Harpring","SF",0.619,"UTA",0.951,0.841,0.724,0.504,0.469,0.681,0.164,0.181,0.413,0.473,0.485,0.529,0.603,0.347,0.341,0.792,0.363,0.322,0.336,0.114,0.297,0.045,0.345,0.585,0.484,"2003",FALSE,0,0,47,FALSE
"155","Al Harrington","SF",0.524,"IND",1,0.451,0.698,0.376,0.412,0.579,0.032,0.052,0.283,0.391,0.479,0.442,0.49,0.279,0.282,0.77,0.304,0.35,0.334,0.107,0.289,0.088,0.351,0.755,0.354,"2003",FALSE,0,0,48,FALSE
"156","Junior Harrington","PG",0.524,"DEN",1,0.622,0.567,0.163,0.215,0.483,0.017,0.032,0.25,0.169,0.248,0.369,0.41,0.097,0.115,0.652,0.084,0.205,0.163,0.238,0.325,0.04,0.338,0.674,0.148,"2003",FALSE,0,0,17,FALSE
"158","Lucious Harris","SG",0.762,"NJN",0.939,0.305,0.558,0.288,0.332,0.551,0.117,0.153,0.346,0.261,0.33,0.429,0.496,0.201,0.194,0.804,0.12,0.168,0.152,0.133,0.215,0.021,0.153,0.256,0.281,"2003",FALSE,0,0,49,FALSE
"160","Donnell Harvey","SF",0.524,"DEN",0.939,0.329,0.457,0.238,0.254,0.595,0.002,0.008,0.143,0.255,0.307,0.45,0.497,0.156,0.181,0.67,0.239,0.282,0.267,0.086,0.195,0.072,0.265,0.547,0.216,"2003",FALSE,0,0,17,FALSE
"161","Trenton Hassell","SG",0.548,"CHI",1,0.646,0.566,0.139,0.18,0.489,0.032,0.045,0.325,0.136,0.199,0.372,0.427,0.054,0.057,0.745,0.071,0.216,0.167,0.13,0.183,0.162,0.179,0.531,0.121,"2003",FALSE,0,0,30,FALSE
"162","Kirk Haston","SF",0.548,"NOH",0.146,0,0.016,0.002,0.008,0.157,0,0.003,0,0.002,0.008,0.143,0.131,0.003,0.004,0.5,0,0.007,0.005,0.003,0,0.013,0.015,0.027,0.002,"2003",FALSE,0,0,47,FALSE
"163","Juaquin Hawkins","SG",0.69,"HOU",0.707,0.122,0.194,0.055,0.068,0.513,0.025,0.027,0.417,0.049,0.07,0.379,0.466,0.013,0.021,0.5,0.031,0.062,0.051,0.04,0.118,0.016,0.062,0.154,0.047,"2003",FALSE,0,0,43,FALSE
"165","Alan Henderson","C",0.714,"ATL",1,0.037,0.423,0.148,0.15,0.624,0,0.002,0,0.159,0.183,0.471,0.52,0.116,0.142,0.638,0.298,0.24,0.26,0.035,0.134,0.085,0.131,0.453,0.139,"2003",FALSE,0,0,35,FALSE
"166","Nene Hilario","C",0.476,"DEN",0.976,0.646,0.639,0.31,0.285,0.692,0,0.003,0,0.334,0.347,0.521,0.577,0.261,0.351,0.578,0.398,0.281,0.321,0.128,0.516,0.173,0.39,0.795,0.296,"2003",FALSE,0,0,17,FALSE
"167","Grant Hill","SF",0.714,"ORL",0.354,0.354,0.239,0.146,0.141,0.656,0.002,0.005,0.25,0.156,0.171,0.495,0.548,0.156,0.148,0.819,0.076,0.165,0.135,0.105,0.114,0.035,0.181,0.124,0.149,"2003",FALSE,0,0,42,FALSE
"169","Fred Hoiberg","SG",0.714,"CHI",0.768,0,0.222,0.047,0.058,0.519,0.012,0.024,0.238,0.046,0.059,0.419,0.454,0.054,0.051,0.82,0.021,0.125,0.09,0.06,0.163,0.013,0.054,0.159,0.051,"2003",FALSE,0,0,30,FALSE
"170","Robert Horry","PF",0.762,"LAL",0.976,0.317,0.663,0.178,0.219,0.516,0.127,0.2,0.288,0.138,0.169,0.445,0.489,0.136,0.138,0.769,0.346,0.331,0.336,0.2,0.39,0.162,0.241,0.666,0.184,"2003",FALSE,0,0,50,FALSE
"171","Eddie House","SG",0.571,"MIA",0.671,0.085,0.29,0.166,0.204,0.516,0.09,0.135,0.3,0.142,0.183,0.42,0.476,0.041,0.037,0.861,0.033,0.083,0.066,0.075,0.179,0.003,0.099,0.197,0.145,"2003",FALSE,0,0,25,FALSE
"172","Allan Houston","SG",0.738,"NYK",1,1,0.88,0.631,0.674,0.593,0.443,0.508,0.396,0.493,0.572,0.467,0.562,0.48,0.406,0.919,0.05,0.204,0.151,0.189,0.22,0.019,0.384,0.515,0.651,"2003",FALSE,0,0,37,FALSE
"173","Juwan Howard","PF",0.69,"DEN",0.939,0.939,0.773,0.548,0.58,0.6,0.005,0.005,0.5,0.588,0.709,0.449,0.5,0.373,0.361,0.803,0.346,0.401,0.382,0.201,0.313,0.072,0.407,0.644,0.501,"2003",FALSE,0,0,17,FALSE
"174","Troy Hudson","PG",0.619,"MIN",0.963,0.902,0.736,0.396,0.44,0.571,0.241,0.3,0.365,0.325,0.389,0.452,0.532,0.275,0.238,0.9,0.08,0.14,0.12,0.388,0.244,0.019,0.392,0.431,0.397,"2003",FALSE,0,0,51,FALSE
"176","Larry Hughes","PG",0.571,"WAS",0.817,0.683,0.605,0.335,0.341,0.623,0.072,0.089,0.367,0.33,0.373,0.479,0.541,0.18,0.191,0.731,0.128,0.239,0.201,0.176,0.35,0.064,0.293,0.402,0.303,"2003",FALSE,0,0,37,FALSE
"178","Lindsey Hunter","PG",0.762,"TOR",0.354,0,0.19,0.103,0.139,0.468,0.085,0.121,0.318,0.075,0.11,0.369,0.452,0.045,0.048,0.723,0.029,0.044,0.039,0.061,0.142,0.013,0.123,0.135,0.099,"2003",FALSE,0,0,24,FALSE
"180","Zydrunas Ilgauskas","C",0.643,"CLE",0.988,0.988,0.688,0.479,0.516,0.588,0,0.006,0,0.515,0.63,0.443,0.49,0.529,0.527,0.781,0.459,0.368,0.399,0.109,0.228,0.404,0.453,0.739,0.491,"2003",FALSE,0,0,17,FALSE
"181","Allen Iverson","SG",0.643,"PHI",1,1,0.986,0.778,0.893,0.552,0.209,0.342,0.277,0.749,0.923,0.44,0.484,0.754,0.757,0.774,0.13,0.274,0.225,0.39,0.915,0.035,0.616,0.402,0.799,"2003",FALSE,0,0.07,48,TRUE
"182","Bobby Jackson","PG",0.69,"SAC",0.72,0.317,0.474,0.329,0.337,0.619,0.221,0.265,0.379,0.261,0.28,0.505,0.583,0.167,0.153,0.846,0.109,0.161,0.143,0.156,0.289,0.008,0.228,0.34,0.316,"2003",FALSE,0,0,59,FALSE
"184","Jim Jackson","SF",0.762,"SAC",0.768,0,0.371,0.197,0.213,0.589,0.08,0.08,0.451,0.179,0.221,0.44,0.529,0.062,0.057,0.855,0.161,0.177,0.171,0.101,0.126,0.011,0.172,0.356,0.172,"2003",FALSE,0,0,59,FALSE
"185","Marc Jackson","C",0.667,"MIN",0.939,0,0.295,0.148,0.161,0.584,0.002,0.001,1,0.158,0.196,0.437,0.489,0.151,0.153,0.765,0.164,0.138,0.147,0.032,0.098,0.08,0.127,0.369,0.149,"2003",FALSE,0,0,51,FALSE
"186","Mark Jackson","PG",0.881,"UTA",1,0,0.415,0.142,0.17,0.531,0.067,0.107,0.284,0.125,0.155,0.438,0.483,0.081,0.082,0.763,0.065,0.141,0.115,0.322,0.195,0.008,0.328,0.243,0.135,"2003",FALSE,0,0,47,FALSE
"187","Stephen Jackson","SG",0.571,"SAS",0.976,0.707,0.638,0.344,0.376,0.58,0.236,0.335,0.32,0.272,0.294,0.501,0.548,0.184,0.188,0.76,0.126,0.218,0.187,0.157,0.508,0.08,0.379,0.544,0.334,"2003",FALSE,0,0,60,FALSE
"188","Casey Jacobsen","SF",0.5,"PHO",0.878,0,0.325,0.118,0.15,0.497,0.129,0.186,0.315,0.073,0.091,0.432,0.503,0.095,0.108,0.686,0.055,0.054,0.054,0.063,0.142,0.016,0.119,0.243,0.13,"2003",FALSE,0,0,44,FALSE
"190","Mike James","PG",0.643,"MIA",0.951,0.098,0.487,0.211,0.269,0.497,0.167,0.257,0.294,0.157,0.201,0.423,0.478,0.138,0.146,0.732,0.05,0.122,0.097,0.211,0.26,0.013,0.233,0.474,0.214,"2003",FALSE,0,0,25,FALSE
"191","Antawn Jamison","SF",0.619,"GSW",1,1,0.913,0.668,0.677,0.627,0.162,0.236,0.311,0.651,0.712,0.496,0.547,0.496,0.489,0.789,0.373,0.38,0.378,0.134,0.309,0.12,0.381,0.531,0.643,"2003",FALSE,0,0,38,FALSE
"192","Marko Jaric","SF",0.571,"LAC",0.805,0.146,0.39,0.173,0.205,0.535,0.132,0.187,0.319,0.131,0.158,0.45,0.512,0.104,0.108,0.752,0.067,0.124,0.105,0.166,0.394,0.029,0.222,0.337,0.173,"2003",FALSE,0,0,27,FALSE
"193","Chris Jefferies","SF",0.524,"TOR",0.622,0.122,0.189,0.073,0.089,0.516,0.045,0.061,0.333,0.059,0.079,0.407,0.481,0.038,0.044,0.674,0.031,0.043,0.039,0.019,0.077,0.043,0.097,0.151,0.07,"2003",FALSE,0,0,24,FALSE
"194","Richard Jefferson","SF",0.524,"NJN",0.976,0.976,0.815,0.441,0.419,0.668,0.015,0.027,0.25,0.468,0.5,0.507,0.56,0.429,0.449,0.743,0.287,0.361,0.336,0.173,0.325,0.117,0.336,0.582,0.439,"2003",FALSE,0,0,49,FALSE
"195","Jared Jeffries","SF",0.5,"WAS",0.244,0.012,0.083,0.029,0.029,0.635,0.007,0.007,0.5,0.028,0.032,0.474,0.556,0.021,0.03,0.552,0.05,0.032,0.038,0.014,0.033,0.013,0.045,0.075,0.028,"2003",FALSE,0,0,37,FALSE
"196","Anthony Johnson","PG",0.667,"NJN",0.805,0.024,0.238,0.1,0.106,0.595,0.032,0.04,0.371,0.094,0.111,0.459,0.527,0.067,0.076,0.689,0.025,0.065,0.051,0.074,0.15,0.013,0.088,0.251,0.095,"2003",FALSE,0,0,49,FALSE
"197","Avery Johnson","PG",0.881,"DAL",0.585,0,0.122,0.061,0.069,0.56,0,0.002,0,0.066,0.083,0.426,0.467,0.04,0.04,0.769,0.019,0.021,0.02,0.055,0.061,0.003,0.062,0.07,0.055,"2003",FALSE,0,0,60,FALSE
"199","Joe Johnson","SG",0.5,"PHO",1,0.415,0.638,0.306,0.366,0.529,0.187,0.231,0.366,0.251,0.333,0.408,0.493,0.127,0.128,0.774,0.109,0.206,0.173,0.18,0.252,0.051,0.233,0.385,0.284,"2003",FALSE,0,0,44,FALSE
"201","Damon Jones","PG",0.619,"SAC",0.598,0.012,0.201,0.077,0.097,0.508,0.109,0.137,0.364,0.037,0.05,0.404,0.54,0.026,0.028,0.741,0.021,0.059,0.046,0.069,0.073,0.011,0.05,0.113,0.079,"2003",FALSE,0,0,59,FALSE
"202","Eddie Jones","SG",0.738,"MIA",0.573,0.573,0.506,0.281,0.317,0.564,0.244,0.272,0.407,0.201,0.252,0.432,0.549,0.25,0.237,0.822,0.067,0.19,0.148,0.149,0.26,0.082,0.183,0.369,0.307,"2003",FALSE,0,0,25,FALSE
"203","Fred Jones","SG",0.548,"IND",0.232,0.012,0.033,0.009,0.011,0.5,0.005,0.008,0.286,0.007,0.01,0.412,0.463,0.004,0.004,0.75,0.008,0.005,0.006,0.004,0.024,0.003,0.013,0.035,0.008,"2003",FALSE,0,0,48,FALSE
"204","Jumaine Jones","SF",0.548,"CLE",0.976,0.146,0.624,0.298,0.327,0.579,0.276,0.354,0.354,0.205,0.223,0.497,0.569,0.075,0.085,0.687,0.203,0.297,0.265,0.096,0.272,0.059,0.231,0.474,0.277,"2003",FALSE,0,0,17,FALSE
"206","Michael Jordan","SF",0.929,"WAS",1,0.817,0.858,0.657,0.703,0.593,0.04,0.062,0.291,0.69,0.83,0.45,0.5,0.352,0.333,0.821,0.136,0.423,0.325,0.267,0.5,0.104,0.373,0.461,0.579,"2003",FALSE,0,0,37,FALSE
"207","Shawn Kemp","C",0.786,"ORL",0.963,0.671,0.462,0.204,0.232,0.557,0,0.001,0,0.22,0.284,0.419,0.464,0.152,0.159,0.742,0.281,0.302,0.295,0.047,0.268,0.088,0.22,0.644,0.19,"2003",FALSE,0,0,42,FALSE
"208","Steve Kerr","PG",0.881,"SAS",0.915,0,0.269,0.106,0.118,0.573,0.122,0.14,0.395,0.063,0.074,0.462,0.583,0.04,0.035,0.882,0.023,0.048,0.039,0.06,0.11,0.008,0.075,0.132,0.106,"2003",FALSE,0,0,60,FALSE
"209","Jason Kidd","PG",0.69,"NJN",0.976,0.976,0.846,0.498,0.572,0.552,0.313,0.418,0.341,0.405,0.493,0.445,0.517,0.448,0.415,0.841,0.21,0.391,0.329,0.611,0.728,0.066,0.638,0.342,0.528,"2003",FALSE,0,0.026,49,TRUE
"210","Andrei Kirilenko","SF",0.5,"UTA",0.976,0.134,0.626,0.305,0.295,0.655,0.092,0.129,0.325,0.289,0.298,0.527,0.577,0.392,0.381,0.8,0.281,0.271,0.275,0.119,0.48,0.465,0.293,0.499,0.34,"2003",FALSE,0,0,47,FALSE
"211","Kerry Kittles","SG",0.667,"NJN",0.793,0.695,0.552,0.321,0.327,0.623,0.194,0.247,0.356,0.264,0.277,0.516,0.58,0.14,0.139,0.785,0.099,0.199,0.165,0.146,0.411,0.08,0.119,0.296,0.299,"2003",FALSE,0,0,49,FALSE
"212","Brevin Knight","PG",0.643,"MEM",0.671,0.049,0.263,0.094,0.105,0.567,0.005,0.009,0.25,0.099,0.124,0.432,0.478,0.026,0.038,0.541,0.029,0.066,0.053,0.2,0.28,0.005,0.203,0.332,0.076,"2003",FALSE,0,0,28,FALSE
"213","Travis Knight","C",0.667,"NYK",0.39,0,0.081,0.024,0.03,0.513,0,0.001,0,0.026,0.036,0.391,0.428,0.013,0.013,0.769,0.034,0.044,0.041,0.012,0.033,0.024,0.022,0.119,0.021,"2003",FALSE,0,0,37,FALSE
"214","Toni Kukoc","PF",0.81,"MIL",0.768,0,0.482,0.241,0.266,0.576,0.236,0.297,0.361,0.16,0.177,0.49,0.571,0.181,0.2,0.706,0.128,0.198,0.174,0.198,0.329,0.077,0.263,0.361,0.258,"2003",FALSE,0,0,42,FALSE
"215","Christian Laettner","PF",0.786,"WAS",0.927,0.805,0.627,0.247,0.237,0.659,0.005,0.018,0.125,0.263,0.282,0.506,0.551,0.159,0.148,0.833,0.218,0.385,0.328,0.202,0.333,0.106,0.188,0.555,0.223,"2003",FALSE,0,0,37,FALSE
"216","Raef LaFrentz","C",0.619,"DAL",0.841,0.524,0.456,0.257,0.237,0.691,0.117,0.131,0.405,0.228,0.224,0.55,0.626,0.079,0.091,0.682,0.239,0.204,0.216,0.046,0.142,0.242,0.099,0.712,0.226,"2003",FALSE,0,0,60,FALSE
"217","Sean Lampley","SF",0.548,"MIA",0.427,0,0.138,0.054,0.059,0.579,0,0.005,0,0.058,0.071,0.448,0.482,0.075,0.084,0.695,0.05,0.057,0.054,0.027,0.028,0.008,0.054,0.116,0.06,"2003",FALSE,0,0,25,FALSE
"218","Dan Langhi","SF",0.595,"PHO",0.732,0,0.153,0.078,0.093,0.535,0.022,0.035,0.29,0.075,0.096,0.421,0.47,0.016,0.021,0.6,0.036,0.068,0.057,0.018,0.061,0.016,0.034,0.156,0.065,"2003",FALSE,0,0,44,FALSE
"219","Voshon Lenard","SG",0.69,"TOR",0.768,0.293,0.546,0.314,0.372,0.536,0.229,0.284,0.365,0.242,0.314,0.418,0.51,0.206,0.2,0.804,0.092,0.163,0.139,0.124,0.24,0.056,0.222,0.42,0.317,"2003",FALSE,0,0,24,FALSE
"220","Rashard Lewis","SF",0.548,"SEA",0.939,0.939,0.862,0.502,0.529,0.603,0.187,0.245,0.346,0.462,0.526,0.476,0.538,0.374,0.355,0.82,0.291,0.349,0.329,0.114,0.402,0.093,0.308,0.553,0.493,"2003",FALSE,0,0,40,FALSE
"223","Grant Long","PF",0.857,"BOS",0.5,0.012,0.138,0.026,0.032,0.515,0,0.003,0,0.028,0.038,0.403,0.429,0.024,0.024,0.783,0.046,0.059,0.054,0.021,0.037,0.003,0.041,0.167,0.025,"2003",FALSE,0,0,44,FALSE
"224","Tyronn Lue","PG",0.595,"WAS",0.915,0.293,0.562,0.24,0.264,0.577,0.149,0.199,0.341,0.196,0.224,0.474,0.539,0.12,0.107,0.875,0.042,0.126,0.097,0.226,0.191,0.003,0.166,0.407,0.228,"2003",FALSE,0,0,37,FALSE
"225","George Lynch","SG",0.762,"NOH",0.988,0.39,0.424,0.142,0.165,0.545,0.07,0.089,0.354,0.124,0.158,0.425,0.498,0.054,0.076,0.554,0.266,0.213,0.231,0.089,0.268,0.051,0.112,0.367,0.128,"2003",FALSE,0,0,47,FALSE
"227","Tito Maddox","SG",0.5,"HOU",0.11,0,0.01,0.003,0.006,0.333,0,0.003,0,0.003,0.005,0.333,0.278,0.007,0.008,0.625,0.002,0.006,0.005,0.004,0.012,0.003,0.006,0.011,0.004,"2003",FALSE,0,0,43,FALSE
"229","Corey Maggette","SG",0.548,"LAC",0.78,0.695,0.568,0.332,0.356,0.592,0.154,0.2,0.35,0.292,0.336,0.471,0.538,0.43,0.417,0.802,0.147,0.243,0.21,0.106,0.224,0.043,0.317,0.523,0.379,"2003",FALSE,0,0,27,FALSE
"230","Jamaal Magloire","C",0.571,"NOH",1,1,0.691,0.295,0.292,0.64,0,0.003,0,0.317,0.356,0.483,0.533,0.306,0.331,0.717,0.497,0.461,0.473,0.076,0.199,0.295,0.341,0.744,0.297,"2003",FALSE,0,0,47,FALSE
"231","Karl Malone","PF",0.929,"UTA",0.988,0.988,0.831,0.575,0.593,0.616,0.007,0.016,0.214,0.616,0.719,0.464,0.514,0.627,0.639,0.763,0.216,0.511,0.41,0.326,0.553,0.082,0.453,0.55,0.589,"2003",FALSE,0,0,47,FALSE
"232","Matt Maloney","PG",0.738,"ATL",0.171,0,0.029,0.008,0.012,0.427,0.012,0.017,0.333,0.003,0.006,0.3,0.467,0.004,0.005,0.6,0.002,0.006,0.005,0.015,0.016,0,0.011,0.024,0.008,"2003",FALSE,0,0,35,FALSE
"233","Danny Manning","PF",0.857,"DET",0.159,0,0.025,0.013,0.015,0.541,0.007,0.009,0.375,0.01,0.014,0.417,0.503,0.007,0.006,0.833,0.013,0.011,0.012,0.006,0.037,0.008,0.015,0.03,0.012,"2003",FALSE,0,0,50,FALSE
"234","Stephon Marbury","PG",0.595,"PHO",0.988,0.988,0.917,0.649,0.704,0.585,0.221,0.334,0.301,0.606,0.696,0.472,0.52,0.496,0.48,0.803,0.101,0.209,0.172,0.562,0.439,0.053,0.567,0.539,0.638,"2003",FALSE,0,0,44,FALSE
"235","Shawn Marion","SF",0.571,"PHO",0.988,0.988,0.955,0.64,0.675,0.603,0.351,0.411,0.387,0.542,0.622,0.473,0.556,0.332,0.303,0.851,0.38,0.57,0.505,0.17,0.752,0.253,0.338,0.561,0.606,"2003",FALSE,0,0,44,FALSE
"236","Sean Marks","PF",0.643,"MIA",0.28,0,0.063,0.021,0.027,0.497,0,0.001,0,0.023,0.033,0.379,0.414,0.013,0.015,0.667,0.015,0.027,0.023,0.003,0.02,0.016,0.03,0.1,0.019,"2003",FALSE,0,0,25,FALSE
"238","Donyell Marshall","PF",0.69,"CHI",0.951,0.646,0.673,0.407,0.422,0.612,0.082,0.098,0.379,0.404,0.469,0.467,0.53,0.221,0.227,0.756,0.447,0.462,0.457,0.118,0.386,0.226,0.291,0.631,0.368,"2003",FALSE,0,0,30,FALSE
"239","Kenyon Martin","PF",0.595,"NJN",0.939,0.939,0.744,0.492,0.498,0.627,0.022,0.049,0.209,0.52,0.586,0.481,0.528,0.339,0.403,0.653,0.314,0.473,0.418,0.159,0.398,0.186,0.414,0.792,0.453,"2003",FALSE,0,0,49,FALSE
"240","Jamal Mashburn","SF",0.714,"NOH",1,0.988,0.94,0.648,0.73,0.563,0.296,0.345,0.389,0.573,0.722,0.43,0.511,0.414,0.38,0.848,0.126,0.429,0.325,0.397,0.337,0.045,0.496,0.528,0.626,"2003",FALSE,0,0.001,47,TRUE
"241","Anthony Mason","C",0.857,"MIL",0.793,0.707,0.6,0.185,0.181,0.648,0,0.001,0,0.199,0.221,0.487,0.54,0.111,0.12,0.718,0.172,0.324,0.272,0.18,0.13,0.032,0.17,0.396,0.165,"2003",FALSE,0,0,42,FALSE
"243","Roger Mason","SF",0.524,"CHI",0.207,0,0.032,0.011,0.014,0.473,0.015,0.02,0.333,0.005,0.007,0.385,0.502,0.003,0.002,1,0.004,0.01,0.008,0.01,0.016,0,0.011,0.054,0.011,"2003",FALSE,0,0,30,FALSE
"245","Walter McCarty","SF",0.667,"BOS",1,0.098,0.552,0.167,0.192,0.552,0.226,0.28,0.367,0.085,0.096,0.482,0.581,0.081,0.101,0.622,0.122,0.222,0.188,0.091,0.317,0.074,0.144,0.507,0.176,"2003",FALSE,0,0,44,FALSE
"248","Tracy McGrady","SG",0.548,"ORL",0.915,0.902,0.836,0.802,0.834,0.609,0.43,0.506,0.386,0.683,0.77,0.481,0.561,0.762,0.747,0.793,0.231,0.364,0.319,0.353,0.504,0.157,0.42,0.42,0.85,"2003",FALSE,4,0.359,42,TRUE
"249","Jeff McInnis","PG",0.667,"POR",0.915,0.012,0.371,0.182,0.195,0.592,0.015,0.04,0.171,0.189,0.219,0.469,0.502,0.066,0.069,0.746,0.042,0.074,0.063,0.146,0.085,0.005,0.162,0.315,0.153,"2003",FALSE,0,0,50,FALSE
"250","Aaron McKie","SF",0.714,"PHI",0.976,0.488,0.672,0.277,0.306,0.572,0.092,0.126,0.33,0.259,0.312,0.449,0.508,0.148,0.138,0.836,0.117,0.287,0.229,0.239,0.533,0.024,0.235,0.477,0.255,"2003",FALSE,0,0,48,FALSE
"251","Stanislav Medvedenko","PF",0.548,"LAL",0.707,0.122,0.175,0.108,0.119,0.579,0,0.002,0,0.117,0.144,0.438,0.482,0.041,0.044,0.721,0.126,0.074,0.092,0.015,0.045,0.021,0.08,0.318,0.09,"2003",FALSE,0,0,50,FALSE
"252","Ron Mercer","SG",0.619,"IND",0.878,0.037,0.473,0.236,0.275,0.545,0.007,0.018,0.188,0.251,0.328,0.415,0.457,0.086,0.083,0.802,0.061,0.121,0.101,0.096,0.199,0.037,0.116,0.332,0.196,"2003",FALSE,0,0,48,FALSE
"253","Chris Mihm","C",0.548,"CLE",0.634,0,0.229,0.112,0.132,0.539,0,0.003,0,0.121,0.16,0.408,0.449,0.101,0.108,0.724,0.178,0.137,0.151,0.024,0.073,0.101,0.103,0.334,0.109,"2003",FALSE,0,0,17,FALSE
"254","Darius Miles","SF",0.5,"CLE",0.817,0.756,0.568,0.254,0.295,0.547,0,0.016,0,0.274,0.354,0.419,0.456,0.122,0.159,0.594,0.216,0.248,0.237,0.151,0.272,0.184,0.384,0.429,0.218,"2003",FALSE,0,0,17,FALSE
"255","Andre Miller","PG",0.619,"LAC",0.976,0.976,0.825,0.365,0.427,0.541,0.057,0.122,0.213,0.368,0.462,0.432,0.466,0.411,0.402,0.795,0.161,0.23,0.207,0.461,0.402,0.029,0.444,0.547,0.384,"2003",FALSE,0,0,27,FALSE
"256","Brad Miller","C",0.619,"IND",0.89,0.878,0.643,0.318,0.307,0.657,0.012,0.018,0.313,0.337,0.367,0.498,0.552,0.386,0.367,0.818,0.354,0.415,0.394,0.166,0.264,0.114,0.254,0.547,0.337,"2003",FALSE,0,0,48,FALSE
"258","Reggie Miller","SG",0.881,"IND",0.854,0.854,0.599,0.272,0.293,0.588,0.281,0.359,0.355,0.175,0.18,0.527,0.589,0.274,0.237,0.9,0.04,0.15,0.112,0.146,0.252,0.011,0.142,0.24,0.311,"2003",FALSE,0,0,48,FALSE
"259","Chris Mills","PF",0.786,"GSW",0.256,0,0.074,0.038,0.049,0.491,0.017,0.028,0.28,0.033,0.046,0.395,0.446,0.021,0.019,0.889,0.036,0.031,0.033,0.019,0.028,0.008,0.022,0.078,0.036,"2003",FALSE,0,0,38,FALSE
"260","Yao Ming","C",0.524,"HOU",1,0.878,0.674,0.388,0.37,0.664,0.002,0.002,0.5,0.416,0.453,0.498,0.554,0.398,0.382,0.811,0.375,0.476,0.441,0.118,0.126,0.391,0.373,0.62,0.39,"2003",FALSE,0,0,43,FALSE
"261","Cuttino Mobley","SG",0.643,"HOU",0.89,0.89,0.862,0.448,0.491,0.579,0.279,0.359,0.352,0.365,0.422,0.469,0.54,0.32,0.29,0.858,0.134,0.231,0.198,0.179,0.386,0.096,0.358,0.499,0.452,"2003",FALSE,0,0,43,FALSE
"265","Terence Morris","SF",0.571,"HOU",0.598,0,0.179,0.079,0.081,0.621,0.017,0.036,0.219,0.078,0.081,0.521,0.54,0.015,0.014,0.786,0.076,0.087,0.084,0.021,0.033,0.045,0.062,0.094,0.064,"2003",FALSE,0,0,43,FALSE
"266","Troy Murphy","PF",0.524,"GSW",0.963,0.963,0.71,0.327,0.345,0.601,0.007,0.016,0.214,0.349,0.415,0.456,0.503,0.323,0.298,0.841,0.436,0.574,0.527,0.091,0.264,0.08,0.239,0.663,0.326,"2003",FALSE,0,0,38,FALSE
"268","Tracy Murray","SF",0.738,"LAL",0.378,0,0.055,0.022,0.033,0.432,0.02,0.043,0.211,0.016,0.019,0.455,0.422,0.009,0.009,0.778,0.01,0.018,0.015,0.01,0.02,0.008,0.03,0.059,0.022,"2003",FALSE,0,0,50,FALSE
"271","Bostjan Nachbar","SF",0.524,"HOU",0.171,0.012,0.022,0.011,0.014,0.473,0.005,0.011,0.2,0.009,0.012,0.429,0.43,0.007,0.01,0.5,0.006,0.008,0.007,0.003,0.008,0.005,0.013,0.035,0.01,"2003",FALSE,0,0,43,FALSE
"272","Lee Nailon","SF",0.643,"NYK",0.463,0,0.115,0.081,0.087,0.589,0,0.001,0,0.087,0.107,0.444,0.491,0.056,0.052,0.824,0.061,0.038,0.046,0.022,0.024,0.008,0.069,0.124,0.074,"2003",FALSE,0,0,37,FALSE
"273","Eduardo Najera","SF",0.619,"DAL",0.585,0.146,0.312,0.125,0.106,0.744,0,0.001,0,0.134,0.13,0.561,0.62,0.082,0.094,0.681,0.172,0.132,0.146,0.04,0.163,0.059,0.05,0.348,0.113,"2003",FALSE,0,0,60,FALSE
"274","Steve Nash","PG",0.667,"DAL",1,1,0.767,0.501,0.513,0.62,0.276,0.304,0.413,0.424,0.477,0.482,0.572,0.407,0.349,0.909,0.12,0.17,0.153,0.514,0.346,0.016,0.414,0.361,0.514,"2003",FALSE,0,0.001,60,TRUE
"275","Rasho Nesterovic","C",0.619,"MIN",0.939,0.939,0.661,0.387,0.351,0.7,0,0.002,0,0.416,0.429,0.526,0.583,0.081,0.098,0.642,0.279,0.356,0.329,0.098,0.159,0.309,0.213,0.69,0.304,"2003",FALSE,0,0,51,FALSE
"276","Ira Newble","SF",0.667,"ATL",0.89,0.549,0.547,0.223,0.215,0.66,0.08,0.095,0.381,0.207,0.216,0.52,0.588,0.093,0.093,0.778,0.164,0.184,0.177,0.085,0.203,0.069,0.149,0.469,0.199,"2003",FALSE,0,0,35,FALSE
"277","Moochie Norris","PG",0.69,"HOU",1,0.037,0.389,0.13,0.152,0.541,0.027,0.051,0.244,0.128,0.161,0.432,0.47,0.103,0.117,0.684,0.071,0.121,0.104,0.168,0.224,0.011,0.185,0.194,0.126,"2003",FALSE,0,0,43,FALSE
"278","Dirk Nowitzki","PF",0.571,"DAL",0.976,0.976,0.882,0.667,0.685,0.617,0.368,0.44,0.379,0.564,0.62,0.493,0.57,0.639,0.564,0.881,0.155,0.705,0.517,0.205,0.451,0.218,0.328,0.555,0.71,"2003",FALSE,0,0.036,60,TRUE
"279","Jermaine O'Neal","PF",0.571,"IND",0.939,0.927,0.811,0.59,0.58,0.645,0.017,0.024,0.333,0.627,0.699,0.487,0.541,0.493,0.525,0.731,0.386,0.59,0.52,0.133,0.268,0.473,0.388,0.747,0.565,"2003",FALSE,0,0,48,FALSE
"282","Lamar Odom","SF",0.548,"LAC",0.598,0.573,0.475,0.259,0.281,0.585,0.104,0.146,0.326,0.235,0.272,0.469,0.526,0.18,0.18,0.777,0.113,0.265,0.213,0.153,0.171,0.109,0.302,0.488,0.252,"2003",FALSE,0,0,27,FALSE
"283","Mehmet Okur","PF",0.548,"DET",0.878,0.11,0.387,0.174,0.195,0.568,0.095,0.126,0.339,0.148,0.175,0.457,0.522,0.127,0.135,0.733,0.224,0.216,0.219,0.061,0.102,0.104,0.142,0.45,0.174,"2003",FALSE,0,0,50,FALSE
"284","Dean Oliver","PG",0.571,"GSW",0.183,0,0.026,0.007,0.013,0.321,0.002,0.007,0.167,0.006,0.013,0.261,0.288,0.009,0.008,0.875,0.015,0.008,0.01,0.02,0.028,0,0.022,0.024,0.008,"2003",FALSE,0,0,38,FALSE
"288","Bo Outlaw","C",0.738,"PHO",0.976,0.244,0.509,0.148,0.128,0.733,0,0.002,0,0.159,0.156,0.554,0.611,0.095,0.119,0.621,0.256,0.232,0.241,0.096,0.203,0.189,0.164,0.523,0.133,"2003",FALSE,0,0,44,FALSE
"291","Robert Pack","PG",0.786,"NOH",0.341,0.049,0.125,0.05,0.059,0.537,0,0.006,0,0.054,0.07,0.419,0.448,0.054,0.057,0.745,0.021,0.04,0.033,0.07,0.102,0,0.086,0.094,0.051,"2003",FALSE,0,0,47,FALSE
"292","Scott Padgett","PF",0.619,"UTA",1,0.024,0.374,0.164,0.195,0.536,0.112,0.15,0.338,0.13,0.164,0.431,0.506,0.107,0.11,0.757,0.159,0.188,0.178,0.074,0.167,0.064,0.151,0.399,0.165,"2003",FALSE,0,0,47,FALSE
"293","Milt Palacio","PG",0.571,"CLE",0.976,0.561,0.559,0.157,0.179,0.557,0.02,0.042,0.216,0.16,0.198,0.439,0.476,0.086,0.09,0.747,0.092,0.186,0.154,0.223,0.276,0.043,0.282,0.453,0.14,"2003",FALSE,0,0,17,FALSE
"294","Jannero Pargo","PG",0.548,"LAL",0.415,0,0.097,0.036,0.043,0.531,0.017,0.027,0.292,0.031,0.039,0.435,0.483,0.005,0.004,1,0.017,0.028,0.024,0.034,0.053,0.005,0.05,0.121,0.03,"2003",FALSE,0,0,50,FALSE
"295","Smush Parker","PG",0.5,"CLE",0.805,0.22,0.312,0.132,0.156,0.536,0.095,0.133,0.322,0.102,0.124,0.445,0.51,0.13,0.121,0.831,0.055,0.089,0.078,0.139,0.195,0.032,0.287,0.286,0.144,"2003",FALSE,0,0,17,FALSE
"296","Tony Parker","PG",0.476,"SAS",1,1,0.785,0.468,0.48,0.619,0.204,0.274,0.337,0.418,0.451,0.503,0.559,0.29,0.298,0.755,0.063,0.182,0.141,0.371,0.289,0.011,0.427,0.469,0.448,"2003",FALSE,0,0,60,FALSE
"297","Cherokee Parks","PF",0.714,"LAC",0.366,0.22,0.183,0.079,0.075,0.671,0.002,0.002,0.5,0.084,0.091,0.503,0.562,0.03,0.039,0.605,0.088,0.085,0.086,0.018,0.065,0.053,0.039,0.14,0.066,"2003",FALSE,0,0,27,FALSE
"298","Ruben Patterson","SF",0.643,"POR",0.951,0.207,0.468,0.246,0.237,0.656,0.007,0.023,0.15,0.261,0.28,0.506,0.55,0.183,0.226,0.627,0.229,0.143,0.173,0.087,0.297,0.077,0.252,0.434,0.229,"2003",FALSE,0,0,50,FALSE
"300","Anthony Peeler","SG",0.786,"MIN",1,0.476,0.635,0.244,0.28,0.552,0.216,0.239,0.41,0.172,0.224,0.416,0.539,0.052,0.051,0.78,0.076,0.2,0.158,0.21,0.293,0.035,0.177,0.434,0.222,"2003",FALSE,0,0,51,FALSE
"301","Wesley Person","SG",0.738,"MEM",0.805,0.537,0.549,0.265,0.277,0.608,0.249,0.261,0.433,0.181,0.209,0.47,0.599,0.104,0.1,0.814,0.046,0.167,0.125,0.096,0.171,0.051,0.121,0.173,0.257,"2003",FALSE,0,0,28,FALSE
"302","Morris Peterson","SF",0.595,"TOR",1,0.976,0.835,0.407,0.494,0.523,0.289,0.388,0.337,0.317,0.411,0.418,0.496,0.258,0.254,0.789,0.185,0.264,0.237,0.162,0.358,0.085,0.276,0.625,0.407,"2003",FALSE,0,0,24,FALSE
"303","Eric Piatkowski","SG",0.762,"LAC",0.756,0.317,0.385,0.203,0.205,0.628,0.199,0.227,0.398,0.135,0.138,0.531,0.623,0.134,0.126,0.828,0.084,0.111,0.102,0.06,0.134,0.024,0.121,0.248,0.212,"2003",FALSE,0,0,27,FALSE
"304","Paul Pierce","SG",0.595,"BOS",0.963,0.963,0.876,0.641,0.733,0.555,0.294,0.441,0.302,0.567,0.677,0.454,0.504,0.799,0.775,0.802,0.203,0.469,0.378,0.3,0.565,0.165,0.621,0.612,0.723,"2003",FALSE,0,0.001,44,TRUE
"305","Scottie Pippen","SF",0.881,"POR",0.78,0.707,0.541,0.256,0.275,0.592,0.095,0.15,0.286,0.236,0.262,0.489,0.529,0.16,0.152,0.818,0.109,0.219,0.182,0.245,0.427,0.066,0.353,0.402,0.243,"2003",FALSE,0,0,50,FALSE
"308","Lavor Postell","SG",0.571,"NYK",0.146,0,0.028,0.014,0.017,0.491,0.005,0.008,0.286,0.012,0.017,0.387,0.439,0.017,0.015,0.867,0.002,0.003,0.003,0.003,0.008,0,0.015,0.024,0.015,"2003",FALSE,0,0,37,FALSE
"310","Tayshaun Prince","SF",0.524,"DET",0.512,0.061,0.123,0.051,0.054,0.599,0.05,0.053,0.426,0.034,0.04,0.465,0.593,0.015,0.017,0.647,0.01,0.04,0.029,0.021,0.041,0.037,0.045,0.067,0.048,"2003",FALSE,0,0,50,FALSE
"312","Vladimir Radmanovic","PF",0.524,"SEA",0.878,0.195,0.541,0.265,0.307,0.547,0.259,0.331,0.355,0.177,0.212,0.453,0.542,0.095,0.105,0.706,0.145,0.245,0.211,0.083,0.26,0.059,0.216,0.367,0.256,"2003",FALSE,0,0,40,FALSE
"313","Igor Rakocevic","PG",0.571,"MIN",0.512,0,0.069,0.021,0.027,0.505,0.012,0.014,0.417,0.018,0.026,0.37,0.469,0.038,0.037,0.806,0.008,0.013,0.011,0.028,0.016,0,0.05,0.067,0.028,"2003",FALSE,0,0,51,FALSE
"314","Zach Randolph","PF",0.5,"POR",0.939,0.134,0.368,0.255,0.237,0.684,0,0.006,0,0.275,0.288,0.518,0.57,0.161,0.166,0.758,0.266,0.203,0.224,0.035,0.171,0.037,0.134,0.38,0.23,"2003",FALSE,0,0,50,FALSE
"317","Michael Redd","SG",0.548,"MIL",1,0.171,0.656,0.44,0.447,0.625,0.453,0.47,0.438,0.284,0.313,0.492,0.624,0.197,0.19,0.805,0.187,0.271,0.242,0.101,0.407,0.035,0.159,0.385,0.438,"2003",FALSE,0,0,42,FALSE
"319","Efthimi Rentzias","C",0.643,"PHI",0.427,0,0.041,0.019,0.027,0.452,0.01,0.009,0.5,0.017,0.029,0.314,0.414,0.011,0.009,0.889,0.019,0.016,0.017,0.006,0.024,0.005,0.009,0.057,0.018,"2003",FALSE,0,0,48,FALSE
"320","Glen Rice","SF",0.833,"HOU",0.756,0.317,0.434,0.19,0.21,0.572,0.251,0.287,0.398,0.099,0.114,0.468,0.599,0.083,0.085,0.759,0.054,0.125,0.101,0.056,0.093,0.013,0.119,0.267,0.196,"2003",FALSE,0,0,43,FALSE
"321","Jason Richardson","SG",0.524,"GSW",1,1,0.764,0.46,0.534,0.547,0.306,0.377,0.368,0.367,0.466,0.427,0.514,0.274,0.279,0.764,0.212,0.265,0.247,0.212,0.366,0.061,0.386,0.542,0.453,"2003",FALSE,0,0,38,FALSE
"322","Quentin Richardson","SG",0.524,"LAC",0.72,0.159,0.387,0.196,0.251,0.496,0.152,0.223,0.308,0.148,0.196,0.408,0.476,0.112,0.128,0.685,0.187,0.182,0.184,0.045,0.142,0.027,0.138,0.248,0.195,"2003",FALSE,0,0,27,FALSE
"324","Clifford Robinson","PF",0.857,"DET",0.988,0.841,0.8,0.36,0.43,0.531,0.216,0.292,0.336,0.297,0.381,0.422,0.493,0.213,0.245,0.676,0.155,0.235,0.208,0.23,0.354,0.234,0.341,0.698,0.35,"2003",FALSE,0,0,50,FALSE
"326","Eddie Robinson","SF",0.619,"CHI",0.78,0.22,0.384,0.15,0.145,0.656,0.007,0.016,0.214,0.158,0.17,0.505,0.552,0.067,0.065,0.81,0.145,0.123,0.131,0.057,0.252,0.035,0.112,0.323,0.129,"2003",FALSE,0,0,30,FALSE
"327","Glenn Robinson","SF",0.714,"ATL",0.841,0.829,0.733,0.521,0.574,0.576,0.224,0.297,0.342,0.467,0.556,0.456,0.52,0.354,0.315,0.876,0.164,0.368,0.299,0.176,0.37,0.069,0.534,0.493,0.507,"2003",FALSE,0,0,35,FALSE
"328","Rodney Rogers","PF",0.738,"NJN",0.829,0,0.369,0.177,0.209,0.536,0.109,0.149,0.333,0.145,0.182,0.43,0.501,0.09,0.093,0.756,0.117,0.201,0.172,0.092,0.203,0.082,0.196,0.518,0.169,"2003",FALSE,0,0,49,FALSE
"329","Sean Rooks","C",0.786,"LAC",0.854,0.463,0.38,0.121,0.137,0.561,0,0.001,0,0.13,0.167,0.422,0.468,0.062,0.06,0.81,0.101,0.162,0.141,0.059,0.138,0.117,0.142,0.469,0.105,"2003",FALSE,0,0,27,FALSE
"330","Jalen Rose","SF",0.714,"CHI",1,1,0.948,0.621,0.728,0.541,0.331,0.405,0.37,0.53,0.69,0.416,0.498,0.528,0.48,0.854,0.13,0.281,0.229,0.339,0.293,0.061,0.614,0.73,0.641,"2003",FALSE,0,0,30,FALSE
"331","Malik Rose","PF",0.667,"SAS",0.963,0.159,0.547,0.279,0.29,0.612,0.005,0.006,0.4,0.299,0.353,0.459,0.511,0.32,0.315,0.791,0.283,0.356,0.331,0.107,0.232,0.106,0.366,0.555,0.29,"2003",FALSE,0,0,60,FALSE
"333","Kareem Rush","PG",0.524,"LAL",0.927,0,0.247,0.093,0.112,0.524,0.047,0.077,0.279,0.08,0.099,0.438,0.48,0.021,0.024,0.696,0.05,0.068,0.061,0.058,0.041,0.029,0.136,0.191,0.08,"2003",FALSE,0,0,50,FALSE
"334","Bryon Russell","SF",0.762,"WAS",0.854,0.28,0.393,0.104,0.141,0.471,0.114,0.158,0.329,0.065,0.094,0.373,0.476,0.07,0.071,0.768,0.082,0.164,0.136,0.062,0.285,0.019,0.119,0.35,0.111,"2003",FALSE,0,0,37,FALSE
"335","Arvydas Sabonis","C",0.905,"POR",0.951,0.012,0.342,0.166,0.166,0.635,0.007,0.007,0.5,0.176,0.2,0.476,0.534,0.171,0.169,0.787,0.168,0.245,0.219,0.122,0.248,0.13,0.162,0.38,0.168,"2003",FALSE,0,0,50,FALSE
"336","John Salmons","PG",0.548,"PHI",0.78,0.012,0.143,0.046,0.053,0.552,0.025,0.035,0.323,0.04,0.048,0.447,0.508,0.034,0.036,0.743,0.031,0.043,0.039,0.04,0.069,0.016,0.062,0.143,0.047,"2003",FALSE,0,0,48,FALSE
"340","Jeryl Sasser","SG",0.548,"ORL",0.915,0.049,0.29,0.062,0.095,0.412,0.032,0.05,0.295,0.053,0.092,0.313,0.379,0.07,0.08,0.679,0.122,0.119,0.12,0.056,0.183,0.032,0.084,0.245,0.069,"2003",FALSE,0,0,42,FALSE
"342","Predrag Savovic","SG",0.619,"DEN",0.329,0,0.072,0.028,0.043,0.416,0.01,0.029,0.154,0.026,0.038,0.373,0.37,0.028,0.03,0.724,0.017,0.016,0.016,0.019,0.057,0.003,0.045,0.089,0.029,"2003",FALSE,0,0,17,FALSE
"343","Brian Scalabrine","PF",0.571,"NJN",0.72,0.085,0.205,0.066,0.078,0.536,0.035,0.044,0.359,0.056,0.073,0.415,0.493,0.04,0.037,0.833,0.076,0.1,0.092,0.04,0.065,0.048,0.099,0.208,0.064,"2003",FALSE,0,0,49,FALSE
"345","Brian Shaw","PG",0.857,"LAL",0.878,0,0.255,0.098,0.12,0.516,0.095,0.123,0.349,0.066,0.086,0.414,0.511,0.013,0.015,0.667,0.038,0.098,0.078,0.088,0.13,0.035,0.116,0.167,0.088,"2003",FALSE,0,0,50,FALSE
"347","Bobby Simmons","SG",0.524,"WAS",0.439,0.024,0.107,0.043,0.052,0.524,0,0.006,0,0.046,0.06,0.411,0.437,0.042,0.036,0.914,0.063,0.044,0.05,0.017,0.041,0.008,0.017,0.137,0.042,"2003",FALSE,0,0,37,FALSE
"350","Tamar Slay","SG",0.524,"NJN",0.439,0,0.078,0.038,0.047,0.505,0.017,0.028,0.28,0.033,0.044,0.41,0.459,0.009,0.01,0.7,0.015,0.023,0.02,0.012,0.057,0.008,0.043,0.084,0.032,"2003",FALSE,0,0,49,FALSE
"351","Charles Smith","SG",0.643,"POR",0.037,0,0.004,0.001,0.002,0.333,0,0.001,0,0.001,0.002,0.333,0.278,0.004,0.004,0.75,0,0,0,0.001,0.004,0,0.002,0.008,0.002,"2003",FALSE,0,0,50,FALSE
"352","Joe Smith","SF",0.643,"MIN",0.659,0.256,0.316,0.146,0.151,0.613,0,0.002,0,0.157,0.184,0.463,0.511,0.135,0.135,0.779,0.212,0.158,0.176,0.033,0.057,0.146,0.093,0.461,0.143,"2003",FALSE,0,0,51,FALSE
"353","Steve Smith","SG",0.786,"SAS",0.646,0.22,0.292,0.109,0.134,0.517,0.097,0.133,0.331,0.077,0.098,0.428,0.506,0.126,0.117,0.833,0.04,0.077,0.065,0.06,0.114,0.024,0.093,0.213,0.127,"2003",FALSE,0,0,60,FALSE
"354","Eric Snow","PG",0.69,"PHI",1,1,0.88,0.349,0.368,0.603,0.017,0.036,0.219,0.368,0.433,0.462,0.507,0.43,0.39,0.858,0.136,0.228,0.197,0.467,0.541,0.029,0.418,0.633,0.372,"2003",FALSE,0,0,48,FALSE
"355","Latrell Sprewell","SF",0.762,"NYK",0.902,0.89,0.809,0.439,0.519,0.537,0.333,0.406,0.372,0.333,0.433,0.417,0.513,0.229,0.224,0.794,0.086,0.238,0.186,0.285,0.415,0.059,0.371,0.361,0.429,"2003",FALSE,0,0,37,FALSE
"356","Jerry Stackhouse","SG",0.667,"WAS",0.854,0.854,0.778,0.475,0.553,0.545,0.177,0.277,0.29,0.437,0.539,0.439,0.487,0.602,0.533,0.878,0.117,0.196,0.169,0.271,0.264,0.074,0.416,0.35,0.532,"2003",FALSE,0,0,37,FALSE
"358","DeShawn Stevenson","SG",0.5,"UTA",0.744,0.098,0.215,0.11,0.131,0.535,0.01,0.014,0.333,0.114,0.153,0.404,0.453,0.062,0.07,0.691,0.042,0.063,0.056,0.034,0.089,0.021,0.106,0.154,0.099,"2003",FALSE,0,0,47,FALSE
"360","John Stockton","PG",0.952,"UTA",1,1,0.644,0.299,0.295,0.644,0.072,0.09,0.363,0.291,0.316,0.5,0.561,0.313,0.295,0.826,0.098,0.149,0.131,0.54,0.557,0.043,0.392,0.496,0.312,"2003",FALSE,0,0,47,FALSE
"361","Peja Stojakovic","SF",0.595,"SAC",0.878,0.878,0.693,0.481,0.476,0.641,0.386,0.458,0.382,0.356,0.354,0.545,0.618,0.306,0.272,0.875,0.117,0.334,0.259,0.121,0.293,0.013,0.218,0.385,0.487,"2003",FALSE,0,0,59,FALSE
"362","Damon Stoudamire","PG",0.69,"POR",0.72,0.329,0.372,0.151,0.191,0.501,0.109,0.129,0.386,0.117,0.17,0.372,0.477,0.07,0.069,0.791,0.076,0.114,0.101,0.175,0.159,0.016,0.177,0.181,0.144,"2003",FALSE,0,0,50,FALSE
"363","Amar'e Stoudemire","PF",0.476,"PHO",1,0.866,0.727,0.379,0.382,0.629,0.005,0.011,0.2,0.406,0.462,0.476,0.526,0.423,0.498,0.661,0.478,0.468,0.471,0.067,0.252,0.231,0.407,0.725,0.391,"2003",FALSE,0,0,44,FALSE
"364","Erick Strickland","SG",0.69,"IND",0.866,0.122,0.361,0.158,0.175,0.572,0.154,0.181,0.388,0.105,0.124,0.459,0.568,0.093,0.09,0.805,0.044,0.121,0.095,0.18,0.154,0.019,0.211,0.299,0.162,"2003",FALSE,0,0,48,FALSE
"366","Rod Strickland","PG",0.857,"MIN",0.573,0.098,0.271,0.116,0.128,0.576,0.002,0.012,0.091,0.124,0.151,0.446,0.481,0.104,0.11,0.738,0.038,0.074,0.062,0.185,0.187,0.016,0.164,0.148,0.113,"2003",FALSE,0,0,51,FALSE
"367","Bruno Sundov","C",0.524,"BOS",0.317,0,0.039,0.014,0.026,0.333,0.01,0.018,0.25,0.01,0.023,0.25,0.318,0,0.002,0,0.015,0.02,0.018,0.006,0.024,0.008,0.019,0.065,0.011,"2003",FALSE,0,0,44,FALSE
"368","Bob Sura","SG",0.69,"GSW",0.671,0,0.32,0.131,0.151,0.549,0.07,0.096,0.329,0.111,0.137,0.44,0.504,0.136,0.152,0.696,0.111,0.108,0.109,0.152,0.183,0.005,0.177,0.291,0.142,"2003",FALSE,0,0,38,FALSE
"369","Stromile Swift","PF",0.548,"MEM",0.817,0.317,0.418,0.227,0.225,0.641,0,0.002,0,0.245,0.275,0.483,0.534,0.234,0.252,0.722,0.218,0.268,0.251,0.039,0.224,0.277,0.213,0.41,0.228,"2003",FALSE,0,0,28,FALSE
"370","Wally Szczerbiak","SF",0.595,"MIN",0.634,0.512,0.52,0.339,0.335,0.641,0.152,0.164,0.421,0.302,0.329,0.497,0.581,0.198,0.178,0.867,0.101,0.187,0.158,0.117,0.179,0.059,0.188,0.332,0.322,"2003",FALSE,0,0,51,FALSE
"371","Maurice Taylor","PF",0.619,"HOU",0.817,0.11,0.39,0.223,0.246,0.576,0,0.002,0,0.24,0.301,0.433,0.48,0.132,0.142,0.725,0.182,0.142,0.156,0.057,0.089,0.059,0.216,0.407,0.198,"2003",FALSE,0,0,43,FALSE
"372","Jason Terry","PG",0.595,"ATL",0.988,0.988,0.872,0.472,0.525,0.571,0.398,0.486,0.371,0.341,0.4,0.462,0.553,0.343,0.3,0.887,0.071,0.24,0.182,0.515,0.512,0.037,0.537,0.472,0.493,"2003",FALSE,0,0,35,FALSE
"375","Kurt Thomas","C",0.714,"NYK",0.988,0.988,0.729,0.481,0.473,0.644,0.005,0.003,0.667,0.515,0.578,0.483,0.538,0.183,0.189,0.75,0.306,0.474,0.416,0.139,0.329,0.258,0.297,0.927,0.4,"2003",FALSE,0,0,37,FALSE
"376","Tim Thomas","SF",0.595,"MIL",0.976,0.854,0.667,0.398,0.428,0.591,0.241,0.299,0.366,0.328,0.375,0.474,0.55,0.192,0.191,0.78,0.185,0.29,0.254,0.088,0.285,0.13,0.287,0.693,0.376,"2003",FALSE,0,0,42,FALSE
"377","Jamaal Tinsley","PG",0.571,"IND",0.89,0.841,0.633,0.213,0.256,0.528,0.114,0.187,0.277,0.181,0.22,0.446,0.486,0.106,0.115,0.714,0.111,0.201,0.17,0.471,0.508,0.048,0.414,0.542,0.2,"2003",FALSE,0,0,48,FALSE
"378","Oscar Torres","SG",0.619,"GSW",0.207,0,0.031,0.015,0.017,0.592,0.017,0.015,0.538,0.009,0.013,0.391,0.602,0.019,0.021,0.7,0.006,0.009,0.008,0.003,0.016,0.005,0.017,0.024,0.019,"2003",FALSE,0,0,38,FALSE
"379","Robert Traylor","C",0.595,"NOH",0.841,0,0.241,0.102,0.109,0.591,0.002,0.003,0.333,0.108,0.132,0.444,0.494,0.075,0.091,0.648,0.207,0.153,0.171,0.043,0.183,0.098,0.114,0.412,0.095,"2003",FALSE,0,0,47,FALSE
"380","Gary Trent","SF",0.667,"MIN",0.976,0.268,0.346,0.201,0.179,0.713,0,0.002,0,0.216,0.218,0.537,0.594,0.079,0.104,0.594,0.203,0.184,0.19,0.066,0.13,0.061,0.127,0.383,0.168,"2003",FALSE,0,0,51,FALSE
"381","Jeff Trepagnier","SG",0.548,"DEN",0.098,0,0.027,0.016,0.018,0.567,0.01,0.009,0.5,0.014,0.018,0.406,0.528,0.009,0.007,1,0.015,0.008,0.01,0.005,0.033,0,0.017,0.013,0.016,"2003",FALSE,0,0,17,FALSE
"384","Nikoloz Tskitishvili","SF",0.452,"DEN",0.988,0.195,0.374,0.111,0.181,0.391,0.092,0.172,0.243,0.081,0.136,0.324,0.378,0.063,0.067,0.738,0.122,0.116,0.118,0.078,0.126,0.077,0.181,0.367,0.111,"2003",FALSE,0,0,17,FALSE
"385","Hedo Turkoglu","SF",0.548,"SAC",0.817,0.134,0.333,0.16,0.18,0.563,0.072,0.088,0.372,0.142,0.177,0.435,0.51,0.116,0.113,0.8,0.067,0.152,0.123,0.075,0.102,0.032,0.108,0.337,0.158,"2003",FALSE,0,0,59,FALSE
"386","Nick Van Exel","SG",0.738,"DAL",0.89,0.012,0.573,0.331,0.382,0.549,0.294,0.352,0.378,0.233,0.293,0.432,0.537,0.146,0.148,0.764,0.067,0.172,0.136,0.268,0.171,0.011,0.265,0.232,0.322,"2003",FALSE,0,0,60,FALSE
"387","Keith Van Horn","PF",0.643,"PHI",0.902,0.89,0.661,0.444,0.438,0.643,0.162,0.199,0.369,0.41,0.438,0.508,0.573,0.255,0.247,0.804,0.304,0.362,0.342,0.08,0.256,0.08,0.323,0.677,0.415,"2003",FALSE,0,0,48,FALSE
"388","Jacque Vaughn","PG",0.643,"ORL",0.976,0.585,0.477,0.178,0.189,0.597,0.02,0.038,0.235,0.183,0.213,0.467,0.508,0.128,0.129,0.776,0.05,0.091,0.077,0.199,0.26,0.005,0.209,0.456,0.167,"2003",FALSE,0,0,42,FALSE
"390","Dajuan Wagner","SG",0.452,"CLE",0.573,0.293,0.392,0.216,0.278,0.492,0.137,0.196,0.316,0.175,0.243,0.39,0.46,0.169,0.165,0.8,0.038,0.062,0.054,0.112,0.154,0.019,0.183,0.288,0.222,"2003",FALSE,0,0,17,FALSE
"391","Antoine Walker","PF",0.619,"BOS",0.951,0.951,0.916,0.583,0.715,0.517,0.468,0.657,0.323,0.432,0.548,0.427,0.499,0.233,0.294,0.615,0.189,0.461,0.368,0.32,0.472,0.082,0.56,0.596,0.554,"2003",FALSE,0,0,44,FALSE
"392","Samaki Walker","C",0.619,"LAL",0.817,0.476,0.352,0.111,0.126,0.56,0,0.001,0,0.12,0.154,0.421,0.467,0.087,0.104,0.653,0.22,0.251,0.241,0.055,0.081,0.146,0.121,0.385,0.105,"2003",FALSE,0,0,50,FALSE
"393","Ben Wallace","C",0.667,"DET",0.89,0.89,0.813,0.203,0.201,0.641,0.002,0.007,0.167,0.217,0.243,0.485,0.536,0.112,0.194,0.45,0.56,0.827,0.736,0.103,0.423,0.612,0.19,0.482,0.179,"2003",FALSE,1,0.028,50,TRUE
"394","Gerald Wallace","SF",0.476,"SAC",0.573,0.085,0.162,0.087,0.084,0.656,0.002,0.005,0.25,0.093,0.101,0.497,0.55,0.052,0.076,0.527,0.073,0.089,0.084,0.02,0.098,0.04,0.095,0.183,0.078,"2003",FALSE,0,0,59,FALSE
"395","Rasheed Wallace","PF",0.667,"POR",0.902,0.902,0.76,0.498,0.503,0.628,0.274,0.347,0.358,0.421,0.444,0.515,0.579,0.265,0.28,0.735,0.216,0.432,0.358,0.131,0.285,0.205,0.302,0.601,0.473,"2003",FALSE,0,0,50,FALSE
"396","Charlie Ward","PG",0.762,"NYK",0.805,0.073,0.415,0.16,0.191,0.532,0.251,0.301,0.378,0.067,0.083,0.435,0.579,0.054,0.055,0.774,0.048,0.151,0.116,0.263,0.317,0.029,0.205,0.394,0.167,"2003",FALSE,0,0,37,FALSE
"397","Earl Watson","PG",0.548,"MEM",0.963,0.024,0.387,0.164,0.18,0.58,0.077,0.103,0.341,0.145,0.169,0.463,0.527,0.082,0.088,0.721,0.088,0.117,0.107,0.193,0.362,0.037,0.19,0.372,0.153,"2003",FALSE,0,0,28,FALSE
"399","Chris Webber","PF",0.69,"SAC",0.817,0.817,0.742,0.639,0.659,0.615,0.012,0.024,0.238,0.683,0.796,0.465,0.514,0.284,0.364,0.607,0.306,0.54,0.46,0.313,0.431,0.234,0.463,0.55,0.544,"2003",FALSE,0,0.016,59,TRUE
"400","Bonzi Wells","SG",0.619,"POR",0.915,0.793,0.678,0.423,0.456,0.588,0.095,0.147,0.292,0.415,0.485,0.464,0.512,0.299,0.322,0.722,0.187,0.294,0.258,0.211,0.5,0.048,0.463,0.593,0.402,"2003",FALSE,0,0,50,FALSE
"401","Jiri Welsch","SF",0.548,"GSW",0.451,0,0.066,0.018,0.035,0.337,0.002,0.005,0.25,0.019,0.04,0.254,0.289,0.029,0.03,0.759,0.023,0.016,0.018,0.023,0.033,0.005,0.041,0.086,0.022,"2003",FALSE,0,0,38,FALSE
"402","David Wesley","SG",0.762,"NOH",0.89,0.89,0.767,0.434,0.477,0.577,0.333,0.357,0.424,0.328,0.407,0.437,0.553,0.245,0.244,0.781,0.073,0.136,0.114,0.216,0.443,0.024,0.284,0.466,0.43,"2003",FALSE,0,0,47,FALSE
"404","Rodney White","SG",0.524,"DEN",0.878,0.232,0.442,0.251,0.294,0.544,0.08,0.151,0.239,0.237,0.284,0.452,0.481,0.13,0.129,0.784,0.082,0.169,0.139,0.104,0.183,0.085,0.336,0.361,0.23,"2003",FALSE,0,0,17,FALSE
"408","Aaron Williams","C",0.738,"NJN",0.988,0,0.452,0.192,0.202,0.604,0,0.001,0,0.207,0.247,0.454,0.503,0.135,0.134,0.785,0.262,0.193,0.216,0.076,0.11,0.152,0.183,0.555,0.177,"2003",FALSE,0,0,49,FALSE
"409","Alvin Williams","PG",0.667,"TOR",0.951,0.951,0.747,0.383,0.416,0.584,0.119,0.165,0.329,0.362,0.428,0.458,0.516,0.247,0.246,0.782,0.105,0.189,0.16,0.357,0.451,0.056,0.276,0.458,0.363,"2003",FALSE,0,0,24,FALSE
"411","Eric Williams","SF",0.714,"BOS",1,0.963,0.665,0.246,0.265,0.589,0.092,0.124,0.336,0.226,0.262,0.467,0.527,0.266,0.276,0.75,0.273,0.237,0.25,0.12,0.35,0.051,0.209,0.631,0.263,"2003",FALSE,0,0,44,FALSE
"412","Frank Williams","PG",0.524,"NYK",0.256,0,0.047,0.009,0.015,0.364,0.015,0.018,0.375,0.003,0.01,0.176,0.404,0.005,0.006,0.667,0.006,0.015,0.012,0.029,0.028,0.005,0.037,0.054,0.01,"2003",FALSE,0,0,37,FALSE
"413","Jason Williams","PG",0.643,"MEM",0.927,0.927,0.681,0.322,0.395,0.517,0.356,0.456,0.354,0.198,0.257,0.418,0.523,0.146,0.135,0.84,0.048,0.186,0.139,0.542,0.37,0.027,0.362,0.35,0.325,"2003",FALSE,0,0,28,FALSE
"414","Jay Williams","PG",0.5,"CHI",0.915,0.659,0.555,0.264,0.315,0.532,0.162,0.228,0.322,0.216,0.272,0.431,0.496,0.136,0.166,0.64,0.052,0.167,0.127,0.301,0.35,0.045,0.369,0.482,0.252,"2003",FALSE,0,0,30,FALSE
"415","Jerome Williams","PF",0.69,"TOR",0.866,0.768,0.664,0.258,0.246,0.665,0.002,0.007,0.167,0.277,0.298,0.503,0.556,0.206,0.289,0.555,0.442,0.416,0.425,0.082,0.472,0.069,0.211,0.531,0.244,"2003",FALSE,0,0,24,FALSE
"416","Monty Williams","SF",0.738,"PHI",0.256,0.024,0.078,0.033,0.037,0.567,0,0.002,0,0.035,0.044,0.436,0.472,0.032,0.033,0.75,0.023,0.033,0.029,0.022,0.049,0.013,0.037,0.089,0.032,"2003",FALSE,0,0,48,FALSE
"417","Scott Williams","C",0.81,"PHO",0.841,0.402,0.247,0.116,0.134,0.548,0,0.002,0,0.125,0.164,0.414,0.457,0.044,0.043,0.786,0.138,0.12,0.126,0.019,0.11,0.056,0.069,0.429,0.096,"2003",FALSE,0,0,44,FALSE
"419","Walt Williams","SF",0.762,"DAL",0.805,0.012,0.329,0.13,0.157,0.524,0.159,0.193,0.374,0.073,0.096,0.412,0.541,0.041,0.051,0.62,0.101,0.153,0.135,0.051,0.171,0.069,0.075,0.38,0.128,"2003",FALSE,0,0,60,FALSE
"420","Corliss Williamson","SF",0.69,"DET",1,0.012,0.583,0.362,0.38,0.604,0.005,0.012,0.182,0.387,0.46,0.456,0.504,0.313,0.309,0.79,0.281,0.21,0.234,0.089,0.179,0.072,0.272,0.642,0.349,"2003",FALSE,0,0,50,FALSE
"421","Kevin Willis","C",0.952,"SAS",0.866,0.073,0.238,0.119,0.118,0.639,0,0.002,0,0.128,0.144,0.482,0.532,0.067,0.085,0.614,0.159,0.142,0.148,0.021,0.081,0.053,0.129,0.323,0.105,"2003",FALSE,0,0,60,FALSE
"422","Ruben Wolkowyski","PF",0.69,"BOS",0.085,0,0.007,0.002,0.002,0.667,0,0.001,0,0.002,0.002,0.667,0.556,0.001,0.004,0.25,0,0.001,0.001,0.001,0,0,0.002,0.008,0.002,"2003",FALSE,0,0,44,FALSE
"423","Loren Woods","C",0.571,"MIN",0.463,0.134,0.1,0.028,0.035,0.509,0.002,0.003,0.333,0.029,0.041,0.384,0.431,0.028,0.028,0.778,0.052,0.068,0.062,0.016,0.041,0.035,0.05,0.1,0.028,"2003",FALSE,0,0,51,FALSE
"424","Qyntel Woods","PF",0.5,"POR",0.646,0,0.095,0.057,0.054,0.667,0.007,0.01,0.333,0.058,0.061,0.514,0.57,0.009,0.021,0.35,0.029,0.038,0.035,0.01,0.061,0.003,0.05,0.097,0.045,"2003",FALSE,0,0,50,FALSE
"425","Metta World Peace","SF",0.548,"IND",0.841,0.817,0.656,0.35,0.389,0.571,0.177,0.238,0.336,0.303,0.358,0.458,0.522,0.361,0.382,0.736,0.193,0.259,0.237,0.17,0.646,0.133,0.312,0.652,0.377,"2003",FALSE,0,0,48,FALSE
"426","Lorenzen Wright","C",0.643,"MEM",0.854,0.598,0.561,0.314,0.329,0.605,0,0.006,0,0.338,0.401,0.457,0.504,0.194,0.229,0.659,0.325,0.356,0.345,0.069,0.207,0.144,0.237,0.563,0.281,"2003",FALSE,0,0,28,FALSE
"427","Vincent Yarbrough","SG",0.5,"DEN",0.72,0.476,0.391,0.162,0.197,0.524,0.052,0.088,0.269,0.153,0.197,0.42,0.463,0.065,0.064,0.79,0.069,0.125,0.106,0.112,0.232,0.088,0.175,0.391,0.143,"2003",FALSE,0,0,17,FALSE
"428","Wang Zhizhi","C",0.595,"LAC",0.5,0.012,0.117,0.06,0.075,0.511,0.04,0.053,0.34,0.048,0.065,0.4,0.48,0.056,0.06,0.724,0.05,0.051,0.05,0.009,0.033,0.027,0.067,0.111,0.064,"2003",FALSE,0,0,27,FALSE
"  3","Ray Allen","SG",0.667,"SEA",0.683,0.683,0.609,0.432,0.468,0.587,0.368,0.427,0.392,0.311,0.36,0.468,0.569,0.324,0.279,0.904,0.132,0.215,0.187,0.23,0.289,0.029,0.336,0.356,0.454,"2004",FALSE,0,0,37,FALSE
"  4","Rafer Alston","PG",0.643,"MIA",1,0.341,0.731,0.278,0.352,0.501,0.4,0.49,0.371,0.131,0.186,0.382,0.534,0.136,0.138,0.769,0.05,0.199,0.148,0.32,0.463,0.048,0.276,0.571,0.296,"2004",FALSE,0,0,42,FALSE
"  5","Chris Andersen","PF",0.595,"DEN",0.866,0,0.291,0.087,0.093,0.591,0,0.001,0,0.094,0.114,0.446,0.492,0.083,0.11,0.589,0.17,0.208,0.195,0.03,0.138,0.303,0.103,0.321,0.086,"2004",FALSE,0,0,43,FALSE
"  6","Derek Anderson","SG",0.69,"POR",0.622,0.561,0.512,0.222,0.282,0.501,0.197,0.292,0.305,0.157,0.199,0.428,0.489,0.205,0.193,0.824,0.05,0.155,0.119,0.196,0.268,0.008,0.194,0.213,0.245,"2004",FALSE,0,0,41,FALSE
"  7","Kenny Anderson","PG",0.786,"IND",0.537,0.378,0.256,0.109,0.118,0.588,0.002,0.005,0.25,0.117,0.142,0.444,0.492,0.046,0.049,0.729,0.036,0.062,0.053,0.107,0.106,0.013,0.108,0.197,0.093,"2004",FALSE,0,0,61,FALSE
"  8","Shandon Anderson","SG",0.714,"NYK",0.976,0.451,0.559,0.23,0.26,0.563,0.09,0.144,0.281,0.21,0.246,0.463,0.504,0.163,0.166,0.764,0.101,0.168,0.145,0.105,0.276,0.045,0.254,0.491,0.224,"2004",FALSE,0,0,39,FALSE
"  9","Carmelo Anthony","SF",0.452,"DEN",1,1,0.848,0.603,0.674,0.568,0.172,0.242,0.322,0.578,0.706,0.444,0.499,0.54,0.54,0.777,0.35,0.313,0.325,0.195,0.394,0.109,0.532,0.606,0.609,"2004",FALSE,0,0.001,43,TRUE
" 11","Gilbert Arenas","PG",0.524,"WAS",0.671,0.634,0.585,0.346,0.421,0.523,0.311,0.376,0.375,0.242,0.328,0.401,0.511,0.313,0.326,0.748,0.105,0.198,0.166,0.236,0.419,0.032,0.487,0.474,0.381,"2004",FALSE,0,0,25,FALSE
" 12","Brandon Armstrong","SG",0.548,"NJN",0.683,0,0.123,0.063,0.081,0.495,0.047,0.059,0.365,0.048,0.069,0.374,0.473,0.003,0.004,0.5,0.023,0.031,0.028,0.012,0.049,0.005,0.052,0.132,0.053,"2004",FALSE,0,0,47,FALSE
" 13","Darrell Armstrong","PG",0.833,"NOH",0.963,0.268,0.636,0.281,0.339,0.527,0.336,0.484,0.315,0.162,0.173,0.508,0.541,0.163,0.148,0.854,0.12,0.162,0.148,0.267,0.541,0.043,0.334,0.399,0.297,"2004",FALSE,0,0,41,FALSE
" 14","Carlos Arroyo","PG",0.571,"UTA",0.866,0.866,0.568,0.328,0.353,0.588,0.095,0.132,0.325,0.313,0.367,0.462,0.518,0.239,0.231,0.804,0.078,0.143,0.121,0.305,0.256,0.013,0.336,0.445,0.317,"2004",FALSE,0,0,42,FALSE
" 16","Stacey Augmon","SF",0.833,"NOH",0.841,0.293,0.401,0.138,0.16,0.549,0.002,0.008,0.143,0.148,0.192,0.418,0.46,0.146,0.143,0.791,0.099,0.121,0.114,0.073,0.224,0.04,0.164,0.307,0.14,"2004",FALSE,0,0,41,FALSE
" 18","Marcus Banks","PG",0.524,"BOS",0.988,0.024,0.392,0.171,0.203,0.533,0.067,0.097,0.314,0.156,0.201,0.421,0.479,0.131,0.135,0.756,0.057,0.102,0.087,0.15,0.358,0.035,0.269,0.461,0.169,"2004",FALSE,0,0,36,FALSE
" 19","Leandro Barbosa","PG",0.5,"PHO",0.854,0.561,0.425,0.203,0.216,0.596,0.206,0.237,0.395,0.132,0.147,0.488,0.594,0.062,0.063,0.77,0.044,0.099,0.08,0.142,0.378,0.019,0.259,0.496,0.194,"2004",FALSE,0,0,29,FALSE
" 20","Matt Barnes","SF",0.548,"LAC",0.463,0.11,0.205,0.061,0.064,0.609,0.005,0.015,0.154,0.063,0.071,0.488,0.516,0.057,0.063,0.705,0.101,0.097,0.099,0.041,0.11,0.008,0.095,0.205,0.06,"2004",FALSE,0,0,28,FALSE
" 22","Brent Barry","SG",0.762,"SEA",0.72,0.646,0.51,0.208,0.197,0.672,0.284,0.284,0.452,0.105,0.099,0.577,0.708,0.12,0.113,0.827,0.04,0.182,0.133,0.294,0.346,0.043,0.3,0.326,0.224,"2004",FALSE,0,0,37,FALSE
" 23","Jon Barry","SG",0.81,"DEN",0.695,0.11,0.312,0.116,0.137,0.539,0.127,0.156,0.37,0.072,0.09,0.434,0.544,0.079,0.073,0.845,0.048,0.097,0.08,0.126,0.232,0.021,0.114,0.178,0.124,"2004",FALSE,0,0,43,FALSE
" 26","Shane Battier","SF",0.595,"MEM",0.963,0.012,0.551,0.234,0.25,0.595,0.162,0.21,0.349,0.184,0.201,0.496,0.562,0.159,0.169,0.732,0.195,0.2,0.198,0.087,0.411,0.154,0.121,0.504,0.236,"2004",FALSE,0,0,50,FALSE
" 29","Raja Bell","SG",0.643,"UTA",1,0.049,0.572,0.318,0.37,0.545,0.154,0.187,0.373,0.278,0.36,0.418,0.497,0.258,0.255,0.786,0.115,0.18,0.158,0.092,0.256,0.035,0.239,0.706,0.323,"2004",FALSE,0,0,42,FALSE
" 30","Troy Bell","PG",0.548,"MEM",0.073,0,0.01,0.004,0.008,0.296,0,0.005,0,0.004,0.008,0.286,0.247,0.004,0.003,1,0.006,0.001,0.003,0.003,0.004,0,0.013,0.016,0.004,"2004",FALSE,0,0,50,FALSE
" 31","Jonathan Bender","SF",0.548,"IND",0.256,0,0.077,0.048,0.049,0.629,0.022,0.025,0.409,0.043,0.047,0.488,0.571,0.052,0.048,0.83,0.017,0.031,0.026,0.008,0.02,0.029,0.071,0.062,0.052,"2004",FALSE,0,0,61,FALSE
" 32","Travis Best","PG",0.738,"DAL",0.744,0.012,0.216,0.062,0.079,0.496,0.007,0.023,0.15,0.063,0.086,0.401,0.423,0.053,0.047,0.87,0.033,0.051,0.044,0.096,0.126,0.011,0.071,0.178,0.06,"2004",FALSE,0,0,52,FALSE
" 33","Mike Bibby","PG",0.595,"SAC",1,1,0.843,0.51,0.538,0.6,0.368,0.427,0.392,0.394,0.447,0.479,0.571,0.402,0.384,0.815,0.128,0.209,0.181,0.381,0.455,0.048,0.377,0.394,0.532,"2004",FALSE,0,0,55,FALSE
" 34","Chauncey Billups","PG",0.643,"DET",0.951,0.951,0.781,0.379,0.458,0.525,0.323,0.378,0.388,0.273,0.373,0.396,0.51,0.534,0.473,0.878,0.067,0.239,0.18,0.383,0.341,0.021,0.407,0.477,0.465,"2004",FALSE,0,0,54,FALSE
" 35","Steve Blake","PG",0.548,"WAS",0.915,0.171,0.394,0.152,0.187,0.515,0.187,0.228,0.371,0.085,0.116,0.4,0.531,0.073,0.069,0.821,0.034,0.098,0.076,0.18,0.232,0.019,0.276,0.27,0.157,"2004",FALSE,0,0,25,FALSE
" 38","Keith Bogans","SF",0.548,"ORL",0.89,0.439,0.506,0.177,0.209,0.537,0.167,0.211,0.358,0.121,0.151,0.434,0.53,0.086,0.106,0.631,0.203,0.21,0.207,0.084,0.187,0.027,0.162,0.345,0.176,"2004",FALSE,0,0,21,FALSE
" 39","Calvin Booth","C",0.643,"SEA",0.866,0.427,0.341,0.131,0.133,0.621,0,0.002,0,0.14,0.162,0.469,0.518,0.099,0.097,0.798,0.164,0.193,0.183,0.024,0.069,0.269,0.097,0.404,0.122,"2004",FALSE,0,0,37,FALSE
" 40","Carlos Boozer","PF",0.524,"CLE",0.915,0.915,0.734,0.456,0.414,0.697,0.002,0.007,0.167,0.489,0.504,0.526,0.582,0.29,0.293,0.768,0.44,0.623,0.56,0.127,0.301,0.146,0.289,0.536,0.41,"2004",FALSE,0,0,35,FALSE
" 41","Curtis Borchardt","C",0.548,"UTA",0.195,0,0.073,0.021,0.026,0.524,0,0.001,0,0.023,0.031,0.4,0.437,0.019,0.019,0.778,0.025,0.041,0.035,0.013,0.016,0.037,0.039,0.108,0.02,"2004",FALSE,0,0,42,FALSE
" 42","Chris Bosh","C",0.452,"TOR",0.915,0.768,0.71,0.316,0.328,0.612,0.012,0.016,0.357,0.335,0.394,0.461,0.514,0.267,0.296,0.701,0.365,0.363,0.364,0.067,0.24,0.282,0.231,0.58,0.304,"2004",FALSE,0,0,33,FALSE
" 44","Bruce Bowen","SF",0.762,"SAS",1,1,0.743,0.204,0.231,0.56,0.192,0.239,0.363,0.139,0.164,0.462,0.552,0.087,0.117,0.579,0.086,0.207,0.165,0.097,0.341,0.088,0.194,0.447,0.2,"2004",FALSE,0,0,57,FALSE
" 46","Earl Boykins","SG",0.643,"DEN",1,0.037,0.523,0.31,0.353,0.559,0.137,0.193,0.322,0.277,0.336,0.447,0.506,0.188,0.167,0.877,0.08,0.1,0.093,0.253,0.207,0.008,0.216,0.226,0.296,"2004",FALSE,0,0,43,FALSE
" 48","Shawn Bradley","C",0.738,"DAL",0.805,0.061,0.219,0.086,0.087,0.631,0,0.001,0,0.093,0.105,0.476,0.526,0.054,0.05,0.837,0.138,0.1,0.113,0.017,0.134,0.197,0.037,0.35,0.077,"2004",FALSE,0,0,52,FALSE
" 50","Elton Brand","PF",0.571,"LAC",0.841,0.829,0.756,0.468,0.452,0.657,0,0.001,0,0.504,0.553,0.493,0.548,0.544,0.547,0.773,0.514,0.442,0.467,0.195,0.26,0.41,0.416,0.617,0.487,"2004",FALSE,0,0,28,FALSE
" 52","Jamison Brewer","PG",0.548,"IND",0.159,0.012,0.045,0.013,0.016,0.495,0.012,0.016,0.357,0.008,0.012,0.381,0.492,0.001,0.006,0.167,0.004,0.009,0.007,0.015,0.028,0,0.022,0.024,0.011,"2004",FALSE,0,0,61,FALSE
" 55","Devin Brown","SG",0.595,"SAS",0.707,0,0.177,0.082,0.09,0.579,0.01,0.016,0.286,0.084,0.103,0.445,0.493,0.079,0.076,0.811,0.073,0.091,0.085,0.028,0.061,0.011,0.082,0.164,0.083,"2004",FALSE,0,0,57,FALSE
" 57","Kwame Brown","PF",0.5,"WAS",0.902,0.695,0.634,0.279,0.271,0.652,0.002,0.002,0.5,0.299,0.331,0.489,0.544,0.302,0.344,0.683,0.34,0.369,0.359,0.096,0.268,0.138,0.302,0.388,0.284,"2004",FALSE,0,0,25,FALSE
" 58","P.J. Brown","PF",0.81,"NOH",0.976,0.976,0.779,0.328,0.328,0.635,0,0.001,0,0.353,0.401,0.477,0.529,0.209,0.19,0.854,0.453,0.45,0.451,0.133,0.317,0.194,0.218,0.547,0.295,"2004",FALSE,0,0,41,FALSE
" 61","Kobe Bryant","SG",0.595,"LAL",0.793,0.78,0.693,0.499,0.542,0.584,0.177,0.245,0.327,0.463,0.542,0.463,0.52,0.601,0.548,0.852,0.197,0.254,0.235,0.284,0.455,0.074,0.369,0.474,0.55,"2004",FALSE,0,0.172,56,TRUE
" 62","Greg Buckner","SG",0.643,"PHI",0.646,0.037,0.199,0.064,0.081,0.503,0.03,0.05,0.273,0.056,0.074,0.412,0.457,0.026,0.028,0.741,0.054,0.074,0.067,0.039,0.085,0.011,0.073,0.208,0.058,"2004",FALSE,0,0,33,FALSE
" 63","Rodney Buford","SF",0.619,"SAC",0.268,0,0.04,0.018,0.026,0.452,0,0.002,0,0.02,0.03,0.352,0.377,0.004,0.006,0.5,0.011,0.009,0.01,0.006,0.024,0.003,0.009,0.024,0.014,"2004",FALSE,0,0,55,FALSE
" 64","Caron Butler","SF",0.548,"MIA",0.829,0.683,0.575,0.232,0.29,0.507,0.025,0.047,0.238,0.239,0.332,0.39,0.431,0.176,0.181,0.756,0.176,0.232,0.213,0.108,0.305,0.035,0.196,0.437,0.22,"2004",FALSE,0,0,42,FALSE
" 65","Mitchell Butler","SG",0.786,"WAS",0.5,0.049,0.156,0.052,0.057,0.58,0.027,0.034,0.367,0.045,0.053,0.457,0.533,0.02,0.025,0.625,0.046,0.047,0.046,0.027,0.089,0.011,0.052,0.146,0.047,"2004",FALSE,0,0,25,FALSE
" 66","Rasual Butler","SF",0.571,"MIA",0.549,0,0.191,0.115,0.115,0.635,0.124,0.122,0.463,0.072,0.08,0.486,0.64,0.021,0.022,0.762,0.008,0.057,0.04,0.02,0.041,0.035,0.06,0.194,0.107,"2004",FALSE,0,0,42,FALSE
" 67","Zarko Cabarkapa","PF",0.524,"PHO",0.598,0.049,0.161,0.078,0.091,0.548,0.015,0.036,0.188,0.078,0.093,0.455,0.473,0.046,0.055,0.66,0.05,0.072,0.065,0.034,0.041,0.035,0.116,0.202,0.072,"2004",FALSE,0,0,29,FALSE
" 68","Marcus Camby","C",0.69,"DEN",0.878,0.878,0.612,0.253,0.253,0.636,0,0.002,0,0.273,0.309,0.479,0.53,0.13,0.14,0.721,0.403,0.512,0.475,0.113,0.35,0.497,0.211,0.644,0.22,"2004",FALSE,0,0,43,FALSE
" 70","Brian Cardinal","PF",0.619,"GSW",0.927,0.134,0.462,0.213,0.214,0.629,0.137,0.14,0.444,0.172,0.193,0.482,0.59,0.315,0.279,0.878,0.191,0.215,0.207,0.088,0.268,0.053,0.181,0.555,0.259,"2004",FALSE,0,0,37,FALSE
" 74","Vince Carter","SG",0.643,"TOR",0.89,0.89,0.788,0.588,0.671,0.556,0.231,0.274,0.383,0.536,0.685,0.424,0.499,0.444,0.429,0.806,0.182,0.252,0.228,0.299,0.358,0.173,0.481,0.571,0.581,"2004",FALSE,0,0,33,FALSE
" 75","Sam Cassell","PG",0.81,"MIN",0.988,0.988,0.803,0.6,0.584,0.651,0.184,0.21,0.398,0.568,0.611,0.504,0.574,0.382,0.341,0.873,0.084,0.225,0.177,0.509,0.415,0.048,0.474,0.666,0.566,"2004",FALSE,0,0.003,58,TRUE
" 77","Tyson Chandler","PF",0.5,"CHI",0.427,0.098,0.221,0.065,0.073,0.565,0,0.001,0,0.07,0.089,0.427,0.471,0.104,0.121,0.669,0.157,0.187,0.176,0.02,0.069,0.114,0.082,0.235,0.075,"2004",FALSE,0,0,23,FALSE
" 78","Calbert Cheaney","SF",0.762,"GSW",0.963,0.085,0.585,0.269,0.266,0.641,0,0.011,0,0.289,0.32,0.489,0.534,0.062,0.079,0.61,0.147,0.182,0.17,0.117,0.244,0.032,0.183,0.496,0.213,"2004",FALSE,0,0,37,FALSE
" 79","Doug Christie","SG",0.786,"SAC",1,1,0.787,0.307,0.317,0.615,0.122,0.16,0.345,0.279,0.308,0.491,0.551,0.196,0.177,0.86,0.132,0.258,0.215,0.298,0.614,0.109,0.334,0.501,0.293,"2004",FALSE,0,0,55,FALSE
" 81","Speedy Claxton","PG",0.595,"GSW",0.732,0.354,0.451,0.217,0.241,0.569,0.01,0.025,0.182,0.229,0.283,0.438,0.479,0.241,0.23,0.813,0.073,0.117,0.102,0.229,0.394,0.024,0.22,0.394,0.224,"2004",FALSE,0,0,37,FALSE
" 82","Mateen Cleaves","PG",0.619,"CLE",0.049,0.024,0.026,0.007,0.011,0.405,0,0.001,0,0.007,0.012,0.318,0.338,0.001,0.002,0.5,0.002,0.006,0.005,0.016,0.016,0.005,0.011,0.035,0.005,"2004",FALSE,0,0,35,FALSE
" 83","Derrick Coleman","C",0.857,"PHI",0.415,0.366,0.239,0.103,0.119,0.551,0.02,0.041,0.222,0.103,0.126,0.444,0.477,0.065,0.067,0.754,0.086,0.146,0.125,0.04,0.093,0.069,0.123,0.213,0.096,"2004",FALSE,0,0,33,FALSE
" 85","Jason Collier","C",0.619,"ATL",0.244,0.195,0.154,0.076,0.076,0.639,0.002,0.005,0.25,0.081,0.091,0.484,0.536,0.089,0.087,0.788,0.069,0.074,0.073,0.015,0.045,0.029,0.067,0.191,0.08,"2004",FALSE,0,0,28,FALSE
" 86","Jarron Collins","C",0.595,"UTA",0.988,0.378,0.49,0.142,0.136,0.664,0,0.001,0,0.153,0.166,0.5,0.553,0.249,0.27,0.718,0.224,0.198,0.207,0.066,0.106,0.048,0.17,0.687,0.17,"2004",FALSE,0,0,42,FALSE
" 87","Jason Collins","C",0.595,"NJN",0.951,0.951,0.628,0.158,0.177,0.565,0,0.002,0,0.17,0.215,0.427,0.471,0.18,0.189,0.739,0.273,0.255,0.261,0.131,0.272,0.149,0.209,0.677,0.163,"2004",FALSE,0,0,47,FALSE
" 88","Brian Cook","C",0.548,"LAL",0.427,0.024,0.125,0.065,0.065,0.633,0,0.006,0,0.07,0.077,0.493,0.528,0.028,0.029,0.75,0.059,0.07,0.066,0.017,0.065,0.043,0.037,0.173,0.055,"2004",FALSE,0,0,56,FALSE
" 90","Chris Crawford","PF",0.667,"ATL",0.683,0.305,0.342,0.204,0.217,0.597,0.109,0.128,0.389,0.174,0.202,0.466,0.55,0.136,0.122,0.866,0.111,0.116,0.114,0.039,0.15,0.053,0.119,0.353,0.201,"2004",FALSE,0,0,28,FALSE
" 91","Jamal Crawford","SG",0.548,"CHI",0.976,0.89,0.796,0.492,0.607,0.515,0.41,0.588,0.317,0.358,0.45,0.432,0.499,0.265,0.247,0.833,0.088,0.235,0.185,0.348,0.451,0.077,0.416,0.434,0.488,"2004",FALSE,0,0,23,FALSE
" 92","Austin Croshere","PF",0.667,"IND",0.939,0,0.297,0.115,0.141,0.517,0.139,0.163,0.389,0.066,0.092,0.387,0.532,0.123,0.107,0.894,0.115,0.182,0.159,0.045,0.098,0.037,0.119,0.272,0.137,"2004",FALSE,0,0,61,FALSE
" 93","Eddy Curry","PF",0.5,"CHI",0.89,0.768,0.61,0.403,0.387,0.661,0.002,0.001,1,0.433,0.473,0.496,0.552,0.311,0.36,0.671,0.273,0.306,0.295,0.058,0.098,0.221,0.381,0.695,0.378,"2004",FALSE,0,0,23,FALSE
" 94","Michael Curry","SF",0.833,"TOR",0.854,0.183,0.348,0.074,0.09,0.517,0.007,0.017,0.2,0.076,0.102,0.403,0.439,0.065,0.06,0.845,0.042,0.065,0.057,0.046,0.093,0.013,0.103,0.412,0.072,"2004",FALSE,0,0,33,FALSE
" 95","Samuel Dalembert","C",0.524,"PHI",1,0.646,0.622,0.261,0.23,0.721,0,0.001,0,0.281,0.281,0.542,0.601,0.148,0.179,0.644,0.371,0.429,0.409,0.018,0.179,0.503,0.185,0.736,0.23,"2004",FALSE,0,0,33,FALSE
" 96","Erick Dampier","C",0.667,"GSW",0.902,0.902,0.68,0.337,0.299,0.713,0,0.002,0,0.362,0.365,0.537,0.594,0.287,0.342,0.654,0.658,0.539,0.58,0.052,0.134,0.364,0.282,0.612,0.322,"2004",FALSE,0,0,37,FALSE
" 97","Antonio Daniels","PG",0.667,"SEA",0.866,0.39,0.428,0.181,0.183,0.627,0.104,0.131,0.362,0.151,0.159,0.514,0.581,0.205,0.189,0.842,0.044,0.118,0.093,0.256,0.183,0.016,0.131,0.173,0.202,"2004",FALSE,0,0,37,FALSE
" 98","Marquis Daniels","SG",0.548,"DAL",0.683,0.183,0.294,0.196,0.189,0.659,0.027,0.041,0.306,0.2,0.212,0.512,0.563,0.079,0.08,0.769,0.126,0.079,0.095,0.1,0.215,0.032,0.095,0.137,0.168,"2004",FALSE,0,0,52,FALSE
"100","Baron Davis","PG",0.571,"NOH",0.817,0.805,0.76,0.536,0.645,0.527,0.465,0.657,0.321,0.382,0.462,0.448,0.513,0.313,0.362,0.673,0.126,0.219,0.188,0.43,0.642,0.072,0.463,0.48,0.541,"2004",FALSE,0,0.003,41,TRUE
"103","Josh Davis","PF",0.548,"ATL",0.049,0.012,0.007,0.002,0.002,0.533,0,0.002,0,0.002,0.002,0.667,0.444,0.001,0.001,1,0.002,0.004,0.003,0,0,0,0.004,0.008,0.002,"2004",FALSE,0,0,28,FALSE
"106","Tony Delk","SG",0.714,"DAL",0.402,0.134,0.144,0.068,0.085,0.507,0.05,0.074,0.303,0.052,0.067,0.424,0.483,0.049,0.045,0.841,0.031,0.043,0.039,0.024,0.11,0.019,0.037,0.124,0.07,"2004",FALSE,0,0,52,FALSE
"107","Derrick Dial","SG",0.667,"ORL",0.11,0,0.024,0.009,0.013,0.428,0.005,0.01,0.222,0.007,0.011,0.368,0.397,0.008,0.008,0.75,0.01,0.008,0.008,0.002,0.024,0,0.002,0.016,0.009,"2004",FALSE,0,0,21,FALSE
"108","Boris Diaw","SG",0.5,"ATL",0.927,0.451,0.543,0.135,0.144,0.596,0.015,0.029,0.231,0.139,0.162,0.467,0.508,0.074,0.096,0.602,0.212,0.229,0.224,0.156,0.24,0.098,0.272,0.515,0.121,"2004",FALSE,0,0,28,FALSE
"112","Vlade Divac","C",0.833,"SAC",0.988,0.988,0.656,0.304,0.307,0.627,0.005,0.015,0.154,0.325,0.369,0.476,0.524,0.225,0.267,0.654,0.26,0.325,0.303,0.371,0.232,0.205,0.373,0.598,0.282,"2004",FALSE,0,0,55,FALSE
"113","Juan Dixon","SG",0.595,"WAS",0.866,0.195,0.418,0.239,0.293,0.517,0.147,0.223,0.298,0.196,0.248,0.428,0.482,0.147,0.143,0.799,0.057,0.117,0.097,0.118,0.333,0.011,0.224,0.299,0.234,"2004",FALSE,0,0,25,FALSE
"115","Keyon Dooling","PG",0.548,"LAC",0.707,0.293,0.322,0.132,0.162,0.519,0.02,0.052,0.174,0.134,0.173,0.422,0.446,0.103,0.097,0.83,0.033,0.062,0.052,0.112,0.183,0.016,0.14,0.291,0.127,"2004",FALSE,0,0,28,FALSE
"116","Bryce Drew","PG",0.69,"NOH",0.183,0,0.022,0.004,0.008,0.296,0.002,0.008,0.143,0.003,0.006,0.273,0.278,0.004,0.003,1,0,0.006,0.004,0.011,0.016,0,0.017,0.003,0.004,"2004",FALSE,0,0,41,FALSE
"117","Predrag Drobnjak","C",0.667,"LAC",0.744,0.171,0.269,0.144,0.174,0.524,0.027,0.041,0.306,0.144,0.193,0.402,0.453,0.097,0.088,0.849,0.103,0.141,0.128,0.034,0.089,0.064,0.103,0.229,0.135,"2004",FALSE,0,0,28,FALSE
"118","Tim Duncan","PF",0.643,"SAS",0.841,0.829,0.715,0.573,0.543,0.668,0.005,0.014,0.167,0.614,0.659,0.505,0.558,0.466,0.605,0.599,0.434,0.628,0.561,0.183,0.252,0.492,0.394,0.442,0.543,"2004",FALSE,0,0.582,57,TRUE
"119","Mike Dunleavy","SF",0.548,"GSW",0.915,0.841,0.661,0.312,0.331,0.599,0.234,0.287,0.37,0.238,0.263,0.491,0.571,0.181,0.19,0.741,0.166,0.353,0.289,0.189,0.276,0.035,0.308,0.456,0.31,"2004",FALSE,0,0,37,FALSE
"120","Ronald Dupree","SF",0.548,"CHI",0.573,0.098,0.253,0.107,0.13,0.525,0.01,0.01,0.444,0.111,0.154,0.392,0.446,0.087,0.108,0.629,0.105,0.111,0.109,0.047,0.13,0.048,0.11,0.361,0.103,"2004",FALSE,0,0,23,FALSE
"123","Francisco Elson","C",0.643,"DEN",0.756,0.171,0.248,0.091,0.092,0.629,0,0.001,0,0.098,0.112,0.475,0.524,0.04,0.046,0.667,0.124,0.137,0.133,0.027,0.142,0.104,0.075,0.391,0.077,"2004",FALSE,0,0,43,FALSE
"124","Melvin Ely","PF",0.595,"LAC",0.512,0.024,0.144,0.064,0.07,0.575,0,0.001,0,0.069,0.086,0.434,0.479,0.033,0.043,0.595,0.092,0.053,0.066,0.019,0.037,0.045,0.043,0.183,0.055,"2004",FALSE,0,0,28,FALSE
"125","Reggie Evans","PF",0.548,"SEA",0.915,0.329,0.362,0.065,0.076,0.541,0,0.003,0,0.07,0.091,0.414,0.451,0.11,0.152,0.561,0.298,0.25,0.267,0.028,0.22,0.027,0.14,0.474,0.077,"2004",FALSE,0,0,37,FALSE
"126","Desmond Ferguson","SF",0.619,"POR",0.085,0,0.009,0.005,0.006,0.556,0.007,0.009,0.375,0.002,0.002,0.5,0.602,0,0.002,0,0,0.004,0.003,0.001,0,0,0.002,0,0.005,"2004",FALSE,0,0,41,FALSE
"127","Michael Finley","SG",0.714,"DAL",0.878,0.878,0.786,0.497,0.533,0.591,0.373,0.418,0.405,0.379,0.445,0.461,0.564,0.217,0.199,0.85,0.149,0.245,0.212,0.182,0.341,0.104,0.179,0.318,0.474,"2004",FALSE,0,0,52,FALSE
"128","Derek Fisher","SG",0.69,"LAL",1,0.037,0.501,0.196,0.265,0.469,0.129,0.202,0.291,0.157,0.224,0.38,0.442,0.161,0.157,0.797,0.057,0.121,0.099,0.161,0.419,0.011,0.17,0.31,0.205,"2004",FALSE,0,0,56,FALSE
"129","Marcus Fizer","SF",0.595,"CHI",0.561,0.024,0.209,0.13,0.161,0.511,0.005,0.019,0.118,0.137,0.188,0.396,0.429,0.119,0.123,0.75,0.117,0.14,0.132,0.037,0.065,0.021,0.11,0.261,0.127,"2004",FALSE,0,0,23,FALSE
"131","T.J. Ford","PG",0.476,"MIL",0.671,0.671,0.417,0.148,0.183,0.512,0.012,0.024,0.238,0.154,0.213,0.393,0.434,0.106,0.101,0.816,0.071,0.139,0.116,0.306,0.244,0.008,0.3,0.332,0.138,"2004",FALSE,0,0,41,FALSE
"133","Jeff Foster","C",0.643,"IND",1,0.963,0.555,0.191,0.167,0.725,0,0.005,0,0.205,0.202,0.55,0.604,0.136,0.158,0.669,0.474,0.359,0.399,0.055,0.289,0.072,0.129,0.509,0.175,"2004",FALSE,0,0,61,FALSE
"134","Tremaine Fowlkes","SF",0.643,"DET",0.439,0,0.074,0.015,0.022,0.417,0.002,0.009,0.125,0.015,0.023,0.35,0.359,0.017,0.019,0.722,0.034,0.035,0.035,0.012,0.037,0.008,0.026,0.1,0.016,"2004",FALSE,0,0,54,FALSE
"135","Rick Fox","SF",0.81,"LAL",0.463,0.415,0.239,0.071,0.086,0.523,0.037,0.069,0.246,0.06,0.071,0.464,0.481,0.029,0.031,0.733,0.055,0.072,0.067,0.084,0.118,0.011,0.103,0.267,0.065,"2004",FALSE,0,0,56,FALSE
"137","Richie Frahm","SF",0.619,"SEA",0.659,0,0.133,0.061,0.064,0.604,0.085,0.104,0.37,0.03,0.027,0.617,0.64,0.03,0.027,0.885,0.023,0.044,0.037,0.021,0.065,0.011,0.015,0.135,0.065,"2004",FALSE,0,0,37,FALSE
"138","Steve Francis","PG",0.619,"HOU",0.963,0.963,0.904,0.435,0.514,0.537,0.182,0.282,0.292,0.392,0.489,0.435,0.484,0.446,0.448,0.775,0.222,0.315,0.283,0.424,0.565,0.093,0.634,0.693,0.463,"2004",FALSE,0,0,45,FALSE
"140","Dan Gadzuric","C",0.595,"MIL",0.915,0,0.357,0.177,0.161,0.699,0,0.001,0,0.19,0.196,0.526,0.582,0.077,0.121,0.492,0.241,0.218,0.226,0.024,0.207,0.279,0.097,0.501,0.15,"2004",FALSE,0,0,41,FALSE
"141","Reece Gaines","PG",0.548,"ORL",0.463,0.012,0.103,0.024,0.04,0.388,0.007,0.011,0.3,0.023,0.043,0.289,0.342,0.021,0.026,0.64,0.015,0.031,0.025,0.034,0.045,0.005,0.039,0.059,0.024,"2004",FALSE,0,0,21,FALSE
"143","Kevin Garnett","PF",0.643,"MIN",1,1,0.915,0.778,0.741,0.665,0.027,0.049,0.256,0.825,0.884,0.506,0.558,0.487,0.478,0.791,0.468,0.888,0.744,0.351,0.488,0.473,0.457,0.544,0.702,"2004",TRUE,120,0.991,58,TRUE
"145","Pau Gasol","PF",0.548,"MEM",0.951,0.951,0.696,0.489,0.483,0.643,0.01,0.017,0.267,0.522,0.583,0.485,0.538,0.483,0.526,0.714,0.394,0.391,0.392,0.17,0.179,0.351,0.403,0.499,0.488,"2004",FALSE,0,0,50,FALSE
"146","Devean George","SF",0.619,"LAL",1,0.585,0.552,0.225,0.263,0.544,0.162,0.21,0.349,0.175,0.217,0.436,0.517,0.097,0.099,0.76,0.166,0.243,0.217,0.096,0.329,0.101,0.19,0.509,0.213,"2004",FALSE,0,0,56,FALSE
"147","Eddie Gill","PG",0.595,"POR",0.268,0,0.044,0.015,0.017,0.556,0.007,0.009,0.375,0.012,0.016,0.429,0.509,0.022,0.021,0.85,0.008,0.013,0.011,0.014,0.037,0.003,0.026,0.043,0.018,"2004",FALSE,0,0,41,FALSE
"148","Kendall Gill","SG",0.833,"CHI",0.683,0.427,0.399,0.208,0.252,0.523,0.022,0.043,0.237,0.214,0.288,0.404,0.446,0.132,0.14,0.735,0.117,0.128,0.124,0.076,0.264,0.043,0.179,0.288,0.19,"2004",FALSE,0,0,23,FALSE
"149","Manu Ginobili","SG",0.619,"SAS",0.939,0.463,0.64,0.319,0.363,0.557,0.219,0.277,0.359,0.252,0.307,0.445,0.527,0.316,0.307,0.802,0.164,0.256,0.225,0.25,0.553,0.043,0.347,0.488,0.349,"2004",FALSE,0,0,57,FALSE
"153","Drew Gooden","PF",0.524,"ORL",0.963,0.207,0.604,0.357,0.382,0.593,0.022,0.047,0.214,0.375,0.444,0.457,0.501,0.221,0.27,0.637,0.306,0.354,0.337,0.076,0.252,0.191,0.272,0.528,0.323,"2004",FALSE,0,0,21,FALSE
"154","Brian Grant","C",0.738,"MIA",0.927,0.927,0.652,0.279,0.282,0.628,0,0.001,0,0.301,0.345,0.472,0.523,0.114,0.113,0.782,0.333,0.348,0.342,0.059,0.207,0.093,0.177,0.685,0.234,"2004",FALSE,0,0,42,FALSE
"155","Horace Grant","PF",0.905,"LAL",0.671,0.122,0.313,0.089,0.103,0.548,0,0.001,0,0.096,0.126,0.413,0.457,0.052,0.056,0.722,0.151,0.153,0.152,0.061,0.098,0.056,0.062,0.189,0.079,"2004",FALSE,0,0,56,FALSE
"157","Willie Green","SG",0.524,"PHI",0.646,0,0.217,0.138,0.164,0.535,0.047,0.069,0.311,0.129,0.167,0.419,0.474,0.078,0.083,0.728,0.031,0.049,0.042,0.046,0.106,0.013,0.127,0.224,0.129,"2004",FALSE,0,0,33,FALSE
"158","Adrian Griffin","SG",0.69,"HOU",0.232,0.012,0.038,0.005,0.008,0.371,0.002,0.002,0.5,0.004,0.009,0.25,0.34,0,0.004,0,0.002,0.018,0.012,0.009,0.028,0.005,0.006,0.046,0.004,"2004",FALSE,0,0,45,FALSE
"160","Marcus Haislip","PF",0.548,"MIL",0.378,0,0.074,0.035,0.034,0.648,0.002,0.002,0.5,0.036,0.041,0.486,0.548,0.026,0.029,0.714,0.04,0.032,0.035,0.003,0.024,0.032,0.019,0.067,0.033,"2004",FALSE,0,0,41,FALSE
"161","Darvin Ham","SF",0.714,"DET",0.659,0.024,0.137,0.036,0.035,0.657,0.002,0.002,0.5,0.037,0.041,0.493,0.556,0.028,0.036,0.6,0.09,0.046,0.061,0.014,0.053,0.021,0.067,0.17,0.034,"2004",FALSE,0,0,54,FALSE
"162","Richard Hamilton","SG",0.595,"DET",0.951,0.951,0.785,0.513,0.537,0.607,0.045,0.077,0.265,0.533,0.619,0.466,0.513,0.393,0.352,0.868,0.149,0.2,0.182,0.266,0.419,0.045,0.453,0.598,0.486,"2004",FALSE,0,0,54,FALSE
"165","Travis Hansen","SF",0.595,"ATL",0.5,0.049,0.144,0.044,0.06,0.472,0.022,0.034,0.3,0.039,0.056,0.37,0.431,0.029,0.028,0.815,0.057,0.04,0.046,0.016,0.041,0.024,0.032,0.181,0.043,"2004",FALSE,0,0,28,FALSE
"167","Matt Harpring","SF",0.643,"UTA",0.378,0.378,0.321,0.187,0.189,0.628,0.02,0.037,0.242,0.193,0.213,0.491,0.533,0.143,0.162,0.688,0.174,0.155,0.161,0.054,0.089,0.005,0.14,0.275,0.177,"2004",FALSE,0,0,42,FALSE
"168","Al Harrington","PF",0.548,"IND",0.963,0.183,0.691,0.407,0.418,0.617,0.052,0.087,0.273,0.416,0.469,0.481,0.528,0.245,0.259,0.734,0.312,0.343,0.332,0.113,0.325,0.059,0.351,0.674,0.37,"2004",FALSE,0,0,61,FALSE
"170","Lucious Harris","PG",0.786,"NJN",0.841,0.183,0.426,0.181,0.213,0.539,0.095,0.114,0.376,0.155,0.204,0.412,0.494,0.087,0.08,0.846,0.075,0.1,0.092,0.116,0.167,0.005,0.114,0.199,0.169,"2004",FALSE,0,0,47,FALSE
"171","Jason Hart","PG",0.595,"SAS",0.646,0.061,0.187,0.069,0.073,0.596,0.005,0.01,0.222,0.072,0.085,0.46,0.503,0.044,0.044,0.767,0.019,0.069,0.052,0.07,0.114,0.013,0.062,0.159,0.062,"2004",FALSE,0,0,57,FALSE
"173","Udonis Haslem","PF",0.548,"MIA",0.915,0.293,0.508,0.198,0.206,0.612,0,0.003,0,0.213,0.25,0.462,0.51,0.185,0.188,0.765,0.361,0.282,0.309,0.044,0.134,0.064,0.159,0.531,0.194,"2004",FALSE,0,0,42,FALSE
"174","Trenton Hassell","SG",0.571,"MIN",0.988,0.902,0.641,0.171,0.175,0.62,0.01,0.015,0.308,0.18,0.208,0.47,0.522,0.063,0.063,0.787,0.13,0.188,0.168,0.114,0.146,0.144,0.099,0.539,0.143,"2004",FALSE,0,0,58,FALSE
"175","Jarvis Hayes","SF",0.524,"WAS",0.854,0.512,0.579,0.269,0.32,0.533,0.1,0.148,0.305,0.248,0.318,0.422,0.477,0.102,0.101,0.786,0.136,0.192,0.173,0.091,0.289,0.029,0.237,0.423,0.238,"2004",FALSE,0,0,25,FALSE
"176","Brendan Haywood","C",0.571,"WAS",0.939,0.72,0.42,0.193,0.179,0.687,0,0.001,0,0.208,0.218,0.517,0.572,0.181,0.241,0.585,0.356,0.2,0.253,0.037,0.13,0.266,0.172,0.415,0.19,"2004",FALSE,0,0,25,FALSE
"177","Shane Heal","PG",0.786,"SAS",0.073,0,0.02,0.007,0.011,0.389,0.01,0.02,0.222,0.003,0.003,0.5,0.417,0.005,0.005,0.8,0.002,0.003,0.003,0.004,0.004,0,0.011,0.005,0.008,"2004",FALSE,0,0,57,FALSE
"179","Nene Hilario","PF",0.5,"DEN",0.939,0.939,0.709,0.323,0.29,0.707,0,0.002,0,0.348,0.354,0.532,0.589,0.317,0.362,0.682,0.294,0.347,0.329,0.144,0.472,0.109,0.394,0.755,0.321,"2004",FALSE,0,0,43,FALSE
"181","Kirk Hinrich","PG",0.548,"CHI",0.927,0.805,0.766,0.308,0.379,0.515,0.358,0.416,0.39,0.181,0.256,0.383,0.527,0.179,0.173,0.804,0.08,0.215,0.169,0.444,0.411,0.056,0.44,0.744,0.323,"2004",FALSE,0,0,23,FALSE
"182","Fred Hoiberg","SG",0.738,"MIN",0.963,0.037,0.511,0.172,0.176,0.62,0.189,0.194,0.442,0.106,0.119,0.483,0.627,0.13,0.119,0.845,0.04,0.245,0.175,0.094,0.268,0.027,0.095,0.367,0.187,"2004",FALSE,0,0,58,FALSE
"183","Robert Horry","PF",0.786,"SAS",0.988,0.012,0.365,0.136,0.16,0.54,0.102,0.122,0.38,0.104,0.135,0.417,0.516,0.091,0.11,0.645,0.207,0.163,0.178,0.087,0.195,0.13,0.119,0.445,0.138,"2004",FALSE,0,0,57,FALSE
"184","Eddie House","SG",0.595,"LAC",0.732,0.122,0.336,0.156,0.207,0.479,0.127,0.153,0.375,0.114,0.177,0.351,0.461,0.048,0.046,0.8,0.054,0.109,0.09,0.127,0.264,0.011,0.136,0.248,0.144,"2004",FALSE,0,0,28,FALSE
"185","Allan Houston","SG",0.762,"NYK",0.61,0.61,0.509,0.329,0.359,0.58,0.216,0.228,0.431,0.263,0.327,0.437,0.546,0.208,0.177,0.913,0.038,0.1,0.079,0.085,0.154,0.005,0.22,0.283,0.326,"2004",FALSE,0,0,39,FALSE
"186","Josh Howard","SF",0.548,"DAL",0.817,0.354,0.45,0.221,0.245,0.573,0.05,0.074,0.303,0.217,0.263,0.448,0.499,0.128,0.142,0.703,0.285,0.217,0.241,0.083,0.28,0.144,0.144,0.453,0.203,"2004",FALSE,0,0,52,FALSE
"187","Juwan Howard","PF",0.714,"ORL",0.988,0.939,0.814,0.512,0.538,0.604,0,0.001,0,0.55,0.659,0.453,0.503,0.421,0.404,0.809,0.327,0.396,0.373,0.136,0.22,0.059,0.384,0.765,0.486,"2004",FALSE,0,0,21,FALSE
"188","Troy Hudson","PG",0.643,"MIN",0.354,0.012,0.142,0.077,0.095,0.515,0.077,0.087,0.403,0.051,0.073,0.377,0.512,0.036,0.034,0.818,0.008,0.031,0.023,0.06,0.028,0,0.073,0.086,0.077,"2004",FALSE,0,0,58,FALSE
"189","Larry Hughes","SG",0.595,"WAS",0.744,0.744,0.583,0.388,0.464,0.529,0.197,0.262,0.341,0.335,0.438,0.414,0.486,0.353,0.345,0.797,0.184,0.228,0.213,0.127,0.386,0.069,0.328,0.396,0.405,"2004",FALSE,0,0,25,FALSE
"191","Brandon Hunter","PF",0.548,"BOS",0.439,0.146,0.115,0.051,0.053,0.609,0,0.003,0,0.055,0.064,0.469,0.508,0.025,0.044,0.442,0.096,0.068,0.077,0.016,0.053,0.003,0.047,0.108,0.044,"2004",FALSE,0,0,36,FALSE
"192","Lindsey Hunter","SG",0.786,"DET",0.402,0.098,0.187,0.047,0.066,0.457,0.035,0.056,0.28,0.036,0.052,0.376,0.436,0.007,0.008,0.625,0.025,0.054,0.044,0.073,0.159,0.016,0.073,0.121,0.041,"2004",FALSE,0,0,54,FALSE
"194","Zydrunas Ilgauskas","C",0.667,"CLE",0.988,0.988,0.719,0.451,0.444,0.644,0.005,0.008,0.286,0.483,0.54,0.484,0.538,0.401,0.418,0.746,0.533,0.371,0.427,0.094,0.159,0.535,0.351,0.747,0.437,"2004",FALSE,0,0,35,FALSE
"195","Allen Iverson","SG",0.667,"PHI",0.585,0.573,0.577,0.421,0.518,0.516,0.142,0.225,0.286,0.393,0.522,0.408,0.458,0.448,0.468,0.745,0.065,0.143,0.116,0.278,0.467,0.013,0.45,0.235,0.447,"2004",FALSE,0,0,33,FALSE
"196","Bobby Jackson","SG",0.714,"SAC",0.61,0,0.335,0.254,0.272,0.592,0.201,0.247,0.37,0.189,0.21,0.488,0.57,0.108,0.112,0.752,0.105,0.118,0.114,0.09,0.199,0.021,0.136,0.286,0.243,"2004",FALSE,0,0,55,FALSE
"197","Jim Jackson","SF",0.786,"HOU",0.976,0.976,0.883,0.369,0.414,0.565,0.403,0.457,0.4,0.229,0.279,0.444,0.571,0.142,0.131,0.843,0.099,0.432,0.318,0.194,0.35,0.061,0.377,0.612,0.365,"2004",FALSE,0,0,45,FALSE
"198","Marc Jackson","PF",0.69,"PHI",0.268,0.159,0.169,0.069,0.079,0.553,0,0.001,0,0.074,0.096,0.418,0.461,0.085,0.083,0.79,0.086,0.08,0.082,0.015,0.049,0.016,0.052,0.121,0.073,"2004",FALSE,0,0,33,FALSE
"199","Mark Jackson","PG",0.905,"HOU",0.512,0.037,0.163,0.033,0.046,0.453,0.017,0.046,0.171,0.028,0.033,0.458,0.417,0.037,0.04,0.718,0.019,0.06,0.046,0.102,0.069,0.003,0.114,0.111,0.036,"2004",FALSE,0,0,45,FALSE
"200","Stephen Jackson","SF",0.595,"ATL",0.976,0.951,0.832,0.518,0.58,0.567,0.361,0.482,0.34,0.407,0.47,0.469,0.537,0.308,0.306,0.785,0.185,0.271,0.242,0.21,0.577,0.053,0.481,0.582,0.512,"2004",FALSE,0,0,28,FALSE
"201","Casey Jacobsen","SF",0.524,"PHO",0.951,0.159,0.517,0.145,0.166,0.556,0.187,0.203,0.417,0.078,0.102,0.417,0.579,0.12,0.114,0.82,0.08,0.158,0.131,0.084,0.195,0.024,0.147,0.388,0.165,"2004",FALSE,0,0,29,FALSE
"203","LeBron James","SG",0.452,"CLE",0.963,0.963,0.884,0.602,0.687,0.556,0.157,0.245,0.29,0.582,0.719,0.438,0.487,0.459,0.473,0.754,0.189,0.331,0.282,0.399,0.528,0.154,0.588,0.402,0.584,"2004",FALSE,0,0.009,35,TRUE
"205","Antawn Jamison","SF",0.643,"DAL",1,0.024,0.673,0.472,0.42,0.713,0.04,0.045,0.4,0.491,0.492,0.541,0.603,0.291,0.302,0.748,0.446,0.285,0.34,0.06,0.337,0.08,0.175,0.469,0.428,"2004",FALSE,0,0,52,FALSE
"206","Marko Jaric","PG",0.595,"LAC",0.707,0.61,0.498,0.179,0.22,0.517,0.127,0.169,0.34,0.139,0.184,0.41,0.49,0.098,0.104,0.733,0.084,0.13,0.114,0.241,0.378,0.053,0.248,0.356,0.175,"2004",FALSE,0,0,28,FALSE
"208","Richard Jefferson","SF",0.548,"NJN",1,1,0.887,0.537,0.513,0.664,0.119,0.149,0.364,0.528,0.554,0.516,0.577,0.472,0.481,0.763,0.208,0.353,0.303,0.271,0.374,0.074,0.427,0.604,0.535,"2004",FALSE,0,0,47,FALSE
"209","Jared Jeffries","PF",0.524,"WAS",1,0.463,0.541,0.171,0.216,0.503,0.012,0.034,0.167,0.179,0.248,0.392,0.426,0.139,0.176,0.614,0.344,0.242,0.277,0.08,0.195,0.074,0.231,0.571,0.164,"2004",FALSE,0,0,25,FALSE
"210","Britton Johnsen","C",0.571,"ORL",0.244,0.049,0.082,0.016,0.027,0.384,0.002,0.014,0.083,0.017,0.027,0.34,0.33,0.009,0.016,0.438,0.029,0.03,0.029,0.01,0.028,0.003,0.03,0.075,0.015,"2004",FALSE,0,0,21,FALSE
"211","Anthony Johnson","PG",0.69,"IND",0.89,0.085,0.452,0.162,0.189,0.541,0.102,0.138,0.336,0.131,0.163,0.436,0.507,0.099,0.097,0.798,0.054,0.101,0.085,0.174,0.26,0.021,0.162,0.372,0.159,"2004",FALSE,0,0,61,FALSE
"212","Avery Johnson","PG",0.905,"GSW",0.561,0.012,0.18,0.077,0.092,0.536,0,0.003,0,0.083,0.111,0.408,0.447,0.069,0.08,0.667,0.006,0.03,0.022,0.095,0.106,0.008,0.11,0.092,0.075,"2004",FALSE,0,0,37,FALSE
"213","DerMarr Johnson","SF",0.548,"NYK",0.256,0.012,0.081,0.035,0.045,0.495,0.032,0.041,0.361,0.024,0.034,0.377,0.487,0.037,0.032,0.903,0.01,0.034,0.025,0.009,0.033,0.019,0.034,0.086,0.04,"2004",FALSE,0,0,39,FALSE
"214","Ervin Johnson","C",0.857,"MIN",0.805,0.573,0.273,0.053,0.047,0.712,0,0.001,0,0.057,0.058,0.539,0.593,0.022,0.029,0.607,0.117,0.17,0.152,0.021,0.11,0.114,0.065,0.42,0.045,"2004",FALSE,0,0,58,FALSE
"215","Joe Johnson","SG",0.524,"PHO",1,0.939,0.943,0.537,0.594,0.573,0.206,0.307,0.305,0.491,0.575,0.463,0.513,0.23,0.239,0.75,0.153,0.303,0.252,0.311,0.378,0.069,0.429,0.477,0.483,"2004",FALSE,0,0,29,FALSE
"216","Linton Johnson","SF",0.548,"CHI",0.5,0.244,0.208,0.07,0.093,0.473,0.017,0.037,0.212,0.068,0.096,0.382,0.413,0.029,0.038,0.595,0.113,0.123,0.12,0.023,0.15,0.085,0.08,0.243,0.061,"2004",FALSE,0,0,23,FALSE
"217","Dahntay Jones","SG",0.548,"MEM",0.244,0,0.044,0.015,0.024,0.377,0.002,0.005,0.25,0.015,0.028,0.286,0.324,0.007,0.011,0.455,0.013,0.016,0.015,0.01,0.02,0.016,0.026,0.062,0.013,"2004",FALSE,0,0,50,FALSE
"218","Damon Jones","PG",0.643,"MIL",1,0.317,0.571,0.203,0.241,0.535,0.244,0.308,0.359,0.117,0.142,0.446,0.549,0.073,0.074,0.764,0.029,0.154,0.111,0.411,0.122,0.011,0.222,0.248,0.202,"2004",FALSE,0,0,41,FALSE
"219","Eddie Jones","SG",0.762,"MIA",0.988,0.988,0.849,0.457,0.532,0.545,0.44,0.541,0.37,0.308,0.382,0.437,0.54,0.368,0.343,0.835,0.073,0.268,0.201,0.222,0.374,0.09,0.278,0.609,0.495,"2004",FALSE,0,0,42,FALSE
"220","Fred Jones","SG",0.571,"IND",0.988,0.024,0.427,0.119,0.143,0.527,0.067,0.1,0.303,0.1,0.125,0.432,0.488,0.164,0.153,0.832,0.048,0.1,0.082,0.149,0.264,0.048,0.157,0.356,0.14,"2004",FALSE,0,0,61,FALSE
"221","James Jones","SF",0.548,"IND",0.073,0,0.007,0.002,0.004,0.296,0.002,0.005,0.25,0.001,0.003,0.2,0.309,0.003,0.002,1,0,0.002,0.001,0,0.004,0,0,0.003,0.002,"2004",FALSE,0,0,61,FALSE
"222","Jumaine Jones","SG",0.571,"BOS",0.512,0.024,0.106,0.032,0.044,0.459,0.032,0.05,0.295,0.021,0.029,0.385,0.457,0.019,0.024,0.609,0.046,0.044,0.044,0.012,0.049,0.024,0.041,0.129,0.033,"2004",FALSE,0,0,36,FALSE
"224","Chris Kaman","C",0.5,"LAC",1,0.744,0.522,0.193,0.2,0.613,0,0.002,0,0.208,0.244,0.462,0.511,0.131,0.146,0.697,0.241,0.333,0.301,0.073,0.093,0.194,0.334,0.569,0.176,"2004",FALSE,0,0,28,FALSE
"225","Jason Kapono","SF",0.524,"CLE",0.5,0.037,0.121,0.05,0.059,0.537,0.052,0.05,0.477,0.032,0.048,0.365,0.538,0.026,0.025,0.833,0.036,0.036,0.036,0.012,0.053,0.005,0.045,0.111,0.051,"2004",FALSE,0,0,35,FALSE
"226","Jason Kidd","PG",0.714,"NJN",0.817,0.805,0.693,0.356,0.441,0.512,0.234,0.331,0.321,0.285,0.376,0.411,0.481,0.272,0.256,0.827,0.163,0.341,0.28,0.531,0.496,0.037,0.461,0.296,0.366,"2004",FALSE,0,0.014,47,TRUE
"227","Andrei Kirilenko","PF",0.524,"UTA",0.951,0.951,0.819,0.398,0.428,0.591,0.169,0.227,0.338,0.358,0.412,0.471,0.532,0.519,0.51,0.79,0.432,0.4,0.411,0.21,0.61,0.572,0.463,0.469,0.453,"2004",FALSE,0,0.002,42,TRUE
"228","Kerry Kittles","SG",0.69,"NJN",1,1,0.804,0.42,0.441,0.604,0.241,0.312,0.351,0.351,0.385,0.493,0.559,0.142,0.14,0.787,0.107,0.269,0.214,0.177,0.508,0.106,0.205,0.388,0.379,"2004",FALSE,0,0,47,FALSE
"230","Kyle Korver","SF",0.524,"PHI",0.902,0,0.25,0.111,0.15,0.469,0.201,0.234,0.391,0.035,0.068,0.283,0.529,0.025,0.025,0.792,0.057,0.08,0.073,0.034,0.102,0.021,0.088,0.275,0.117,"2004",FALSE,0,0,33,FALSE
"231","Toni Kukoc","PF",0.833,"MIL",0.89,0,0.431,0.204,0.233,0.556,0.122,0.19,0.292,0.169,0.191,0.479,0.517,0.192,0.205,0.729,0.115,0.21,0.177,0.172,0.24,0.056,0.237,0.296,0.218,"2004",FALSE,0,0,41,FALSE
"232","Christian Laettner","PF",0.81,"WAS",0.585,0.22,0.279,0.115,0.118,0.62,0.015,0.024,0.286,0.118,0.133,0.481,0.53,0.053,0.051,0.8,0.096,0.181,0.152,0.076,0.15,0.074,0.091,0.275,0.1,"2004",FALSE,0,0,25,FALSE
"233","Raef LaFrentz","C",0.643,"BOS",0.207,0.012,0.093,0.055,0.057,0.613,0.02,0.045,0.2,0.051,0.047,0.583,0.547,0.013,0.013,0.769,0.057,0.049,0.052,0.021,0.033,0.035,0.024,0.127,0.047,"2004",FALSE,0,0,36,FALSE
"234","Maciej Lampe","C",0.429,"PHO",0.256,0,0.063,0.042,0.04,0.652,0,0.005,0,0.045,0.047,0.512,0.543,0.013,0.013,0.769,0.017,0.035,0.029,0.008,0.012,0.008,0.032,0.075,0.034,"2004",FALSE,0,0,29,FALSE
"237","Rusty LaRue","PG",0.714,"GSW",0.049,0,0.006,0.001,0.001,0.444,0.002,0.001,1,0,0.001,0,0.556,0.001,0.002,0.5,0,0.003,0.002,0.002,0.008,0,0.009,0.005,0.001,"2004",FALSE,0,0,37,FALSE
"238","Voshon Lenard","SG",0.714,"DEN",0.89,0.854,0.632,0.381,0.429,0.563,0.264,0.326,0.367,0.3,0.363,0.447,0.532,0.19,0.187,0.791,0.088,0.153,0.131,0.13,0.248,0.032,0.218,0.477,0.367,"2004",FALSE,0,0,43,FALSE
"240","Rashard Lewis","SF",0.571,"SEA",0.976,0.976,0.83,0.517,0.566,0.58,0.361,0.436,0.376,0.406,0.475,0.463,0.549,0.272,0.278,0.763,0.254,0.382,0.339,0.15,0.402,0.144,0.291,0.628,0.502,"2004",FALSE,0,0,37,FALSE
"241","Randy Livingston","PG",0.667,"LAC",0.049,0,0.014,0.002,0.005,0.267,0,0.003,0,0.002,0.004,0.286,0.222,0.005,0.006,0.667,0.004,0.005,0.005,0.003,0.008,0,0.009,0.019,0.003,"2004",FALSE,0,0,28,FALSE
"242","Raul Lopez","PG",0.548,"UTA",1,0.134,0.458,0.216,0.238,0.575,0.062,0.096,0.294,0.206,0.244,0.458,0.507,0.134,0.12,0.863,0.046,0.13,0.101,0.262,0.252,0.005,0.375,0.539,0.202,"2004",FALSE,0,0,42,FALSE
"243","Tyronn Lue","PG",0.619,"ORL",0.927,0.841,0.66,0.299,0.329,0.577,0.199,0.236,0.383,0.238,0.285,0.453,0.543,0.134,0.135,0.771,0.05,0.16,0.122,0.272,0.248,0.013,0.267,0.499,0.282,"2004",FALSE,0,0,21,FALSE
"244","George Lynch","SF",0.786,"NOH",0.951,0.622,0.481,0.144,0.173,0.529,0.107,0.157,0.309,0.11,0.133,0.449,0.506,0.045,0.052,0.667,0.184,0.214,0.204,0.101,0.195,0.048,0.138,0.429,0.132,"2004",FALSE,0,0,41,FALSE
"245","Mark Madsen","C",0.667,"MIN",0.878,0.146,0.353,0.098,0.094,0.66,0,0.007,0,0.105,0.112,0.51,0.55,0.075,0.121,0.483,0.256,0.137,0.178,0.024,0.134,0.048,0.101,0.472,0.091,"2004",FALSE,0,0,58,FALSE
"246","Corey Maggette","SF",0.571,"LAC",0.89,0.878,0.744,0.438,0.466,0.596,0.189,0.261,0.329,0.392,0.441,0.482,0.539,0.696,0.638,0.848,0.184,0.332,0.281,0.192,0.264,0.043,0.446,0.585,0.532,"2004",FALSE,0,0,28,FALSE
"247","Jamaal Magloire","C",0.595,"NOH",1,1,0.786,0.37,0.372,0.631,0,0.001,0,0.399,0.456,0.474,0.526,0.467,0.484,0.751,0.512,0.575,0.554,0.074,0.175,0.269,0.433,0.749,0.395,"2004",FALSE,0,0,41,FALSE
"248","Karl Malone","PF",0.952,"LAL",0.512,0.512,0.389,0.187,0.184,0.644,0,0.001,0,0.201,0.225,0.484,0.537,0.222,0.231,0.747,0.117,0.304,0.24,0.14,0.203,0.053,0.222,0.313,0.196,"2004",FALSE,0,0,56,FALSE
"250","Shawn Marion","SF",0.595,"PHO",0.963,0.963,0.911,0.571,0.617,0.587,0.224,0.299,0.34,0.52,0.607,0.465,0.527,0.302,0.276,0.851,0.405,0.521,0.482,0.184,0.679,0.277,0.336,0.547,0.529,"2004",FALSE,0,0,29,FALSE
"252","Darrick Martin","PG",0.762,"MIN",0.195,0,0.049,0.019,0.031,0.399,0.015,0.029,0.231,0.015,0.023,0.341,0.381,0.012,0.009,1,0.004,0.005,0.005,0.02,0.008,0.003,0.015,0.062,0.019,"2004",FALSE,0,0,58,FALSE
"253","Kenyon Martin","PF",0.619,"NJN",0.793,0.756,0.637,0.425,0.414,0.651,0.017,0.028,0.28,0.45,0.494,0.494,0.547,0.266,0.302,0.684,0.254,0.481,0.403,0.137,0.386,0.218,0.362,0.62,0.383,"2004",FALSE,0,0,47,FALSE
"254","Jamal Mashburn","SF",0.738,"NOH",0.232,0.22,0.207,0.151,0.183,0.523,0.047,0.076,0.284,0.143,0.187,0.414,0.462,0.086,0.082,0.813,0.036,0.097,0.076,0.04,0.057,0.013,0.08,0.113,0.14,"2004",FALSE,0,0,41,FALSE
"255","Desmond Mason","SF",0.619,"MIL",1,0.378,0.717,0.396,0.399,0.629,0.022,0.044,0.231,0.416,0.467,0.483,0.53,0.471,0.476,0.769,0.178,0.264,0.235,0.131,0.244,0.064,0.319,0.515,0.418,"2004",FALSE,0,0,41,FALSE
"257","Tony Massenburg","PF",0.857,"SAC",0.72,0,0.223,0.101,0.101,0.633,0,0.001,0,0.108,0.123,0.477,0.528,0.057,0.065,0.683,0.109,0.13,0.123,0.025,0.057,0.048,0.097,0.388,0.089,"2004",FALSE,0,0,55,FALSE
"258","Walter McCarty","PF",0.69,"BOS",0.939,0.28,0.538,0.196,0.241,0.517,0.341,0.413,0.374,0.069,0.089,0.42,0.577,0.082,0.084,0.756,0.054,0.21,0.156,0.107,0.293,0.059,0.196,0.482,0.214,"2004",FALSE,0,0,36,FALSE
"259","Amal McCaskill","C",0.714,"PHI",0.72,0.037,0.18,0.045,0.054,0.536,0,0.001,0,0.049,0.065,0.405,0.447,0.025,0.028,0.704,0.092,0.084,0.087,0.017,0.049,0.053,0.054,0.24,0.04,"2004",FALSE,0,0,33,FALSE
"262","Tracy McGrady","SG",0.571,"ORL",0.817,0.817,0.757,0.632,0.721,0.556,0.433,0.579,0.339,0.498,0.594,0.455,0.526,0.526,0.514,0.796,0.182,0.305,0.263,0.318,0.378,0.112,0.386,0.348,0.663,"2004",FALSE,0,0,21,FALSE
"264","Aaron McKie","SF",0.738,"PHI",0.915,0.5,0.598,0.256,0.266,0.612,0.187,0.194,0.436,0.198,0.228,0.469,0.582,0.111,0.114,0.757,0.086,0.207,0.165,0.168,0.346,0.061,0.222,0.383,0.243,"2004",FALSE,0,0,33,FALSE
"265","Keith McLeod","PG",0.571,"MIN",0.402,0,0.111,0.026,0.038,0.439,0.002,0.011,0.1,0.027,0.041,0.361,0.372,0.044,0.044,0.767,0.01,0.029,0.022,0.051,0.065,0.003,0.062,0.105,0.031,"2004",FALSE,0,0,58,FALSE
"266","Stanislav Medvedenko","PF",0.571,"LAL",0.829,0.463,0.408,0.229,0.247,0.588,0,0.003,0,0.247,0.301,0.444,0.49,0.118,0.119,0.767,0.283,0.194,0.224,0.049,0.154,0.048,0.127,0.515,0.199,"2004",FALSE,0,0,56,FALSE
"267","Ron Mercer","SG",0.643,"SAS",0.476,0,0.146,0.087,0.097,0.569,0.005,0.008,0.286,0.092,0.115,0.431,0.479,0.017,0.017,0.765,0.019,0.039,0.032,0.019,0.057,0.013,0.056,0.1,0.069,"2004",FALSE,0,0,57,FALSE
"270","Darko Milicic","C",0.429,"DET",0.415,0,0.045,0.016,0.03,0.349,0,0.001,0,0.018,0.036,0.266,0.291,0.019,0.025,0.583,0.021,0.032,0.028,0.006,0.028,0.04,0.028,0.089,0.017,"2004",FALSE,0,0,54,FALSE
"271","Andre Miller","PG",0.643,"DEN",1,1,0.803,0.416,0.433,0.609,0.03,0.073,0.185,0.435,0.494,0.477,0.514,0.452,0.423,0.832,0.243,0.237,0.239,0.43,0.577,0.066,0.463,0.523,0.429,"2004",FALSE,0,0,43,FALSE
"272","Brad Miller","PF",0.643,"SAC",0.878,0.646,0.742,0.361,0.336,0.68,0.03,0.043,0.316,0.376,0.391,0.521,0.576,0.339,0.338,0.778,0.365,0.548,0.486,0.268,0.276,0.229,0.31,0.666,0.358,"2004",FALSE,0,0,55,FALSE
"273","Mike Miller","SF",0.548,"MEM",0.793,0.793,0.501,0.261,0.283,0.584,0.199,0.243,0.372,0.198,0.226,0.474,0.559,0.135,0.145,0.723,0.08,0.173,0.141,0.199,0.24,0.037,0.231,0.437,0.255,"2004",FALSE,0,0,50,FALSE
"274","Oliver Miller","C",0.786,"MIN",0.585,0.012,0.143,0.051,0.046,0.707,0,0.001,0,0.055,0.056,0.535,0.589,0.02,0.024,0.652,0.088,0.083,0.085,0.031,0.077,0.069,0.071,0.245,0.043,"2004",FALSE,0,0,58,FALSE
"275","Reggie Miller","SG",0.905,"IND",0.976,0.976,0.638,0.251,0.273,0.584,0.333,0.377,0.401,0.131,0.147,0.485,0.612,0.193,0.17,0.885,0.034,0.169,0.123,0.214,0.264,0.029,0.147,0.259,0.282,"2004",FALSE,0,0,61,FALSE
"276","Yao Ming","C",0.548,"HOU",1,1,0.762,0.517,0.472,0.696,0,0.002,0,0.557,0.577,0.523,0.58,0.478,0.459,0.809,0.377,0.534,0.48,0.105,0.089,0.415,0.44,0.736,0.505,"2004",FALSE,0,0.001,45,TRUE
"277","Cuttino Mobley","SG",0.667,"HOU",0.976,0.976,0.914,0.445,0.497,0.568,0.408,0.474,0.39,0.308,0.373,0.448,0.557,0.233,0.223,0.811,0.076,0.32,0.237,0.222,0.435,0.088,0.388,0.482,0.445,"2004",FALSE,0,0,45,FALSE
"279","Jerome Moiso","PF",0.595,"TOR",0.427,0.012,0.118,0.039,0.039,0.635,0,0.001,0,0.042,0.047,0.482,0.529,0.029,0.039,0.579,0.078,0.071,0.074,0.007,0.069,0.032,0.054,0.113,0.036,"2004",FALSE,0,0,33,FALSE
"282","Troy Murphy","PF",0.548,"GSW",0.341,0,0.173,0.103,0.112,0.587,0.012,0.019,0.294,0.106,0.127,0.451,0.501,0.079,0.082,0.75,0.092,0.124,0.113,0.017,0.049,0.045,0.073,0.156,0.099,"2004",FALSE,0,0,37,FALSE
"283","Lamond Murray","SF",0.714,"TOR",0.402,0.049,0.147,0.074,0.099,0.471,0.052,0.068,0.35,0.057,0.087,0.355,0.447,0.032,0.036,0.686,0.027,0.075,0.059,0.024,0.061,0.019,0.082,0.127,0.07,"2004",FALSE,0,0,33,FALSE
"284","Ronald Murray","PG",0.571,"SEA",1,0.22,0.572,0.376,0.421,0.567,0.167,0.258,0.293,0.335,0.387,0.469,0.513,0.222,0.242,0.715,0.086,0.158,0.133,0.176,0.329,0.074,0.321,0.426,0.358,"2004",FALSE,0,0,37,FALSE
"285","Tracy Murray","SF",0.762,"POR",0.085,0,0.01,0.003,0.006,0.333,0.005,0.006,0.4,0.001,0.004,0.143,0.37,0,0.001,0,0.006,0.002,0.003,0.001,0.004,0,0.004,0.008,0.003,"2004",FALSE,0,0,41,FALSE
"288","Bostjan Nachbar","SF",0.548,"HOU",0.549,0.037,0.146,0.045,0.061,0.475,0.057,0.071,0.365,0.025,0.039,0.348,0.492,0.028,0.03,0.724,0.015,0.062,0.046,0.026,0.057,0.037,0.05,0.194,0.049,"2004",FALSE,0,0,45,FALSE
"290","Eduardo Najera","SF",0.643,"DAL",0.707,0.085,0.204,0.07,0.075,0.592,0.005,0.005,0.5,0.073,0.089,0.443,0.501,0.04,0.047,0.652,0.128,0.088,0.102,0.021,0.142,0.051,0.062,0.243,0.062,"2004",FALSE,0,0,52,FALSE
"291","Steve Nash","PG",0.69,"DAL",0.951,0.951,0.739,0.384,0.389,0.627,0.259,0.29,0.405,0.305,0.332,0.498,0.59,0.304,0.258,0.916,0.113,0.172,0.152,0.59,0.272,0.021,0.45,0.375,0.398,"2004",FALSE,0,0,52,FALSE
"293","Ira Newble","SF",0.69,"CLE",0.78,0.305,0.352,0.104,0.127,0.521,0.005,0.021,0.105,0.11,0.145,0.412,0.439,0.048,0.047,0.783,0.124,0.089,0.101,0.062,0.102,0.051,0.116,0.294,0.09,"2004",FALSE,0,0,35,FALSE
"295","Dirk Nowitzki","C",0.595,"DAL",0.939,0.939,0.825,0.585,0.603,0.616,0.246,0.327,0.341,0.527,0.575,0.496,0.556,0.491,0.435,0.877,0.172,0.576,0.438,0.178,0.374,0.277,0.291,0.582,0.593,"2004",FALSE,0,0.003,52,TRUE
"296","Jermaine O'Neal","PF",0.595,"IND",0.951,0.951,0.789,0.588,0.644,0.579,0.005,0.02,0.111,0.631,0.779,0.438,0.483,0.46,0.473,0.757,0.369,0.581,0.508,0.141,0.24,0.529,0.39,0.668,0.553,"2004",FALSE,2,0.425,61,TRUE
"299","Lamar Odom","PF",0.571,"MIA",0.976,0.976,0.85,0.469,0.519,0.573,0.152,0.231,0.298,0.441,0.52,0.46,0.508,0.45,0.471,0.742,0.306,0.612,0.507,0.281,0.346,0.189,0.509,0.736,0.484,"2004",FALSE,0,0,42,FALSE
"300","Mehmet Okur","PF",0.571,"DET",0.866,0.402,0.447,0.243,0.249,0.617,0.045,0.054,0.375,0.242,0.279,0.472,0.533,0.214,0.215,0.775,0.306,0.259,0.275,0.059,0.146,0.168,0.218,0.372,0.241,"2004",FALSE,0,0,54,FALSE
"301","Kevin Ollie","PG",0.738,"CLE",1,0.085,0.397,0.092,0.118,0.493,0.01,0.01,0.444,0.095,0.14,0.367,0.419,0.194,0.181,0.835,0.044,0.146,0.111,0.201,0.207,0.021,0.175,0.321,0.12,"2004",FALSE,0,0,35,FALSE
"303","Greg Ostertag","C",0.714,"UTA",0.951,0.622,0.609,0.201,0.201,0.635,0,0.001,0,0.216,0.246,0.477,0.529,0.149,0.201,0.579,0.423,0.355,0.378,0.106,0.122,0.37,0.213,0.615,0.187,"2004",FALSE,0,0,42,FALSE
"304","Bo Outlaw","PF",0.762,"MEM",1,0.012,0.455,0.154,0.144,0.68,0,0.005,0,0.165,0.174,0.516,0.567,0.081,0.119,0.526,0.239,0.215,0.224,0.077,0.297,0.186,0.149,0.458,0.134,"2004",FALSE,0,0,50,FALSE
"309","Scott Padgett","PF",0.643,"HOU",0.707,0.061,0.155,0.072,0.077,0.591,0.07,0.073,0.431,0.048,0.058,0.451,0.586,0.032,0.033,0.75,0.088,0.092,0.091,0.02,0.049,0.035,0.047,0.197,0.071,"2004",FALSE,0,0,45,FALSE
"310","Milt Palacio","PG",0.595,"TOR",0.72,0.159,0.343,0.101,0.137,0.465,0.01,0.029,0.154,0.104,0.153,0.368,0.396,0.06,0.07,0.662,0.029,0.086,0.067,0.158,0.167,0.029,0.188,0.243,0.091,"2004",FALSE,0,0,33,FALSE
"312","Tony Parker","PG",0.5,"SAS",0.915,0.915,0.729,0.409,0.435,0.596,0.154,0.225,0.312,0.376,0.421,0.483,0.533,0.253,0.28,0.702,0.082,0.193,0.155,0.353,0.248,0.019,0.386,0.399,0.388,"2004",FALSE,0,0,57,FALSE
"314","Ruben Patterson","SF",0.667,"POR",0.89,0.012,0.467,0.193,0.182,0.675,0.005,0.014,0.167,0.206,0.216,0.517,0.566,0.139,0.195,0.553,0.247,0.138,0.175,0.119,0.341,0.056,0.226,0.41,0.179,"2004",FALSE,0,0,41,FALSE
"315","Sasha Pavlovic","SF",0.476,"UTA",0.963,0.171,0.324,0.144,0.173,0.528,0.047,0.079,0.271,0.135,0.173,0.425,0.469,0.086,0.086,0.774,0.084,0.114,0.104,0.052,0.167,0.043,0.144,0.504,0.135,"2004",FALSE,0,0,42,FALSE
"316","Gary Payton","PG",0.833,"LAL",1,1,0.8,0.466,0.471,0.628,0.137,0.186,0.333,0.444,0.484,0.497,0.553,0.238,0.259,0.714,0.138,0.268,0.224,0.386,0.39,0.051,0.325,0.456,0.423,"2004",FALSE,0,0,56,FALSE
"317","Anthony Peeler","SG",0.81,"SAC",0.915,0,0.394,0.151,0.16,0.597,0.169,0.159,0.482,0.092,0.117,0.425,0.607,0.067,0.063,0.836,0.059,0.121,0.1,0.103,0.228,0.027,0.166,0.278,0.152,"2004",FALSE,0,0,55,FALSE
"322","Morris Peterson","SF",0.619,"TOR",1,0.354,0.608,0.23,0.27,0.54,0.313,0.384,0.371,0.117,0.139,0.453,0.57,0.101,0.097,0.809,0.067,0.224,0.171,0.097,0.358,0.037,0.149,0.555,0.239,"2004",FALSE,0,0,33,FALSE
"323","Eric Piatkowski","SF",0.786,"HOU",0.598,0,0.199,0.07,0.088,0.503,0.107,0.138,0.352,0.03,0.039,0.42,0.544,0.019,0.016,0.875,0.019,0.063,0.048,0.022,0.065,0.013,0.062,0.113,0.071,"2004",FALSE,0,0,45,FALSE
"324","Paul Pierce","SG",0.619,"BOS",0.976,0.976,0.877,0.582,0.689,0.536,0.286,0.433,0.299,0.507,0.628,0.438,0.49,0.684,0.649,0.819,0.132,0.45,0.341,0.352,0.533,0.138,0.653,0.631,0.648,"2004",FALSE,0,0,36,FALSE
"325","Mickael Pietrus","PG",0.5,"GSW",0.646,0.268,0.212,0.093,0.106,0.555,0.087,0.119,0.333,0.063,0.071,0.484,0.546,0.069,0.077,0.693,0.092,0.071,0.078,0.023,0.13,0.032,0.086,0.27,0.099,"2004",FALSE,0,0,37,FALSE
"326","Scottie Pippen","SF",0.905,"CHI",0.28,0.073,0.117,0.051,0.064,0.505,0.032,0.054,0.271,0.042,0.052,0.435,0.472,0.022,0.028,0.63,0.038,0.048,0.044,0.043,0.085,0.024,0.062,0.102,0.048,"2004",FALSE,0,0,23,FALSE
"327","Zoran Planinic","SG",0.5,"NJN",0.598,0.012,0.134,0.051,0.059,0.548,0.022,0.036,0.281,0.046,0.055,0.454,0.496,0.05,0.062,0.633,0.027,0.041,0.036,0.058,0.053,0.008,0.078,0.189,0.054,"2004",FALSE,0,0,47,FALSE
"331","James Posey","SG",0.643,"MEM",1,1,0.694,0.356,0.354,0.637,0.279,0.327,0.386,0.266,0.271,0.533,0.612,0.368,0.345,0.83,0.176,0.309,0.263,0.105,0.557,0.106,0.241,0.668,0.398,"2004",FALSE,0,0,50,FALSE
"333","Tayshaun Prince","SF",0.548,"DET",1,0.976,0.765,0.327,0.333,0.623,0.142,0.177,0.363,0.292,0.319,0.496,0.563,0.143,0.145,0.766,0.178,0.295,0.255,0.164,0.256,0.184,0.256,0.402,0.297,"2004",FALSE,0,0,54,FALSE
"335","Vladimir Radmanovic","PF",0.548,"SEA",0.939,0.463,0.657,0.334,0.374,0.567,0.348,0.426,0.371,0.213,0.245,0.471,0.568,0.126,0.131,0.748,0.199,0.3,0.265,0.122,0.325,0.112,0.235,0.504,0.327,"2004",FALSE,0,0,37,FALSE
"336","Zach Randolph","PF",0.524,"POR",0.988,0.976,0.868,0.641,0.63,0.647,0.002,0.006,0.2,0.689,0.769,0.486,0.539,0.396,0.404,0.761,0.463,0.605,0.556,0.14,0.276,0.109,0.532,0.612,0.574,"2004",FALSE,0,0,41,FALSE
"339","Michael Redd","SG",0.571,"MIL",1,1,0.855,0.612,0.662,0.587,0.316,0.41,0.35,0.527,0.607,0.47,0.538,0.507,0.454,0.868,0.226,0.287,0.266,0.159,0.329,0.016,0.25,0.41,0.627,"2004",FALSE,0,0.001,41,TRUE
"340","Glen Rice","SF",0.857,"LAC",0.22,0,0.074,0.021,0.035,0.385,0.012,0.032,0.179,0.018,0.027,0.354,0.358,0.022,0.017,1,0.017,0.032,0.027,0.021,0.024,0,0.028,0.059,0.023,"2004",FALSE,0,0,28,FALSE
"341","Jason Richardson","SG",0.548,"GSW",0.951,0.951,0.831,0.544,0.591,0.584,0.192,0.308,0.282,0.506,0.57,0.481,0.52,0.341,0.388,0.684,0.237,0.397,0.342,0.194,0.35,0.109,0.422,0.491,0.516,"2004",FALSE,0,0,37,FALSE
"342","Quentin Richardson","SG",0.548,"LAC",0.793,0.78,0.662,0.411,0.491,0.531,0.299,0.385,0.352,0.317,0.41,0.42,0.504,0.2,0.21,0.74,0.279,0.266,0.271,0.119,0.272,0.051,0.304,0.35,0.396,"2004",FALSE,0,0,28,FALSE
"343","Luke Ridnour","PG",0.524,"SEA",0.841,0.073,0.315,0.14,0.161,0.552,0.067,0.09,0.338,0.123,0.152,0.437,0.503,0.086,0.081,0.823,0.067,0.072,0.071,0.14,0.211,0.019,0.172,0.283,0.135,"2004",FALSE,0,0,37,FALSE
"344","Clifford Robinson","PF",0.881,"GSW",1,1,0.806,0.354,0.435,0.516,0.279,0.354,0.357,0.264,0.356,0.403,0.497,0.163,0.178,0.711,0.103,0.266,0.21,0.233,0.276,0.194,0.373,0.639,0.341,"2004",FALSE,0,0,37,FALSE
"345","Eddie Robinson","SF",0.643,"CHI",0.622,0.049,0.29,0.152,0.15,0.643,0.002,0.006,0.2,0.162,0.181,0.486,0.537,0.037,0.044,0.651,0.052,0.076,0.068,0.05,0.134,0.027,0.097,0.154,0.121,"2004",FALSE,0,0,23,FALSE
"346","Glenn Robinson","SF",0.738,"PHI",0.512,0.512,0.378,0.266,0.283,0.597,0.085,0.113,0.34,0.251,0.29,0.469,0.529,0.151,0.141,0.832,0.088,0.142,0.124,0.049,0.171,0.024,0.228,0.259,0.246,"2004",FALSE,0,0,33,FALSE
"347","Rodney Rogers","PF",0.762,"NJN",0.841,0.183,0.399,0.2,0.232,0.547,0.124,0.172,0.329,0.163,0.199,0.445,0.51,0.099,0.101,0.765,0.191,0.206,0.201,0.118,0.24,0.072,0.211,0.493,0.19,"2004",FALSE,0,0,47,FALSE
"350","Malik Rose","PF",0.69,"SAS",0.817,0.159,0.356,0.167,0.186,0.571,0,0.003,0,0.18,0.226,0.431,0.476,0.242,0.231,0.813,0.21,0.209,0.209,0.059,0.146,0.064,0.241,0.442,0.187,"2004",FALSE,0,0,57,FALSE
"352","Kareem Rush","SG",0.548,"LAL",0.878,0.183,0.352,0.184,0.199,0.587,0.119,0.156,0.348,0.148,0.166,0.483,0.55,0.041,0.053,0.596,0.038,0.076,0.063,0.051,0.134,0.053,0.103,0.294,0.162,"2004",FALSE,0,0,56,FALSE
"353","Bryon Russell","SF",0.786,"LAL",0.878,0.012,0.267,0.095,0.112,0.536,0.107,0.126,0.384,0.057,0.074,0.417,0.544,0.066,0.067,0.769,0.061,0.113,0.095,0.061,0.13,0.032,0.08,0.296,0.102,"2004",FALSE,0,0,56,FALSE
"354","John Salmons","SG",0.571,"PHI",0.939,0.293,0.454,0.156,0.191,0.516,0.124,0.166,0.34,0.116,0.152,0.413,0.497,0.094,0.095,0.772,0.073,0.157,0.128,0.115,0.252,0.043,0.166,0.329,0.156,"2004",FALSE,0,0,33,FALSE
"357","Brian Scalabrine","PF",0.595,"NJN",0.841,0.024,0.263,0.083,0.1,0.525,0.025,0.046,0.244,0.079,0.1,0.429,0.463,0.077,0.072,0.829,0.08,0.13,0.113,0.056,0.085,0.037,0.091,0.305,0.085,"2004",FALSE,0,0,47,FALSE
"358","Ansu Sesay","SF",0.643,"SEA",0.695,0.024,0.165,0.078,0.082,0.607,0.015,0.024,0.286,0.078,0.089,0.478,0.524,0.042,0.047,0.696,0.082,0.049,0.06,0.016,0.077,0.053,0.05,0.178,0.071,"2004",FALSE,0,0,37,FALSE
"359","Paul Shirley","PF",0.619,"CHI",0.085,0,0.024,0.01,0.011,0.58,0,0.001,0,0.01,0.012,0.455,0.483,0.001,0.003,0.333,0.015,0.008,0.01,0.003,0.004,0.003,0.019,0.024,0.007,"2004",FALSE,0,0,23,FALSE
"360","Bobby Simmons","SF",0.548,"LAC",0.683,0.098,0.389,0.142,0.172,0.525,0.005,0.014,0.167,0.151,0.204,0.402,0.441,0.187,0.174,0.834,0.22,0.146,0.171,0.082,0.207,0.045,0.157,0.456,0.154,"2004",FALSE,0,0,28,FALSE
"362","Tamar Slay","SG",0.548,"NJN",0.268,0,0.047,0.02,0.028,0.467,0.01,0.014,0.333,0.018,0.027,0.354,0.426,0.009,0.014,0.5,0.019,0.015,0.016,0.012,0.028,0.003,0.024,0.054,0.019,"2004",FALSE,0,0,47,FALSE
"363","Jabari Smith","C",0.619,"SAC",0.378,0,0.048,0.025,0.032,0.495,0,0.003,0,0.027,0.038,0.388,0.412,0.016,0.021,0.6,0.021,0.02,0.02,0.009,0.008,0.016,0.015,0.067,0.023,"2004",FALSE,0,0,55,FALSE
"364","Joe Smith","PF",0.667,"MIL",0.927,0.927,0.638,0.301,0.326,0.585,0.002,0.006,0.2,0.323,0.397,0.441,0.489,0.274,0.248,0.859,0.44,0.41,0.42,0.067,0.191,0.25,0.177,0.563,0.293,"2004",FALSE,0,0,41,FALSE
"366","Steve Smith","SG",0.81,"NOH",0.866,0.049,0.263,0.115,0.135,0.541,0.107,0.121,0.402,0.079,0.105,0.409,0.533,0.102,0.085,0.928,0.052,0.054,0.053,0.048,0.061,0.016,0.091,0.245,0.126,"2004",FALSE,0,0,41,FALSE
"367","Theron Smith","SF",0.548,"MEM",0.244,0,0.05,0.015,0.02,0.496,0.015,0.014,0.5,0.01,0.017,0.323,0.491,0.008,0.008,0.75,0.025,0.028,0.027,0.006,0.02,0.013,0.03,0.049,0.016,"2004",FALSE,0,0,50,FALSE
"368","Eric Snow","PG",0.714,"PHI",1,1,0.84,0.285,0.329,0.551,0.005,0.02,0.111,0.305,0.393,0.42,0.46,0.333,0.325,0.797,0.119,0.217,0.184,0.484,0.394,0.016,0.403,0.574,0.298,"2004",FALSE,0,0,33,FALSE
"370","Latrell Sprewell","SF",0.786,"MIN",1,1,0.877,0.501,0.583,0.545,0.246,0.337,0.331,0.436,0.545,0.433,0.498,0.317,0.303,0.814,0.107,0.252,0.203,0.246,0.358,0.056,0.341,0.272,0.486,"2004",FALSE,0,0,58,FALSE
"371","Jerry Stackhouse","SF",0.69,"WAS",0.317,0.207,0.219,0.124,0.148,0.532,0.057,0.073,0.354,0.109,0.144,0.41,0.483,0.11,0.106,0.806,0.031,0.077,0.061,0.088,0.098,0.008,0.19,0.132,0.128,"2004",FALSE,0,0,25,FALSE
"375","Peja Stojakovic","SF",0.619,"SAC",0.988,0.988,0.924,0.643,0.638,0.64,0.597,0.625,0.433,0.442,0.469,0.511,0.629,0.521,0.437,0.927,0.174,0.414,0.332,0.149,0.439,0.037,0.33,0.429,0.694,"2004",FALSE,1,0.228,55,TRUE
"376","Damon Stoudamire","PG",0.714,"POR",1,1,0.883,0.395,0.468,0.535,0.388,0.482,0.365,0.262,0.333,0.426,0.53,0.168,0.149,0.876,0.099,0.254,0.201,0.43,0.402,0.024,0.388,0.466,0.388,"2004",FALSE,0,0,41,FALSE
"377","Amar'e Stoudemire","PF",0.5,"PHO",0.671,0.646,0.573,0.397,0.398,0.633,0.002,0.006,0.2,0.427,0.485,0.477,0.529,0.41,0.448,0.713,0.3,0.337,0.324,0.067,0.26,0.237,0.381,0.507,0.4,"2004",FALSE,0,0,29,FALSE
"378","Erick Strickland","PG",0.714,"MIL",0.524,0,0.162,0.076,0.09,0.537,0.072,0.074,0.439,0.052,0.073,0.385,0.53,0.058,0.052,0.863,0.025,0.058,0.046,0.077,0.106,0.005,0.116,0.17,0.082,"2004",FALSE,0,0,41,FALSE
"382","Mike Sweetney","PF",0.5,"NYK",0.512,0.012,0.14,0.067,0.064,0.657,0,0.001,0,0.072,0.078,0.496,0.548,0.056,0.06,0.724,0.13,0.088,0.103,0.012,0.073,0.032,0.069,0.154,0.064,"2004",FALSE,0,0,39,FALSE
"383","Stromile Swift","PF",0.571,"MEM",0.939,0.122,0.432,0.259,0.263,0.625,0.002,0.005,0.25,0.278,0.32,0.471,0.522,0.251,0.27,0.725,0.27,0.235,0.247,0.033,0.228,0.314,0.19,0.507,0.257,"2004",FALSE,0,0,50,FALSE
"384","Wally Szczerbiak","SF",0.619,"MIN",0.341,0,0.176,0.103,0.109,0.599,0.05,0.052,0.435,0.089,0.107,0.453,0.547,0.07,0.066,0.828,0.046,0.064,0.058,0.028,0.049,0.003,0.06,0.113,0.101,"2004",FALSE,0,0,58,FALSE
"385","Maurice Taylor","PF",0.643,"HOU",0.915,0.122,0.589,0.355,0.352,0.64,0,0.002,0,0.382,0.43,0.481,0.533,0.169,0.179,0.736,0.25,0.251,0.251,0.092,0.175,0.125,0.321,0.682,0.304,"2004",FALSE,0,0,45,FALSE
"386","Jason Terry","PG",0.619,"ATL",0.988,0.951,0.854,0.483,0.55,0.556,0.363,0.475,0.347,0.367,0.437,0.455,0.531,0.284,0.267,0.827,0.094,0.285,0.22,0.375,0.504,0.043,0.494,0.518,0.48,"2004",FALSE,0,0,28,FALSE
"388","Kenny Thomas","PF",0.619,"PHI",0.902,0.878,0.764,0.368,0.374,0.625,0.002,0.006,0.2,0.395,0.456,0.47,0.521,0.321,0.332,0.752,0.499,0.486,0.49,0.095,0.333,0.088,0.371,0.59,0.355,"2004",FALSE,0,0,33,FALSE
"389","Kurt Thomas","PF",0.738,"NYK",0.976,0.915,0.721,0.379,0.382,0.631,0,0.003,0,0.408,0.466,0.475,0.526,0.14,0.131,0.835,0.277,0.513,0.433,0.128,0.228,0.213,0.284,0.803,0.314,"2004",FALSE,0,0,39,FALSE
"391","Jamaal Tinsley","PG",0.595,"IND",0.634,0.524,0.39,0.148,0.17,0.552,0.192,0.234,0.372,0.079,0.092,0.466,0.576,0.065,0.069,0.731,0.054,0.107,0.089,0.26,0.341,0.045,0.237,0.356,0.153,"2004",FALSE,0,0,61,FALSE
"392","Robert Traylor","C",0.619,"NOH",0.866,0,0.267,0.14,0.132,0.673,0.005,0.006,0.4,0.149,0.159,0.507,0.566,0.093,0.132,0.547,0.203,0.155,0.171,0.037,0.159,0.098,0.134,0.434,0.128,"2004",FALSE,0,0,41,FALSE
"393","Gary Trent","C",0.69,"MIN",0.829,0.024,0.29,0.15,0.151,0.631,0,0.007,0,0.161,0.182,0.481,0.526,0.091,0.094,0.758,0.159,0.132,0.141,0.042,0.049,0.045,0.116,0.348,0.134,"2004",FALSE,0,0,58,FALSE
"394","Jeff Trepagnier","SG",0.571,"DEN",0.134,0,0.027,0.01,0.017,0.351,0.005,0.005,0.5,0.008,0.019,0.235,0.321,0.004,0.006,0.5,0.011,0.009,0.01,0.003,0.012,0,0.013,0.019,0.009,"2004",FALSE,0,0,43,FALSE
"397","Nikoloz Tskitishvili","PF",0.476,"DEN",0.476,0,0.087,0.039,0.056,0.437,0.007,0.012,0.273,0.039,0.063,0.333,0.378,0.03,0.03,0.793,0.046,0.039,0.041,0.009,0.024,0.021,0.037,0.135,0.037,"2004",FALSE,0,0,43,FALSE
"398","Hedo Turkoglu","SF",0.571,"SAS",0.976,0.537,0.587,0.253,0.297,0.541,0.251,0.272,0.419,0.168,0.228,0.399,0.538,0.151,0.166,0.708,0.099,0.304,0.234,0.132,0.325,0.085,0.203,0.445,0.261,"2004",FALSE,0,0,57,FALSE
"399","Ime Udoka","SF",0.619,"LAL",0.049,0,0.008,0.003,0.004,0.444,0,0.001,0,0.003,0.005,0.375,0.37,0.003,0.004,0.5,0.002,0.004,0.003,0.002,0.008,0.003,0.006,0.008,0.003,"2004",FALSE,0,0,56,FALSE
"400","Nick Van Exel","PG",0.762,"GSW",0.476,0.354,0.355,0.181,0.22,0.52,0.114,0.169,0.307,0.147,0.186,0.429,0.487,0.093,0.102,0.707,0.031,0.087,0.068,0.177,0.081,0.005,0.168,0.154,0.173,"2004",FALSE,0,0,37,FALSE
"402","Jacque Vaughn","PG",0.667,"ATL",0.866,0.073,0.36,0.103,0.127,0.515,0.007,0.023,0.15,0.108,0.145,0.405,0.436,0.07,0.07,0.779,0.023,0.103,0.076,0.168,0.179,0.005,0.181,0.34,0.095,"2004",FALSE,0,0,28,FALSE
"405","Dwyane Wade","PG",0.524,"MIA",0.744,0.683,0.602,0.359,0.367,0.62,0.04,0.06,0.302,0.369,0.42,0.477,0.528,0.308,0.321,0.747,0.163,0.161,0.161,0.236,0.35,0.09,0.422,0.377,0.35,"2004",FALSE,0,0,42,FALSE
"406","Dajuan Wagner","SG",0.476,"CLE",0.537,0.049,0.2,0.108,0.141,0.488,0.077,0.097,0.36,0.084,0.124,0.368,0.463,0.042,0.048,0.681,0.017,0.049,0.038,0.044,0.106,0.019,0.088,0.24,0.101,"2004",FALSE,0,0,35,FALSE
"407","Antoine Walker","PF",0.643,"DAL",1,1,0.804,0.467,0.52,0.571,0.204,0.344,0.269,0.417,0.465,0.487,0.516,0.136,0.191,0.554,0.379,0.483,0.447,0.317,0.264,0.173,0.435,0.571,0.406,"2004",FALSE,0,0,52,FALSE
"408","Samaki Walker","PF",0.643,"MIA",0.402,0,0.118,0.037,0.046,0.512,0,0.002,0,0.04,0.055,0.392,0.427,0.038,0.045,0.659,0.08,0.07,0.073,0.005,0.037,0.029,0.032,0.146,0.037,"2004",FALSE,0,0,42,FALSE
"409","Ben Wallace","C",0.69,"DET",0.988,0.988,0.863,0.305,0.344,0.561,0.002,0.009,0.125,0.327,0.417,0.424,0.469,0.188,0.298,0.49,0.62,0.677,0.658,0.119,0.581,0.654,0.265,0.437,0.273,"2004",FALSE,0,0.02,54,TRUE
"410","Gerald Wallace","SF",0.5,"SAC",0.451,0.012,0.095,0.031,0.041,0.48,0,0.002,0,0.033,0.049,0.368,0.4,0.015,0.025,0.458,0.067,0.039,0.048,0.016,0.057,0.037,0.017,0.1,0.026,"2004",FALSE,0,0,55,FALSE
"411","John Wallace","SF",0.69,"MIA",0.451,0,0.104,0.059,0.067,0.561,0.012,0.015,0.385,0.058,0.074,0.424,0.487,0.041,0.041,0.775,0.023,0.047,0.039,0.012,0.02,0.021,0.052,0.102,0.056,"2004",FALSE,0,0,42,FALSE
"413","Luke Walton","PF",0.548,"LAL",0.878,0.024,0.207,0.063,0.07,0.567,0.032,0.044,0.333,0.054,0.064,0.456,0.519,0.041,0.045,0.705,0.075,0.087,0.083,0.097,0.114,0.021,0.095,0.189,0.061,"2004",FALSE,0,0,56,FALSE
"415","Earl Watson","PG",0.571,"MEM",0.988,0.171,0.472,0.166,0.214,0.495,0.065,0.12,0.245,0.152,0.202,0.408,0.443,0.119,0.142,0.652,0.094,0.128,0.116,0.345,0.37,0.051,0.315,0.472,0.162,"2004",FALSE,0,0,50,FALSE
"417","Chris Webber","PF",0.714,"SAC",0.28,0.28,0.235,0.168,0.194,0.551,0.002,0.006,0.2,0.18,0.235,0.416,0.46,0.107,0.117,0.711,0.092,0.151,0.131,0.09,0.126,0.053,0.129,0.205,0.152,"2004",FALSE,0,0,55,FALSE
"419","Jiri Welsch","SG",0.571,"BOS",0.988,0.829,0.617,0.253,0.282,0.571,0.172,0.204,0.381,0.201,0.243,0.448,0.538,0.202,0.212,0.743,0.115,0.234,0.193,0.157,0.411,0.019,0.278,0.474,0.263,"2004",FALSE,0,0,36,FALSE
"420","David Wesley","SG",0.786,"NOH",0.744,0.732,0.566,0.301,0.368,0.519,0.229,0.322,0.323,0.228,0.29,0.425,0.496,0.181,0.187,0.753,0.054,0.105,0.088,0.15,0.289,0.037,0.216,0.396,0.3,"2004",FALSE,0,0,41,FALSE
"421","David West","PF",0.548,"NOH",0.866,0.012,0.263,0.104,0.105,0.632,0,0.002,0,0.112,0.127,0.478,0.527,0.075,0.082,0.713,0.224,0.179,0.194,0.052,0.11,0.074,0.103,0.315,0.096,"2004",FALSE,0,0,41,FALSE
"423","Rodney White","SF",0.548,"DEN",0.878,0,0.279,0.208,0.215,0.612,0.082,0.098,0.379,0.189,0.215,0.478,0.55,0.103,0.107,0.75,0.084,0.12,0.108,0.052,0.13,0.053,0.168,0.283,0.191,"2004",FALSE,0,0,43,FALSE
"424","Chris Whitney","PG",0.762,"WAS",0.195,0.061,0.053,0.016,0.021,0.504,0.02,0.02,0.444,0.009,0.015,0.333,0.519,0.007,0.005,1,0.006,0.012,0.01,0.012,0.024,0.005,0.013,0.016,0.017,"2004",FALSE,0,0,25,FALSE
"425","Chris Wilcox","C",0.5,"LAC",0.793,0.207,0.379,0.22,0.201,0.695,0,0.001,0,0.236,0.245,0.522,0.579,0.139,0.154,0.7,0.239,0.179,0.199,0.044,0.118,0.053,0.172,0.493,0.197,"2004",FALSE,0,0,28,FALSE
"426","Mike Wilks","PG",0.571,"HOU",0.317,0,0.041,0.016,0.017,0.629,0.015,0.011,0.6,0.011,0.015,0.423,0.618,0.013,0.012,0.833,0.006,0.013,0.01,0.015,0.012,0,0.015,0.04,0.018,"2004",FALSE,0,0,45,FALSE
"427","Aaron Williams","C",0.762,"NJN",0.878,0.085,0.378,0.166,0.157,0.671,0.002,0.003,0.333,0.178,0.191,0.504,0.56,0.139,0.159,0.677,0.193,0.192,0.192,0.07,0.138,0.122,0.192,0.504,0.159,"2004",FALSE,0,0,47,FALSE
"428","Alvin Williams","SG",0.69,"TOR",0.683,0.659,0.49,0.194,0.228,0.54,0.065,0.1,0.292,0.182,0.23,0.43,0.479,0.087,0.087,0.776,0.034,0.131,0.098,0.192,0.224,0.027,0.168,0.307,0.174,"2004",FALSE,0,0,33,FALSE
"430","Frank Williams","PG",0.548,"NYK",0.683,0.037,0.202,0.077,0.096,0.513,0.045,0.068,0.3,0.065,0.083,0.419,0.476,0.054,0.049,0.854,0.015,0.045,0.035,0.104,0.102,0.016,0.136,0.156,0.077,"2004",FALSE,0,0,39,FALSE
"431","Jason Williams","PG",0.667,"MEM",0.878,0.829,0.599,0.28,0.328,0.543,0.299,0.411,0.33,0.177,0.197,0.487,0.546,0.108,0.101,0.837,0.048,0.121,0.096,0.423,0.374,0.013,0.293,0.261,0.276,"2004",FALSE,0,0,50,FALSE
"433","Mo Williams","SG",0.5,"UTA",0.695,0,0.219,0.111,0.139,0.507,0.025,0.044,0.256,0.109,0.149,0.398,0.44,0.058,0.058,0.786,0.044,0.049,0.047,0.065,0.114,0.005,0.11,0.235,0.1,"2004",FALSE,0,0,42,FALSE
"437","Kevin Willis","C",0.976,"SAS",0.585,0,0.106,0.068,0.069,0.623,0,0.001,0,0.073,0.084,0.47,0.519,0.032,0.04,0.615,0.071,0.061,0.064,0.009,0.085,0.024,0.069,0.164,0.058,"2004",FALSE,0,0,57,FALSE
"439","Qyntel Woods","SF",0.524,"POR",0.756,0.098,0.19,0.085,0.109,0.495,0.025,0.033,0.345,0.081,0.117,0.375,0.436,0.05,0.062,0.633,0.088,0.089,0.089,0.04,0.081,0.037,0.112,0.237,0.079,"2004",FALSE,0,0,41,FALSE
"440","Metta World Peace","SF",0.571,"IND",0.89,0.866,0.768,0.453,0.512,0.561,0.187,0.273,0.31,0.409,0.491,0.452,0.506,0.426,0.452,0.733,0.191,0.283,0.252,0.234,0.618,0.133,0.435,0.523,0.471,"2004",FALSE,0,0,61,FALSE
"441","Lorenzen Wright","C",0.667,"MEM",0.793,0.561,0.474,0.249,0.27,0.585,0,0.006,0,0.267,0.328,0.442,0.488,0.127,0.135,0.733,0.275,0.299,0.291,0.061,0.183,0.154,0.166,0.518,0.215,"2004",FALSE,0,0,50,FALSE
"  1","Shareef Abdur-Rahim","PF",0.667,"POR",0.659,0.598,0.528,0.326,0.308,0.671,0.037,0.044,0.385,0.335,0.356,0.51,0.571,0.291,0.261,0.866,0.235,0.267,0.256,0.095,0.199,0.069,0.252,0.404,0.321,"2005",FALSE,0,0,27,FALSE
"  2","Cory Alexander","SG",0.738,"CHA",0.195,0.012,0.057,0.015,0.023,0.436,0.02,0.021,0.421,0.008,0.017,0.267,0.453,0.012,0.012,0.75,0.015,0.021,0.019,0.032,0.037,0.003,0.041,0.078,0.017,"2005",FALSE,0,0,18,FALSE
"  4","Ray Allen","SG",0.69,"SEA",0.951,0.951,0.867,0.619,0.688,0.571,0.52,0.628,0.376,0.448,0.529,0.459,0.553,0.5,0.44,0.883,0.151,0.266,0.227,0.248,0.341,0.013,0.369,0.45,0.659,"2005",FALSE,0,0.032,52,TRUE
"  5","Tony Allen","SG",0.548,"BOS",0.939,0.415,0.357,0.178,0.178,0.633,0.03,0.035,0.387,0.179,0.201,0.483,0.546,0.148,0.156,0.737,0.163,0.135,0.144,0.055,0.309,0.064,0.166,0.42,0.174,"2005",FALSE,0,0,45,FALSE
"  6","Rafer Alston","PG",0.667,"TOR",0.976,0.951,0.769,0.39,0.448,0.552,0.346,0.439,0.357,0.275,0.33,0.451,0.539,0.253,0.265,0.74,0.08,0.235,0.182,0.442,0.48,0.019,0.366,0.571,0.401,"2005",FALSE,0,0,33,FALSE
"  7","Chris Andersen","C",0.619,"NOH",0.817,0.024,0.405,0.185,0.165,0.712,0,0.003,0,0.199,0.2,0.538,0.593,0.173,0.195,0.689,0.262,0.271,0.268,0.061,0.057,0.266,0.138,0.388,0.181,"2005",FALSE,0,0,18,FALSE
"  8","Derek Anderson","SG",0.714,"POR",0.573,0.39,0.351,0.147,0.18,0.519,0.144,0.17,0.384,0.098,0.135,0.392,0.514,0.093,0.09,0.805,0.048,0.102,0.084,0.123,0.146,0.011,0.151,0.24,0.153,"2005",FALSE,0,0,27,FALSE
" 11","Carmelo Anthony","SF",0.476,"DEN",0.915,0.915,0.738,0.513,0.566,0.575,0.104,0.178,0.266,0.508,0.605,0.455,0.498,0.603,0.59,0.796,0.27,0.283,0.278,0.167,0.276,0.08,0.483,0.617,0.55,"2005",FALSE,0,0,49,FALSE
" 12","Rafael Araujo","C",0.571,"TOR",0.72,0.5,0.208,0.074,0.081,0.579,0.002,0.003,0.333,0.078,0.097,0.436,0.486,0.057,0.057,0.782,0.113,0.125,0.121,0.014,0.085,0.021,0.112,0.423,0.069,"2005",FALSE,0,0,33,FALSE
" 13","Gilbert Arenas","PG",0.548,"WAS",0.976,0.976,0.927,0.634,0.701,0.575,0.51,0.634,0.365,0.469,0.542,0.469,0.553,0.689,0.658,0.814,0.159,0.293,0.247,0.353,0.565,0.061,0.522,0.66,0.72,"2005",FALSE,0,0.003,45,TRUE
" 14","Trevor Ariza","SF",0.452,"NYK",0.976,0.146,0.391,0.166,0.179,0.589,0.007,0.015,0.231,0.176,0.212,0.449,0.496,0.16,0.179,0.695,0.17,0.152,0.158,0.073,0.285,0.048,0.157,0.404,0.165,"2005",FALSE,0,0,33,FALSE
" 17","Chucky Atkins","PG",0.714,"LAL",1,1,0.822,0.375,0.419,0.568,0.438,0.514,0.387,0.221,0.257,0.466,0.581,0.216,0.209,0.803,0.059,0.165,0.129,0.308,0.297,0.005,0.325,0.488,0.394,"2005",FALSE,0,0,34,FALSE
" 21","Marcus Banks","PG",0.548,"BOS",0.988,0.024,0.324,0.111,0.132,0.536,0.052,0.067,0.356,0.098,0.128,0.414,0.488,0.16,0.168,0.742,0.055,0.096,0.082,0.133,0.256,0.035,0.17,0.394,0.131,"2005",FALSE,0,0,45,FALSE
" 22","Leandro Barbosa","PG",0.524,"PHO",0.768,0.073,0.308,0.162,0.163,0.633,0.127,0.157,0.367,0.122,0.121,0.544,0.608,0.073,0.071,0.797,0.061,0.097,0.085,0.108,0.122,0.019,0.188,0.342,0.156,"2005",FALSE,0,0,62,FALSE
" 23","Matt Barnes","SF",0.571,"SAC",0.524,0.11,0.202,0.06,0.069,0.548,0.012,0.025,0.227,0.059,0.073,0.442,0.474,0.046,0.06,0.603,0.094,0.083,0.087,0.049,0.122,0.019,0.097,0.216,0.058,"2005",FALSE,0,0,50,FALSE
" 25","Brent Barry","SG",0.786,"SAS",0.988,0.098,0.493,0.188,0.211,0.564,0.249,0.316,0.357,0.098,0.101,0.525,0.591,0.149,0.139,0.837,0.055,0.16,0.124,0.153,0.159,0.053,0.138,0.332,0.212,"2005",FALSE,0,0,59,FALSE
" 27","Tony Battie","C",0.667,"ORL",0.988,0.39,0.536,0.158,0.163,0.613,0,0.007,0,0.17,0.196,0.468,0.511,0.09,0.097,0.723,0.208,0.341,0.295,0.036,0.122,0.215,0.175,0.658,0.139,"2005",FALSE,0,0,36,FALSE
" 28","Shane Battier","SG",0.619,"MEM",0.976,0.878,0.712,0.262,0.282,0.589,0.174,0.2,0.395,0.209,0.246,0.461,0.554,0.238,0.235,0.789,0.302,0.253,0.27,0.108,0.37,0.205,0.162,0.542,0.28,"2005",FALSE,0,0,45,FALSE
" 30","Raja Bell","SG",0.667,"UTA",0.768,0.39,0.507,0.293,0.307,0.605,0.134,0.151,0.403,0.259,0.301,0.467,0.55,0.148,0.154,0.747,0.092,0.152,0.131,0.078,0.179,0.021,0.17,0.553,0.273,"2005",FALSE,0,0,26,FALSE
" 31","Jonathan Bender","SF",0.571,"IND",0.085,0,0.026,0.015,0.018,0.533,0.002,0.006,0.2,0.016,0.02,0.429,0.459,0.004,0.006,0.5,0.01,0.009,0.009,0.003,0.004,0.005,0.022,0.024,0.013,"2005",FALSE,0,0,44,FALSE
" 32","Travis Best","PG",0.762,"NJN",0.927,0.073,0.414,0.184,0.208,0.56,0.065,0.096,0.306,0.171,0.207,0.447,0.499,0.143,0.126,0.885,0.036,0.087,0.07,0.123,0.268,0.024,0.144,0.399,0.181,"2005",FALSE,0,0,42,FALSE
" 33","Mike Bibby","PG",0.619,"SAC",0.976,0.976,0.873,0.542,0.582,0.591,0.326,0.411,0.36,0.446,0.508,0.477,0.55,0.423,0.425,0.775,0.147,0.253,0.217,0.465,0.504,0.08,0.438,0.515,0.555,"2005",FALSE,0,0,50,FALSE
" 34","Andris Biedrins","C",0.429,"GSW",0.366,0.012,0.109,0.044,0.036,0.769,0,0.001,0,0.047,0.043,0.584,0.641,0.025,0.041,0.475,0.09,0.071,0.077,0.01,0.049,0.064,0.026,0.235,0.038,"2005",FALSE,0,0,34,FALSE
" 35","Chauncey Billups","PG",0.667,"DET",0.976,0.976,0.811,0.391,0.42,0.589,0.41,0.437,0.426,0.249,0.297,0.454,0.592,0.454,0.393,0.898,0.092,0.221,0.177,0.399,0.329,0.024,0.388,0.523,0.465,"2005",FALSE,0,0,54,FALSE
" 36","Steve Blake","PG",0.571,"WAS",0.537,0.012,0.183,0.059,0.086,0.437,0.09,0.105,0.387,0.026,0.052,0.269,0.472,0.044,0.042,0.805,0.034,0.053,0.046,0.059,0.053,0,0.084,0.127,0.067,"2005",FALSE,0,0,45,FALSE
" 37","Mark Blount","C",0.69,"BOS",1,0.695,0.603,0.316,0.284,0.705,0,0.001,0,0.34,0.348,0.53,0.588,0.155,0.169,0.713,0.273,0.252,0.259,0.111,0.134,0.17,0.341,0.617,0.272,"2005",FALSE,0,0,45,FALSE
" 39","Keith Bogans","SG",0.571,"CHA",0.902,0.512,0.507,0.253,0.317,0.508,0.142,0.195,0.329,0.213,0.29,0.398,0.469,0.176,0.188,0.727,0.145,0.149,0.148,0.116,0.276,0.021,0.263,0.45,0.252,"2005",FALSE,0,0,18,FALSE
" 40","Matt Bonner","C",0.571,"TOR",1,0,0.44,0.239,0.213,0.711,0.097,0.104,0.424,0.216,0.209,0.561,0.64,0.074,0.073,0.789,0.207,0.176,0.186,0.041,0.159,0.051,0.086,0.593,0.208,"2005",FALSE,0,0,33,FALSE
" 42","Carlos Boozer","PF",0.548,"UTA",0.622,0.622,0.502,0.349,0.319,0.695,0,0.001,0,0.376,0.39,0.522,0.579,0.247,0.276,0.698,0.27,0.314,0.299,0.124,0.167,0.064,0.295,0.482,0.321,"2005",FALSE,0,0,26,FALSE
" 44","Chris Bosh","PF",0.476,"TOR",0.988,0.988,0.854,0.457,0.462,0.628,0.007,0.011,0.3,0.489,0.561,0.472,0.524,0.545,0.558,0.76,0.371,0.52,0.469,0.131,0.309,0.301,0.403,0.609,0.481,"2005",FALSE,0,0,33,FALSE
" 45","Bruce Bowen","SF",0.786,"SAS",1,1,0.744,0.243,0.275,0.56,0.254,0.286,0.403,0.155,0.195,0.432,0.561,0.094,0.115,0.634,0.096,0.233,0.186,0.108,0.224,0.104,0.123,0.472,0.238,"2005",FALSE,0,0,59,FALSE
" 46","Ryan Bowen","SF",0.69,"HOU",0.805,0.073,0.171,0.045,0.051,0.564,0.007,0.007,0.5,0.046,0.059,0.419,0.486,0.019,0.022,0.667,0.04,0.055,0.05,0.015,0.093,0.013,0.015,0.164,0.039,"2005",FALSE,0,0,51,FALSE
" 47","Earl Boykins","PG",0.667,"DEN",1,0.061,0.612,0.329,0.379,0.551,0.139,0.187,0.337,0.296,0.371,0.432,0.497,0.369,0.312,0.921,0.071,0.105,0.093,0.32,0.317,0.032,0.261,0.329,0.358,"2005",FALSE,0,0,49,FALSE
" 51","Elton Brand","PF",0.595,"LAC",0.988,0.988,0.849,0.608,0.576,0.671,0,0.003,0,0.655,0.704,0.504,0.559,0.481,0.498,0.752,0.566,0.471,0.503,0.179,0.252,0.449,0.394,0.647,0.573,"2005",FALSE,0,0,37,FALSE
" 52","Jamison Brewer","PG",0.571,"NYK",0.22,0,0.052,0.011,0.017,0.396,0.007,0.017,0.2,0.008,0.012,0.364,0.376,0.008,0.013,0.462,0.011,0.016,0.014,0.01,0.033,0.003,0.028,0.03,0.011,"2005",FALSE,0,0,33,FALSE
" 54","Damone Brown","SF",0.595,"WAS",0.171,0,0.043,0.022,0.029,0.495,0.01,0.012,0.364,0.02,0.029,0.373,0.448,0.005,0.009,0.444,0.019,0.018,0.018,0.012,0.004,0.016,0.032,0.046,0.019,"2005",FALSE,0,0,45,FALSE
" 55","Devin Brown","SG",0.619,"SAS",0.817,0,0.35,0.167,0.188,0.564,0.112,0.137,0.372,0.133,0.162,0.444,0.531,0.136,0.134,0.792,0.071,0.138,0.115,0.079,0.159,0.032,0.114,0.224,0.174,"2005",FALSE,0,0,59,FALSE
" 56","Kedrick Brown","SF",0.548,"PHI",0.098,0,0.016,0.002,0.003,0.444,0,0.003,0,0.002,0.002,0.667,0.37,0.011,0.01,0.8,0.002,0.01,0.007,0.003,0.012,0.003,0.011,0.011,0.004,"2005",FALSE,0,0,43,FALSE
" 59","Tierre Brown","PG",0.595,"LAL",0.927,0,0.302,0.12,0.16,0.475,0.065,0.081,0.361,0.102,0.156,0.355,0.438,0.078,0.077,0.787,0.04,0.071,0.061,0.133,0.13,0.003,0.159,0.159,0.118,"2005",FALSE,0,0,34,FALSE
" 60","Rick Brunson","PG",0.762,"LAC",0.976,0.476,0.551,0.161,0.203,0.501,0.119,0.147,0.369,0.123,0.176,0.378,0.478,0.075,0.076,0.77,0.044,0.163,0.122,0.352,0.333,0.019,0.269,0.286,0.154,"2005",FALSE,0,0,37,FALSE
" 61","Kobe Bryant","SG",0.619,"LAL",0.805,0.805,0.761,0.554,0.609,0.577,0.326,0.437,0.339,0.46,0.528,0.472,0.536,0.717,0.683,0.816,0.182,0.295,0.256,0.342,0.35,0.141,0.582,0.469,0.642,"2005",FALSE,0,0,34,FALSE
" 62","Greg Buckner","SG",0.667,"DEN",0.854,0.5,0.431,0.155,0.139,0.704,0.122,0.137,0.405,0.116,0.103,0.61,0.677,0.083,0.083,0.778,0.126,0.141,0.136,0.114,0.305,0.016,0.106,0.456,0.153,"2005",FALSE,0,0,49,FALSE
" 63","Rodney Buford","SF",0.643,"NJN",0.78,0.207,0.372,0.181,0.225,0.509,0.085,0.122,0.315,0.159,0.215,0.402,0.463,0.049,0.046,0.822,0.063,0.155,0.124,0.054,0.163,0.011,0.075,0.272,0.157,"2005",FALSE,0,0,42,FALSE
" 64","Antonio Burks","PG",0.571,"MEM",0.293,0,0.062,0.027,0.028,0.623,0.007,0.012,0.273,0.026,0.028,0.51,0.547,0.019,0.02,0.737,0.002,0.011,0.008,0.024,0.053,0.003,0.026,0.067,0.026,"2005",FALSE,0,0,45,FALSE
" 65","Caron Butler","SF",0.571,"LAL",0.939,0.939,0.777,0.426,0.456,0.593,0.095,0.141,0.304,0.419,0.488,0.465,0.516,0.364,0.328,0.862,0.279,0.302,0.294,0.125,0.447,0.061,0.269,0.574,0.422,"2005",FALSE,0,0,34,FALSE
" 67","Rasual Butler","SF",0.595,"MIA",0.793,0.183,0.341,0.158,0.188,0.532,0.142,0.173,0.373,0.11,0.144,0.414,0.52,0.049,0.049,0.771,0.029,0.135,0.099,0.053,0.073,0.077,0.08,0.28,0.148,"2005",FALSE,0,0,59,FALSE
" 69","Marcus Camby","C",0.714,"DEN",0.805,0.805,0.57,0.27,0.276,0.62,0,0.005,0,0.29,0.336,0.468,0.517,0.165,0.178,0.723,0.25,0.526,0.432,0.131,0.248,0.529,0.222,0.477,0.241,"2005",FALSE,0,0.001,49,TRUE
" 71","Brian Cardinal","PF",0.643,"MEM",0.707,0.195,0.406,0.155,0.199,0.493,0.109,0.141,0.352,0.121,0.173,0.378,0.468,0.209,0.186,0.873,0.12,0.161,0.147,0.098,0.358,0.051,0.179,0.464,0.184,"2005",FALSE,0,0,45,FALSE
" 73","Matt Carroll","SG",0.571,"CHA",0.305,0,0.122,0.068,0.083,0.519,0.032,0.044,0.333,0.059,0.08,0.404,0.472,0.094,0.085,0.855,0.025,0.047,0.039,0.015,0.069,0.005,0.054,0.1,0.079,"2005",FALSE,0,0,18,FALSE
" 74","Anthony Carter","PG",0.69,"MIN",0.805,0.146,0.21,0.07,0.081,0.543,0.005,0.019,0.118,0.073,0.09,0.438,0.458,0.046,0.052,0.686,0.023,0.057,0.045,0.138,0.142,0.048,0.134,0.237,0.064,"2005",FALSE,0,0,44,FALSE
" 76","Sam Cassell","PG",0.833,"MIN",0.72,0.463,0.431,0.309,0.316,0.619,0.067,0.116,0.262,0.304,0.329,0.5,0.538,0.177,0.159,0.865,0.048,0.131,0.103,0.259,0.146,0.037,0.235,0.431,0.282,"2005",FALSE,0,0,44,FALSE
" 78","Lionel Chalmers","PG",0.571,"LAC",0.439,0,0.123,0.041,0.058,0.448,0.03,0.055,0.245,0.031,0.043,0.395,0.427,0.02,0.025,0.625,0.008,0.027,0.02,0.044,0.053,0,0.052,0.081,0.039,"2005",FALSE,0,0,37,FALSE
" 79","Tyson Chandler","C",0.524,"CHI",0.976,0.122,0.62,0.2,0.193,0.659,0,0.002,0,0.215,0.235,0.496,0.549,0.299,0.346,0.673,0.499,0.51,0.507,0.056,0.28,0.375,0.254,0.722,0.226,"2005",FALSE,0,0,47,FALSE
" 80","Calbert Cheaney","SG",0.786,"GSW",0.671,0.061,0.269,0.109,0.122,0.568,0,0.003,0,0.118,0.148,0.431,0.473,0.032,0.038,0.649,0.061,0.091,0.081,0.055,0.069,0.04,0.075,0.256,0.088,"2005",FALSE,0,0,34,FALSE
" 81","Josh Childress","SG",0.5,"ATL",0.976,0.537,0.673,0.292,0.295,0.627,0.032,0.063,0.232,0.301,0.331,0.493,0.534,0.251,0.238,0.823,0.373,0.285,0.315,0.13,0.301,0.093,0.228,0.496,0.285,"2005",FALSE,0,0,13,FALSE
" 84","Mateen Cleaves","PG",0.643,"SEA",0.171,0,0.018,0.005,0.006,0.476,0,0.002,0,0.005,0.007,0.417,0.397,0.004,0.004,0.75,0.004,0.004,0.004,0.006,0.008,0,0.004,0.005,0.005,"2005",FALSE,0,0,52,FALSE
" 85","Derrick Coleman","C",0.881,"DET",0.061,0,0.014,0.003,0.006,0.285,0,0.002,0,0.003,0.007,0.25,0.238,0.004,0.003,1,0.006,0.012,0.01,0,0,0,0.004,0.016,0.003,"2005",FALSE,0,0,54,FALSE
" 86","Jason Collier","C",0.643,"ATL",0.854,0.537,0.267,0.168,0.173,0.617,0.015,0.016,0.429,0.175,0.204,0.464,0.523,0.063,0.073,0.676,0.161,0.099,0.12,0.015,0.061,0.035,0.136,0.396,0.142,"2005",FALSE,0,0,13,FALSE
" 87","Jarron Collins","C",0.619,"UTA",0.61,0.463,0.272,0.063,0.072,0.552,0,0.001,0,0.068,0.088,0.417,0.46,0.11,0.122,0.697,0.109,0.106,0.107,0.052,0.045,0.016,0.073,0.394,0.075,"2005",FALSE,0,0,26,FALSE
" 88","Jason Collins","C",0.619,"NJN",0.976,0.976,0.72,0.18,0.208,0.549,0.005,0.007,0.333,0.191,0.251,0.413,0.461,0.181,0.215,0.656,0.293,0.333,0.319,0.09,0.289,0.189,0.196,0.868,0.18,"2005",FALSE,0,0,42,FALSE
" 89","Nick Collison","C",0.571,"SEA",1,0.049,0.395,0.184,0.163,0.716,0,0.003,0,0.198,0.198,0.541,0.597,0.11,0.121,0.703,0.298,0.218,0.246,0.027,0.138,0.133,0.134,0.679,0.163,"2005",FALSE,0,0,52,FALSE
" 90","Brian Cook","C",0.571,"LAL",0.878,0,0.308,0.17,0.194,0.556,0.194,0.225,0.392,0.102,0.126,0.439,0.566,0.037,0.038,0.757,0.12,0.152,0.141,0.03,0.093,0.069,0.062,0.375,0.162,"2005",FALSE,0,0,34,FALSE
" 91","Omar Cook","PG",0.548,"TOR",0.061,0,0.021,0.01,0.011,0.556,0,0.005,0,0.01,0.011,0.5,0.463,0.004,0.006,0.5,0.004,0.005,0.005,0.019,0.024,0.003,0.013,0.016,0.008,"2005",FALSE,0,0,33,FALSE
" 92","Jamal Crawford","SG",0.571,"NYK",0.854,0.817,0.761,0.423,0.505,0.531,0.46,0.578,0.361,0.262,0.33,0.431,0.537,0.241,0.222,0.843,0.063,0.169,0.133,0.259,0.374,0.051,0.319,0.364,0.438,"2005",FALSE,0,0,33,FALSE
" 93","Austin Croshere","PF",0.69,"IND",0.89,0.268,0.517,0.182,0.229,0.504,0.112,0.196,0.259,0.149,0.182,0.443,0.471,0.299,0.263,0.883,0.197,0.27,0.245,0.084,0.195,0.045,0.224,0.415,0.228,"2005",FALSE,0,0,44,FALSE
" 97","Erick Dampier","C",0.69,"DAL",0.72,0.683,0.455,0.195,0.169,0.733,0,0.003,0,0.21,0.205,0.555,0.611,0.183,0.235,0.605,0.35,0.316,0.327,0.044,0.061,0.213,0.22,0.553,0.191,"2005",FALSE,0,0,58,FALSE
" 98","Antonio Daniels","PG",0.69,"SEA",0.915,0.024,0.573,0.264,0.287,0.584,0.122,0.186,0.297,0.233,0.258,0.489,0.531,0.328,0.313,0.816,0.038,0.148,0.11,0.265,0.207,0.008,0.168,0.21,0.298,"2005",FALSE,0,0,52,FALSE
"100","Marquis Daniels","SG",0.571,"DAL",0.732,0.207,0.4,0.213,0.232,0.583,0.017,0.04,0.2,0.222,0.265,0.454,0.492,0.13,0.137,0.737,0.166,0.128,0.141,0.11,0.337,0.037,0.185,0.334,0.192,"2005",FALSE,0,0,58,FALSE
"104","Josh Davis","PF",0.571,"PHI",0.512,0.061,0.093,0.041,0.051,0.504,0.047,0.06,0.358,0.024,0.033,0.397,0.516,0.019,0.017,0.824,0.055,0.05,0.052,0.01,0.033,0.011,0.032,0.121,0.041,"2005",FALSE,0,0,43,FALSE
"105","Ricky Davis","SG",0.595,"BOS",1,0.134,0.763,0.465,0.479,0.616,0.152,0.203,0.339,0.437,0.486,0.488,0.546,0.378,0.361,0.815,0.126,0.182,0.163,0.211,0.362,0.072,0.442,0.469,0.462,"2005",FALSE,0,0,45,FALSE
"107","Carlos Delfino","SG",0.524,"DET",0.366,0.049,0.13,0.041,0.054,0.479,0.022,0.04,0.257,0.034,0.046,0.402,0.441,0.03,0.041,0.575,0.025,0.042,0.036,0.033,0.089,0.016,0.05,0.119,0.041,"2005",FALSE,0,0,54,FALSE
"108","Tony Delk","SG",0.738,"ATL",0.683,0.012,0.379,0.238,0.272,0.555,0.179,0.228,0.356,0.181,0.219,0.447,0.53,0.136,0.14,0.757,0.054,0.101,0.085,0.089,0.191,0.008,0.116,0.332,0.236,"2005",FALSE,0,0,13,FALSE
"109","Luol Deng","SF",0.452,"CHI",0.744,0.549,0.471,0.271,0.297,0.579,0.077,0.132,0.265,0.259,0.298,0.472,0.509,0.159,0.167,0.741,0.176,0.228,0.21,0.116,0.195,0.072,0.254,0.264,0.251,"2005",FALSE,0,0,47,FALSE
"110","Boris Diaw","SG",0.524,"ATL",0.805,0.305,0.34,0.12,0.135,0.563,0.022,0.056,0.18,0.12,0.138,0.471,0.486,0.075,0.079,0.74,0.103,0.115,0.111,0.128,0.15,0.048,0.188,0.332,0.111,"2005",FALSE,0,0,13,FALSE
"112","Kaniel Dickens","SF",0.619,"NJN",0.134,0,0.017,0.004,0.006,0.381,0.007,0.01,0.333,0.001,0.003,0.2,0.437,0.003,0.002,1,0.006,0.006,0.006,0.001,0.008,0.003,0.004,0.013,0.005,"2005",FALSE,0,0,42,FALSE
"113","DeSagana Diop","C",0.548,"CLE",0.476,0,0.087,0.019,0.032,0.387,0,0.002,0,0.021,0.038,0.299,0.322,0,0.005,0,0.057,0.04,0.046,0.013,0.033,0.072,0.026,0.143,0.014,"2005",FALSE,0,0,42,FALSE
"115","Juan Dixon","SG",0.619,"WAS",0.768,0.049,0.298,0.18,0.206,0.555,0.119,0.166,0.327,0.144,0.169,0.46,0.522,0.115,0.1,0.897,0.061,0.086,0.078,0.095,0.175,0.011,0.147,0.264,0.179,"2005",FALSE,0,0,45,FALSE
"116","Michael Doleac","C",0.643,"MIA",0.976,0.098,0.333,0.143,0.152,0.596,0,0.002,0,0.154,0.186,0.45,0.497,0.033,0.042,0.61,0.141,0.184,0.169,0.04,0.093,0.059,0.078,0.431,0.113,"2005",FALSE,0,0,59,FALSE
"117","Keyon Dooling","PG",0.571,"MIA",0.902,0,0.335,0.134,0.159,0.537,0.047,0.085,0.253,0.125,0.152,0.444,0.478,0.112,0.112,0.78,0.021,0.078,0.059,0.113,0.159,0.029,0.14,0.323,0.135,"2005",FALSE,0,0,59,FALSE
"118","Predrag Drobnjak","C",0.69,"ATL",0.866,0.012,0.406,0.23,0.25,0.584,0.062,0.08,0.352,0.222,0.266,0.451,0.512,0.127,0.123,0.8,0.14,0.164,0.156,0.042,0.171,0.064,0.168,0.372,0.211,"2005",FALSE,0,0,13,FALSE
"119","Chris Duhon","PG",0.524,"CHI",1,0.89,0.616,0.166,0.225,0.469,0.234,0.299,0.355,0.081,0.126,0.35,0.499,0.065,0.069,0.731,0.044,0.189,0.139,0.342,0.333,0.008,0.256,0.553,0.172,"2005",FALSE,0,0,47,FALSE
"120","Tim Duncan","PF",0.667,"SAS",0.805,0.805,0.624,0.5,0.48,0.661,0.007,0.01,0.333,0.535,0.583,0.498,0.553,0.403,0.468,0.67,0.386,0.526,0.478,0.154,0.183,0.463,0.274,0.388,0.474,"2005",FALSE,1,0.258,59,TRUE
"121","Mike Dunleavy","SF",0.571,"GSW",0.963,0.963,0.727,0.395,0.416,0.601,0.266,0.312,0.388,0.313,0.355,0.479,0.567,0.177,0.177,0.779,0.185,0.336,0.284,0.174,0.321,0.069,0.284,0.534,0.373,"2005",FALSE,0,0,34,FALSE
"122","Ronald Dupree","SF",0.571,"DET",0.573,0,0.134,0.059,0.058,0.64,0.002,0.002,0.5,0.062,0.071,0.48,0.538,0.038,0.048,0.617,0.065,0.061,0.062,0.021,0.028,0.027,0.047,0.162,0.054,"2005",FALSE,0,0,54,FALSE
"123","Ndudi Ebi","SG",0.476,"MIN",0.024,0,0.015,0.011,0.01,0.699,0,0.001,0,0.011,0.011,0.55,0.582,0.007,0.009,0.556,0.011,0.01,0.01,0.001,0.004,0.003,0.006,0.019,0.01,"2005",FALSE,0,0,44,FALSE
"126","Howard Eisley","PG",0.762,"UTA",0.902,0.012,0.404,0.156,0.186,0.531,0.067,0.116,0.262,0.139,0.17,0.444,0.479,0.087,0.085,0.795,0.029,0.074,0.059,0.215,0.183,0.024,0.239,0.42,0.147,"2005",FALSE,0,0,26,FALSE
"127","Obinna Ekezie","C",0.69,"ATL",0.512,0.378,0.207,0.076,0.084,0.579,0,0.001,0,0.082,0.102,0.436,0.482,0.095,0.096,0.774,0.132,0.109,0.117,0.009,0.089,0.032,0.097,0.348,0.081,"2005",FALSE,0,0,13,FALSE
"128","Francisco Elson","C",0.667,"DEN",0.817,0.134,0.266,0.098,0.099,0.624,0.002,0.003,0.333,0.104,0.12,0.469,0.522,0.06,0.081,0.57,0.117,0.139,0.131,0.029,0.138,0.109,0.086,0.348,0.088,"2005",FALSE,0,0,49,FALSE
"131","Maurice Evans","SG",0.619,"SAC",0.793,0.134,0.349,0.16,0.172,0.589,0.067,0.093,0.329,0.144,0.164,0.474,0.532,0.078,0.08,0.756,0.168,0.112,0.131,0.039,0.15,0.021,0.073,0.28,0.147,"2005",FALSE,0,0,50,FALSE
"132","Reggie Evans","PF",0.571,"SEA",0.963,0.963,0.532,0.127,0.127,0.635,0,0.002,0,0.136,0.154,0.48,0.529,0.165,0.241,0.534,0.486,0.479,0.481,0.05,0.236,0.04,0.224,0.544,0.137,"2005",FALSE,0,0,52,FALSE
"133","Michael Finley","SG",0.738,"DAL",0.78,0.78,0.667,0.374,0.417,0.569,0.289,0.322,0.407,0.282,0.351,0.436,0.546,0.149,0.14,0.831,0.086,0.215,0.171,0.145,0.195,0.048,0.129,0.332,0.354,"2005",FALSE,0,0,58,FALSE
"134","Derek Fisher","PG",0.714,"GSW",0.902,0.39,0.629,0.287,0.347,0.524,0.269,0.328,0.371,0.197,0.262,0.407,0.517,0.231,0.209,0.862,0.073,0.179,0.142,0.259,0.309,0.011,0.278,0.474,0.31,"2005",FALSE,0,0,34,FALSE
"135","Marcus Fizer","PF",0.619,"MIL",0.659,0,0.256,0.129,0.134,0.607,0,0.007,0,0.138,0.161,0.465,0.506,0.093,0.106,0.68,0.055,0.145,0.114,0.055,0.102,0.035,0.136,0.259,0.119,"2005",FALSE,0,0,30,FALSE
"138","Jeff Foster","C",0.667,"IND",0.744,0.524,0.451,0.162,0.149,0.692,0,0.006,0,0.175,0.18,0.527,0.577,0.119,0.146,0.634,0.392,0.343,0.359,0.037,0.187,0.032,0.119,0.501,0.15,"2005",FALSE,0,0,44,FALSE
"139","Tremaine Fowlkes","SF",0.667,"IND",0.098,0,0.016,0.009,0.008,0.705,0.002,0.003,0.333,0.008,0.008,0.571,0.621,0,0.002,0,0.006,0.005,0.005,0,0.008,0,0.011,0.019,0.007,"2005",FALSE,0,0,44,FALSE
"141","Richie Frahm","SG",0.643,"POR",0.524,0,0.141,0.054,0.064,0.533,0.077,0.09,0.388,0.026,0.034,0.417,0.568,0.028,0.026,0.84,0.033,0.044,0.04,0.026,0.061,0.011,0.03,0.094,0.058,"2005",FALSE,0,0,27,FALSE
"142","Steve Francis","PG",0.643,"ORL",0.951,0.951,0.843,0.544,0.612,0.564,0.095,0.143,0.299,0.546,0.679,0.436,0.487,0.66,0.623,0.823,0.241,0.322,0.294,0.47,0.455,0.074,0.683,0.736,0.587,"2005",FALSE,0,0,36,FALSE
"143","Matt Freije","PF",0.548,"NOH",0.28,0.134,0.125,0.036,0.058,0.388,0.035,0.061,0.259,0.024,0.041,0.315,0.384,0.007,0.008,0.625,0.031,0.045,0.04,0.017,0.053,0.005,0.037,0.108,0.033,"2005",FALSE,0,0,18,FALSE
"147","Alex Garcia","SG",0.571,"NOH",0.098,0.037,0.041,0.017,0.024,0.461,0.012,0.02,0.278,0.014,0.019,0.382,0.438,0.004,0.004,0.75,0.013,0.008,0.01,0.015,0.016,0.003,0.017,0.04,0.016,"2005",FALSE,0,0,18,FALSE
"148","Kevin Garnett","PF",0.667,"MIN",1,1,0.883,0.661,0.626,0.669,0.015,0.028,0.24,0.704,0.753,0.507,0.56,0.589,0.565,0.811,0.472,0.855,0.724,0.4,0.492,0.298,0.478,0.558,0.642,"2005",FALSE,0,0.012,44,TRUE
"149","Pat Garrity","PF",0.667,"ORL",0.866,0,0.27,0.119,0.141,0.536,0.122,0.166,0.333,0.077,0.09,0.465,0.536,0.038,0.034,0.879,0.04,0.102,0.081,0.026,0.077,0.024,0.065,0.288,0.114,"2005",FALSE,0,0,36,FALSE
"150","Pau Gasol","PF",0.571,"MEM",0.683,0.646,0.507,0.345,0.32,0.685,0.002,0.007,0.167,0.37,0.389,0.517,0.571,0.373,0.378,0.768,0.249,0.278,0.268,0.116,0.15,0.247,0.295,0.394,0.352,"2005",FALSE,0,0,45,FALSE
"151","Devean George","SF",0.643,"LAL",0.183,0.037,0.087,0.036,0.048,0.475,0.052,0.065,0.362,0.017,0.026,0.348,0.508,0.02,0.021,0.75,0.025,0.04,0.035,0.012,0.033,0.005,0.026,0.086,0.039,"2005",FALSE,0,0,34,FALSE
"152","Eddie Gill","PG",0.619,"IND",0.89,0.037,0.289,0.078,0.111,0.447,0.09,0.132,0.308,0.047,0.071,0.36,0.454,0.094,0.083,0.877,0.031,0.095,0.073,0.071,0.24,0.013,0.129,0.283,0.095,"2005",FALSE,0,0,44,FALSE
"153","Kendall Gill","SG",0.857,"MIL",0.171,0,0.08,0.031,0.037,0.533,0.007,0.01,0.333,0.03,0.04,0.408,0.466,0.024,0.021,0.9,0.021,0.026,0.024,0.023,0.057,0.011,0.019,0.1,0.03,"2005",FALSE,0,0,30,FALSE
"154","Manu Ginobili","SG",0.643,"SAS",0.902,0.902,0.621,0.355,0.359,0.628,0.241,0.291,0.376,0.281,0.294,0.517,0.592,0.47,0.455,0.803,0.143,0.252,0.215,0.247,0.484,0.072,0.371,0.512,0.419,"2005",FALSE,0,0,59,FALSE
"155","Gordan Giricek","SG",0.643,"UTA",0.988,0.537,0.47,0.274,0.291,0.597,0.095,0.119,0.362,0.255,0.297,0.465,0.531,0.147,0.141,0.81,0.048,0.156,0.119,0.118,0.187,0.029,0.194,0.418,0.252,"2005",FALSE,0,0,26,FALSE
"156","Dion Glover","SG",0.619,"SAS",0.085,0,0.019,0.008,0.01,0.485,0.002,0.009,0.125,0.007,0.008,0.5,0.429,0.011,0.01,0.8,0.006,0.008,0.007,0.003,0.012,0.008,0.004,0.024,0.009,"2005",FALSE,0,0,59,FALSE
"158","Drew Gooden","PF",0.548,"CLE",1,0.976,0.714,0.449,0.434,0.656,0.012,0.032,0.179,0.478,0.516,0.502,0.55,0.332,0.319,0.81,0.396,0.542,0.492,0.112,0.313,0.202,0.287,0.628,0.418,"2005",FALSE,0,0,42,FALSE
"159","Ben Gordon","SG",0.5,"CHI",1,0.037,0.567,0.42,0.486,0.548,0.333,0.374,0.405,0.312,0.409,0.414,0.527,0.308,0.278,0.863,0.105,0.159,0.141,0.141,0.215,0.027,0.401,0.604,0.436,"2005",FALSE,0,0,47,FALSE
"161","Willie Green","SG",0.548,"PHI",0.695,0.256,0.302,0.15,0.195,0.488,0.075,0.119,0.286,0.13,0.179,0.393,0.447,0.128,0.129,0.776,0.042,0.11,0.087,0.086,0.138,0.016,0.162,0.326,0.154,"2005",FALSE,0,0,43,FALSE
"162","Adrian Griffin","SF",0.714,"CHI",0.841,0.012,0.189,0.056,0.074,0.48,0.005,0.01,0.222,0.058,0.086,0.368,0.407,0.044,0.045,0.75,0.099,0.093,0.095,0.046,0.175,0.011,0.065,0.21,0.053,"2005",FALSE,0,0,47,FALSE
"163","Eddie Griffin","PF",0.524,"MIN",0.854,0,0.422,0.195,0.24,0.516,0.167,0.23,0.328,0.14,0.179,0.425,0.501,0.074,0.08,0.718,0.245,0.323,0.296,0.046,0.093,0.314,0.119,0.323,0.186,"2005",FALSE,0,0,44,FALSE
"165","Marcus Haislip","PF",0.571,"IND",0.11,0,0.03,0.013,0.017,0.456,0,0.001,0,0.014,0.021,0.351,0.38,0.008,0.011,0.545,0.01,0.01,0.01,0.003,0.008,0.005,0.013,0.04,0.011,"2005",FALSE,0,0,44,FALSE
"167","Richard Hamilton","SG",0.619,"DET",0.927,0.927,0.828,0.493,0.534,0.587,0.09,0.133,0.305,0.493,0.588,0.455,0.506,0.487,0.441,0.858,0.141,0.219,0.193,0.32,0.313,0.035,0.468,0.625,0.503,"2005",FALSE,0,0,54,FALSE
"169","Ben Handlogten","C",0.738,"UTA",0.256,0.061,0.084,0.042,0.038,0.691,0,0.001,0,0.045,0.046,0.524,0.576,0.012,0.017,0.529,0.044,0.042,0.042,0.011,0.028,0.013,0.039,0.148,0.034,"2005",FALSE,0,0,26,FALSE
"170","Anfernee Hardaway","SF",0.786,"NYK",0.451,0,0.253,0.106,0.12,0.564,0.037,0.056,0.3,0.099,0.118,0.452,0.502,0.045,0.047,0.739,0.036,0.07,0.058,0.064,0.114,0.008,0.108,0.213,0.095,"2005",FALSE,0,0,33,FALSE
"171","Matt Harpring","SF",0.667,"UTA",0.951,0.671,0.731,0.404,0.393,0.652,0.022,0.049,0.209,0.426,0.458,0.504,0.549,0.324,0.324,0.778,0.375,0.282,0.314,0.122,0.285,0.043,0.287,0.674,0.385,"2005",FALSE,0,0,26,FALSE
"172","Al Harrington","SF",0.571,"ATL",0.805,0.805,0.722,0.438,0.454,0.612,0.04,0.084,0.216,0.455,0.514,0.479,0.52,0.312,0.361,0.672,0.277,0.314,0.301,0.179,0.346,0.043,0.44,0.671,0.409,"2005",FALSE,0,0,13,FALSE
"173","Junior Harrington","SG",0.571,"NOH",0.354,0.085,0.156,0.062,0.082,0.48,0.015,0.021,0.316,0.06,0.09,0.365,0.418,0.038,0.036,0.829,0.025,0.05,0.041,0.053,0.102,0.013,0.088,0.194,0.058,"2005",FALSE,0,0,18,FALSE
"175","Devin Harris","PG",0.5,"DAL",0.927,0.232,0.332,0.152,0.168,0.572,0.109,0.148,0.336,0.118,0.133,0.481,0.543,0.103,0.106,0.757,0.054,0.073,0.067,0.145,0.313,0.051,0.177,0.375,0.154,"2005",FALSE,0,0,58,FALSE
"176","Lucious Harris","SG",0.81,"CLE",0.89,0.049,0.319,0.114,0.138,0.527,0.052,0.073,0.323,0.101,0.132,0.415,0.478,0.074,0.071,0.812,0.075,0.081,0.079,0.042,0.11,0.016,0.062,0.183,0.111,"2005",FALSE,0,0,42,FALSE
"178","Jason Hart","PG",0.619,"CHA",0.902,0.329,0.534,0.249,0.264,0.599,0.087,0.107,0.368,0.231,0.27,0.464,0.532,0.208,0.206,0.785,0.034,0.184,0.133,0.315,0.402,0.037,0.22,0.45,0.249,"2005",FALSE,0,0,18,FALSE
"180","Udonis Haslem","PF",0.571,"MIA",0.976,0.976,0.757,0.335,0.295,0.72,0,0.005,0,0.36,0.359,0.543,0.6,0.235,0.231,0.791,0.457,0.484,0.475,0.093,0.256,0.109,0.244,0.701,0.307,"2005",FALSE,0,0,59,FALSE
"181","Trenton Hassell","SG",0.595,"MIN",1,0.622,0.585,0.218,0.219,0.632,0.002,0.012,0.091,0.233,0.262,0.483,0.528,0.119,0.117,0.789,0.153,0.138,0.143,0.11,0.122,0.08,0.138,0.539,0.191,"2005",FALSE,0,0,44,FALSE
"182","Jarvis Hayes","SF",0.548,"WAS",0.659,0.268,0.442,0.199,0.244,0.519,0.104,0.139,0.341,0.171,0.23,0.403,0.476,0.131,0.121,0.839,0.078,0.185,0.148,0.077,0.199,0.024,0.134,0.288,0.195,"2005",FALSE,0,0,45,FALSE
"184","Alan Henderson","PF",0.762,"DAL",0.951,0.122,0.341,0.112,0.101,0.703,0,0.002,0,0.121,0.123,0.532,0.586,0.054,0.078,0.539,0.314,0.183,0.227,0.018,0.118,0.098,0.106,0.402,0.096,"2005",FALSE,0,0,58,FALSE
"185","Nene Hilario","C",0.524,"DEN",0.671,0.22,0.373,0.188,0.178,0.671,0,0.002,0,0.202,0.217,0.505,0.559,0.185,0.218,0.66,0.199,0.219,0.212,0.072,0.203,0.128,0.203,0.45,0.186,"2005",FALSE,0,0,49,FALSE
"186","Grant Hill","SF",0.762,"ORL",0.817,0.817,0.662,0.5,0.467,0.679,0.007,0.015,0.231,0.535,0.565,0.513,0.568,0.37,0.351,0.821,0.147,0.239,0.208,0.189,0.394,0.074,0.347,0.388,0.465,"2005",FALSE,0,0,36,FALSE
"187","Kirk Hinrich","PG",0.571,"CHI",0.939,0.939,0.793,0.43,0.516,0.529,0.361,0.46,0.355,0.312,0.403,0.42,0.512,0.226,0.222,0.792,0.061,0.27,0.199,0.424,0.496,0.056,0.379,0.658,0.426,"2005",FALSE,0,0,47,FALSE
"188","Fred Hoiberg","SG",0.762,"MIN",0.927,0,0.36,0.134,0.131,0.652,0.174,0.164,0.483,0.072,0.078,0.496,0.681,0.118,0.105,0.873,0.061,0.148,0.118,0.073,0.203,0.04,0.043,0.283,0.154,"2005",FALSE,0,0,44,FALSE
"189","Robert Horry","PF",0.81,"SAS",0.915,0.195,0.395,0.152,0.173,0.559,0.127,0.156,0.37,0.11,0.134,0.447,0.541,0.114,0.112,0.789,0.174,0.176,0.175,0.069,0.272,0.16,0.149,0.372,0.159,"2005",FALSE,0,0,59,FALSE
"191","Allan Houston","SG",0.786,"NYK",0.244,0.134,0.151,0.082,0.094,0.553,0.077,0.09,0.388,0.056,0.071,0.432,0.544,0.048,0.044,0.837,0.008,0.019,0.015,0.036,0.033,0.005,0.045,0.108,0.084,"2005",FALSE,0,0,33,FALSE
"192","Dwight Howard","PF",0.452,"ORL",1,1,0.756,0.34,0.312,0.693,0,0.002,0,0.366,0.381,0.521,0.578,0.366,0.425,0.671,0.549,0.532,0.538,0.064,0.313,0.362,0.356,0.625,0.346,"2005",FALSE,0,0,36,FALSE
"193","Josh Howard","SF",0.571,"DAL",0.927,0.927,0.692,0.365,0.365,0.633,0.085,0.13,0.296,0.357,0.382,0.506,0.552,0.225,0.239,0.733,0.323,0.313,0.316,0.094,0.472,0.13,0.263,0.569,0.338,"2005",FALSE,0,0,58,FALSE
"194","Juwan Howard","PF",0.738,"HOU",0.744,0.573,0.46,0.236,0.249,0.601,0,0.001,0,0.254,0.305,0.452,0.501,0.128,0.118,0.843,0.241,0.218,0.226,0.081,0.13,0.013,0.17,0.385,0.207,"2005",FALSE,0,0,51,FALSE
"195","Troy Hudson","PG",0.667,"MIN",0.963,0.39,0.489,0.257,0.306,0.535,0.221,0.291,0.345,0.184,0.229,0.436,0.52,0.093,0.093,0.778,0.036,0.085,0.069,0.243,0.11,0.016,0.244,0.326,0.244,"2005",FALSE,0,0,44,FALSE
"196","Larry Hughes","SG",0.619,"WAS",0.744,0.744,0.667,0.452,0.5,0.573,0.147,0.236,0.282,0.425,0.495,0.465,0.508,0.466,0.466,0.777,0.141,0.306,0.25,0.245,0.715,0.048,0.33,0.453,0.475,"2005",FALSE,0,0,45,FALSE
"197","Ryan Humphrey","SF",0.595,"MEM",0.427,0,0.09,0.041,0.047,0.544,0,0.002,0,0.044,0.057,0.416,0.453,0.024,0.038,0.486,0.096,0.037,0.057,0.005,0.041,0.003,0.05,0.094,0.036,"2005",FALSE,0,0,45,FALSE
"198","Kris Humphries","PF",0.452,"UTA",0.817,0.049,0.247,0.112,0.132,0.539,0.005,0.007,0.333,0.119,0.158,0.406,0.453,0.058,0.104,0.436,0.14,0.123,0.129,0.037,0.102,0.048,0.112,0.259,0.098,"2005",FALSE,0,0,26,FALSE
"200","Lindsey Hunter","SG",0.81,"DET",0.927,0.037,0.324,0.104,0.139,0.477,0.057,0.095,0.274,0.088,0.123,0.39,0.44,0.061,0.06,0.793,0.073,0.084,0.08,0.112,0.276,0.035,0.147,0.337,0.101,"2005",FALSE,0,0,54,FALSE
"201","Steven Hunter","C",0.548,"PHO",0.927,0.037,0.296,0.131,0.101,0.819,0,0.001,0,0.14,0.124,0.616,0.682,0.103,0.168,0.479,0.187,0.128,0.148,0.011,0.016,0.271,0.095,0.353,0.123,"2005",FALSE,0,0,62,FALSE
"202","Andre Iguodala","SG",0.5,"PHI",1,1,0.76,0.26,0.251,0.657,0.117,0.16,0.331,0.231,0.228,0.55,0.596,0.206,0.216,0.743,0.17,0.372,0.303,0.211,0.561,0.128,0.3,0.55,0.262,"2005",FALSE,0,0,43,FALSE
"203","Zydrunas Ilgauskas","C",0.69,"CLE",0.951,0.951,0.74,0.443,0.451,0.624,0.005,0.008,0.286,0.475,0.548,0.469,0.521,0.532,0.517,0.799,0.572,0.37,0.439,0.086,0.215,0.439,0.412,0.844,0.466,"2005",FALSE,0,0,42,FALSE
"205","Allen Iverson","PG",0.69,"PHI",0.915,0.915,0.898,0.746,0.837,0.565,0.259,0.381,0.308,0.694,0.835,0.451,0.503,0.868,0.809,0.835,0.098,0.246,0.195,0.512,0.732,0.024,0.741,0.377,0.813,"2005",FALSE,2,0.189,43,TRUE
"206","Royal Ivey","PG",0.548,"ATL",0.756,0.061,0.229,0.082,0.091,0.572,0.007,0.01,0.333,0.085,0.107,0.434,0.486,0.062,0.069,0.701,0.036,0.065,0.055,0.088,0.159,0.019,0.125,0.377,0.078,"2005",FALSE,0,0,13,FALSE
"207","Bobby Jackson","SG",0.738,"SAC",0.305,0,0.152,0.105,0.117,0.569,0.082,0.108,0.344,0.079,0.09,0.478,0.547,0.066,0.06,0.862,0.044,0.062,0.056,0.051,0.057,0.005,0.06,0.156,0.106,"2005",FALSE,0,0,50,FALSE
"208","Jermaine Jackson","SG",0.667,"NYK",0.256,0,0.065,0.016,0.015,0.687,0,0.002,0,0.018,0.017,0.548,0.572,0.011,0.013,0.615,0.006,0.02,0.015,0.021,0.028,0.003,0.022,0.07,0.015,"2005",FALSE,0,0,33,FALSE
"210","Luke Jackson","SF",0.548,"CLE",0.122,0,0.012,0.01,0.012,0.493,0.01,0.007,0.667,0.006,0.012,0.286,0.493,0.007,0.006,0.833,0.004,0.004,0.004,0.003,0,0,0.004,0.011,0.01,"2005",FALSE,0,0,42,FALSE
"211","Marc Jackson","C",0.714,"PHI",0.988,0.28,0.559,0.329,0.336,0.62,0,0.002,0,0.354,0.411,0.466,0.517,0.382,0.359,0.828,0.352,0.22,0.265,0.07,0.13,0.048,0.282,0.461,0.342,"2005",FALSE,0,0,43,FALSE
"212","Stephen Jackson","SF",0.619,"IND",0.622,0.598,0.511,0.319,0.377,0.537,0.256,0.323,0.36,0.236,0.301,0.426,0.518,0.251,0.236,0.83,0.084,0.205,0.163,0.102,0.26,0.037,0.265,0.415,0.337,"2005",FALSE,0,0,44,FALSE
"214","Jerome James","C",0.69,"SEA",0.976,0.976,0.376,0.168,0.157,0.679,0,0.002,0,0.181,0.192,0.512,0.566,0.062,0.067,0.723,0.155,0.159,0.158,0.016,0.093,0.295,0.19,0.752,0.139,"2005",FALSE,0,0,52,FALSE
"215","LeBron James","SF",0.476,"CLE",0.976,0.976,0.959,0.769,0.775,0.629,0.269,0.348,0.351,0.715,0.776,0.499,0.56,0.631,0.654,0.75,0.212,0.474,0.384,0.496,0.72,0.138,0.565,0.394,0.768,"2005",FALSE,0,0.073,42,TRUE
"217","Antawn Jamison","PF",0.667,"WAS",0.829,0.829,0.737,0.502,0.547,0.583,0.177,0.235,0.341,0.466,0.553,0.457,0.518,0.298,0.305,0.76,0.306,0.357,0.339,0.132,0.224,0.043,0.254,0.407,0.471,"2005",FALSE,0,0,45,FALSE
"218","Marko Jaric","PG",0.619,"LAC",0.61,0.5,0.469,0.183,0.21,0.552,0.139,0.17,0.371,0.138,0.173,0.435,0.528,0.078,0.084,0.72,0.038,0.14,0.105,0.26,0.341,0.045,0.211,0.288,0.174,"2005",FALSE,0,0,37,FALSE
"219","Al Jefferson","PF",0.476,"BOS",0.866,0.012,0.297,0.189,0.17,0.704,0,0.003,0,0.203,0.206,0.533,0.587,0.112,0.139,0.63,0.228,0.192,0.204,0.021,0.089,0.146,0.142,0.526,0.168,"2005",FALSE,0,0,45,FALSE
"220","Richard Jefferson","SF",0.571,"NJN",0.402,0.402,0.384,0.23,0.26,0.563,0.075,0.1,0.337,0.216,0.268,0.438,0.499,0.3,0.277,0.844,0.094,0.19,0.157,0.114,0.134,0.045,0.284,0.294,0.259,"2005",FALSE,0,0,42,FALSE
"221","Jared Jeffries","SF",0.548,"WAS",0.939,0.866,0.568,0.196,0.2,0.624,0.04,0.058,0.314,0.195,0.216,0.488,0.54,0.134,0.178,0.584,0.291,0.22,0.244,0.13,0.268,0.093,0.246,0.555,0.185,"2005",FALSE,0,0,45,FALSE
"222","Horace Jenkins","PG",0.714,"DET",0.183,0,0.029,0.015,0.021,0.444,0,0.01,0,0.016,0.02,0.417,0.37,0.016,0.013,0.923,0.006,0.006,0.006,0.008,0.02,0.003,0.015,0.016,0.015,"2005",FALSE,0,0,54,FALSE
"224","Anthony Johnson","PG",0.714,"IND",0.768,0.439,0.494,0.196,0.21,0.593,0.102,0.122,0.38,0.169,0.196,0.466,0.544,0.112,0.116,0.752,0.061,0.146,0.117,0.259,0.24,0.04,0.207,0.388,0.188,"2005",FALSE,0,0,44,FALSE
"225","DerMarr Johnson","SG",0.571,"DEN",0.866,0.488,0.349,0.179,0.171,0.665,0.132,0.167,0.358,0.137,0.126,0.592,0.633,0.106,0.104,0.792,0.082,0.107,0.099,0.064,0.175,0.048,0.14,0.377,0.178,"2005",FALSE,0,0,49,FALSE
"226","Ervin Johnson","C",0.881,"MIN",0.561,0.28,0.116,0.027,0.025,0.692,0.002,0.001,1,0.028,0.03,0.509,0.587,0.021,0.026,0.64,0.082,0.07,0.074,0.005,0.028,0.035,0.039,0.232,0.026,"2005",FALSE,0,0,44,FALSE
"227","Joe Johnson","SF",0.548,"PHO",1,1,0.917,0.526,0.543,0.615,0.44,0.418,0.478,0.382,0.456,0.454,0.596,0.179,0.185,0.75,0.229,0.3,0.276,0.25,0.321,0.064,0.319,0.45,0.494,"2005",FALSE,0,0,62,FALSE
"229","Dahntay Jones","SG",0.571,"MEM",0.634,0.085,0.184,0.08,0.087,0.583,0.057,0.068,0.383,0.062,0.073,0.462,0.552,0.058,0.066,0.688,0.021,0.058,0.045,0.018,0.053,0.029,0.062,0.218,0.082,"2005",FALSE,0,0,45,FALSE
"230","Damon Jones","PG",0.667,"MIA",1,0.805,0.729,0.32,0.334,0.608,0.56,0.588,0.432,0.11,0.116,0.517,0.679,0.09,0.088,0.791,0.027,0.215,0.151,0.301,0.179,0.013,0.211,0.326,0.337,"2005",FALSE,0,0,59,FALSE
"231","Eddie Jones","SF",0.786,"MIA",0.976,0.976,0.804,0.339,0.377,0.571,0.353,0.431,0.372,0.217,0.247,0.477,0.572,0.23,0.222,0.806,0.073,0.364,0.265,0.182,0.35,0.101,0.213,0.677,0.359,"2005",FALSE,0,0,59,FALSE
"232","Fred Jones","SG",0.595,"IND",0.939,0.171,0.642,0.266,0.298,0.567,0.216,0.258,0.38,0.196,0.236,0.45,0.547,0.233,0.213,0.85,0.065,0.207,0.158,0.168,0.248,0.082,0.246,0.461,0.287,"2005",FALSE,0,0,44,FALSE
"233","James Jones","SF",0.571,"IND",0.915,0.293,0.376,0.122,0.146,0.528,0.164,0.187,0.398,0.062,0.086,0.395,0.556,0.07,0.064,0.855,0.075,0.134,0.114,0.049,0.126,0.074,0.093,0.332,0.131,"2005",FALSE,0,0,44,FALSE
"234","Jumaine Jones","SF",0.595,"LAL",0.927,0.28,0.518,0.203,0.224,0.576,0.254,0.295,0.391,0.112,0.127,0.48,0.597,0.073,0.077,0.733,0.205,0.289,0.26,0.056,0.179,0.064,0.106,0.445,0.204,"2005",FALSE,0,0,34,FALSE
"235","Mark Jones","SF",0.69,"ORL",0.122,0,0.033,0.009,0.014,0.387,0,0.005,0,0.009,0.015,0.333,0.322,0.007,0.01,0.5,0.011,0.007,0.008,0.005,0.02,0.005,0.006,0.043,0.008,"2005",FALSE,0,0,36,FALSE
"236","Chris Kaman","C",0.524,"LAC",0.768,0.61,0.462,0.238,0.228,0.663,0,0.001,0,0.256,0.279,0.498,0.552,0.106,0.124,0.661,0.258,0.286,0.276,0.063,0.106,0.181,0.248,0.491,0.202,"2005",FALSE,0,0,37,FALSE
"237","Jason Kapono","SF",0.548,"CHA",0.988,0.171,0.422,0.26,0.309,0.535,0.199,0.219,0.412,0.197,0.269,0.396,0.512,0.093,0.087,0.824,0.061,0.131,0.107,0.052,0.163,0.016,0.099,0.356,0.243,"2005",FALSE,0,0,18,FALSE
"238","Mario Kasun","C",0.571,"ORL",0.549,0,0.101,0.045,0.045,0.64,0,0.001,0,0.049,0.055,0.485,0.533,0.032,0.044,0.558,0.099,0.075,0.084,0.007,0.033,0.035,0.056,0.232,0.042,"2005",FALSE,0,0,36,FALSE
"239","Viktor Khryapa","SF",0.524,"POR",0.39,0.061,0.148,0.052,0.057,0.58,0.01,0.012,0.364,0.052,0.064,0.442,0.502,0.03,0.043,0.548,0.054,0.079,0.071,0.021,0.081,0.048,0.071,0.216,0.048,"2005",FALSE,0,0,27,FALSE
"240","Jason Kidd","PG",0.738,"NJN",0.805,0.793,0.689,0.329,0.393,0.531,0.321,0.404,0.36,0.22,0.28,0.425,0.526,0.188,0.198,0.74,0.18,0.391,0.319,0.468,0.5,0.024,0.36,0.296,0.336,"2005",FALSE,0,0,42,FALSE
"241","Andrei Kirilenko","PF",0.548,"UTA",0.5,0.451,0.382,0.2,0.193,0.657,0.057,0.087,0.299,0.191,0.193,0.536,0.578,0.269,0.266,0.784,0.17,0.165,0.167,0.113,0.272,0.362,0.194,0.272,0.226,"2005",FALSE,0,0,26,FALSE
"242","Kerry Kittles","SG",0.714,"LAC",0.134,0,0.069,0.027,0.034,0.512,0.017,0.024,0.333,0.022,0.029,0.404,0.48,0.008,0.01,0.6,0.002,0.031,0.021,0.017,0.033,0.008,0.015,0.032,0.024,"2005",FALSE,0,0,37,FALSE
"244","Brevin Knight","PG",0.69,"CHA",0.805,0.744,0.55,0.24,0.27,0.563,0.007,0.023,0.15,0.255,0.32,0.432,0.472,0.221,0.202,0.852,0.04,0.148,0.111,0.508,0.533,0.013,0.317,0.518,0.235,"2005",FALSE,0,0,18,FALSE
"245","Kyle Korver","SF",0.548,"PHI",1,0.695,0.755,0.307,0.349,0.557,0.562,0.63,0.405,0.095,0.113,0.453,0.63,0.108,0.099,0.854,0.076,0.337,0.248,0.156,0.419,0.088,0.228,0.714,0.333,"2005",FALSE,0,0,43,FALSE
"246","Nenad Krstic","PF",0.5,"NJN",0.915,0.695,0.556,0.272,0.262,0.657,0,0.002,0,0.292,0.32,0.495,0.548,0.245,0.262,0.725,0.308,0.238,0.262,0.066,0.13,0.168,0.241,0.755,0.264,"2005",FALSE,0,0,42,FALSE
"247","Toni Kukoc","SF",0.857,"MIL",0.646,0.073,0.311,0.102,0.118,0.547,0.104,0.131,0.362,0.066,0.079,0.45,0.547,0.058,0.063,0.721,0.059,0.128,0.105,0.137,0.159,0.035,0.138,0.189,0.105,"2005",FALSE,0,0,30,FALSE
"249","Christian Laettner","PF",0.833,"MIA",0.598,0,0.209,0.103,0.085,0.776,0.002,0.008,0.143,0.11,0.1,0.599,0.649,0.06,0.061,0.763,0.069,0.094,0.086,0.035,0.13,0.04,0.062,0.21,0.092,"2005",FALSE,0,0,59,FALSE
"250","Raef LaFrentz","PF",0.667,"BOS",0.976,0.976,0.622,0.33,0.317,0.661,0.204,0.254,0.364,0.27,0.261,0.559,0.617,0.159,0.152,0.811,0.294,0.396,0.361,0.084,0.171,0.263,0.151,0.706,0.312,"2005",FALSE,0,0,45,FALSE
"252","Voshon Lenard","SG",0.738,"DEN",0.037,0.012,0.015,0.01,0.012,0.513,0.01,0.014,0.333,0.006,0.008,0.429,0.513,0.007,0.008,0.625,0,0.006,0.004,0.005,0.004,0,0.004,0.005,0.01,"2005",FALSE,0,0,49,FALSE
"253","Rashard Lewis","SF",0.595,"SEA",0.866,0.866,0.763,0.515,0.53,0.616,0.43,0.488,0.4,0.374,0.406,0.499,0.597,0.291,0.291,0.777,0.21,0.276,0.254,0.081,0.305,0.165,0.265,0.426,0.514,"2005",FALSE,0,0,52,FALSE
"254","Randy Livingston","PG",0.69,"UTA",0.207,0.049,0.064,0.021,0.024,0.564,0.012,0.009,0.625,0.018,0.025,0.386,0.523,0.02,0.017,0.882,0.006,0.009,0.008,0.039,0.049,0.005,0.03,0.075,0.023,"2005",FALSE,0,0,26,FALSE
"255","Shaun Livingston","PG",0.452,"LAC",0.366,0.183,0.23,0.086,0.099,0.552,0,0.002,0,0.093,0.12,0.418,0.46,0.058,0.061,0.746,0.042,0.067,0.058,0.13,0.13,0.029,0.162,0.221,0.078,"2005",FALSE,0,0,37,FALSE
"256","Raul Lopez","PG",0.571,"UTA",0.378,0.183,0.147,0.055,0.062,0.563,0.05,0.051,0.444,0.039,0.051,0.411,0.551,0.036,0.034,0.818,0.013,0.032,0.025,0.106,0.089,0.008,0.101,0.21,0.057,"2005",FALSE,0,0,26,FALSE
"258","George Lynch","SF",0.81,"NOH",0.537,0.329,0.264,0.066,0.087,0.48,0.027,0.042,0.297,0.059,0.086,0.375,0.432,0.022,0.024,0.739,0.105,0.118,0.114,0.076,0.13,0.032,0.123,0.224,0.058,"2005",FALSE,0,0,18,FALSE
"260","Corey Maggette","SG",0.595,"LAC",0.805,0.732,0.689,0.411,0.454,0.575,0.127,0.19,0.304,0.389,0.461,0.457,0.508,0.745,0.676,0.857,0.134,0.322,0.258,0.193,0.285,0.021,0.42,0.515,0.517,"2005",FALSE,0,0,37,FALSE
"262","Stephon Marbury","PG",0.643,"NYK",1,1,0.929,0.584,0.602,0.616,0.286,0.367,0.354,0.509,0.554,0.497,0.562,0.606,0.565,0.834,0.096,0.197,0.162,0.574,0.496,0.016,0.502,0.501,0.629,"2005",FALSE,0,0,33,FALSE
"263","Shawn Marion","PF",0.619,"PHO",0.988,0.988,0.89,0.593,0.593,0.635,0.284,0.385,0.334,0.519,0.535,0.526,0.578,0.303,0.283,0.833,0.449,0.675,0.598,0.132,0.663,0.316,0.269,0.536,0.554,"2005",FALSE,0,0.001,62,TRUE
"264","Sean Marks","PF",0.69,"SAS",0.28,0,0.069,0.026,0.037,0.451,0,0.003,0,0.028,0.043,0.351,0.376,0.029,0.029,0.786,0.034,0.038,0.037,0.007,0.012,0.029,0.03,0.078,0.027,"2005",FALSE,0,0,59,FALSE
"265","Donyell Marshall","PF",0.738,"TOR",0.793,0.024,0.466,0.253,0.272,0.591,0.376,0.41,0.416,0.116,0.129,0.485,0.633,0.095,0.094,0.791,0.182,0.331,0.28,0.07,0.232,0.122,0.091,0.367,0.264,"2005",FALSE,0,0,33,FALSE
"266","Darrick Martin","PG",0.786,"LAC",0.134,0,0.054,0.015,0.023,0.427,0.012,0.02,0.278,0.011,0.018,0.344,0.411,0.007,0.008,0.625,0.006,0.007,0.007,0.024,0.024,0,0.013,0.051,0.015,"2005",FALSE,0,0,37,FALSE
"267","Kenyon Martin","PF",0.643,"DEN",0.854,0.817,0.643,0.429,0.417,0.653,0,0.014,0,0.462,0.505,0.496,0.544,0.263,0.317,0.646,0.279,0.362,0.334,0.146,0.407,0.207,0.321,0.615,0.384,"2005",FALSE,0,0,49,FALSE
"268","Kevin Martin","PG",0.5,"SAC",0.549,0,0.129,0.044,0.054,0.513,0.012,0.028,0.2,0.042,0.052,0.435,0.451,0.048,0.057,0.655,0.055,0.029,0.038,0.019,0.065,0.008,0.052,0.094,0.046,"2005",FALSE,0,0,50,FALSE
"269","Desmond Mason","SF",0.643,"MIL",0.976,0.866,0.819,0.462,0.497,0.591,0.002,0.009,0.125,0.496,0.604,0.445,0.492,0.556,0.539,0.802,0.163,0.225,0.204,0.186,0.236,0.072,0.353,0.534,0.486,"2005",FALSE,0,0,30,FALSE
"273","Antonio McDyess","PF",0.714,"DET",0.939,0.098,0.509,0.297,0.275,0.684,0,0.001,0,0.319,0.337,0.514,0.57,0.167,0.198,0.656,0.338,0.303,0.315,0.061,0.187,0.138,0.2,0.55,0.261,"2005",FALSE,0,0,54,FALSE
"274","Tracy McGrady","SF",0.595,"HOU",0.951,0.951,0.901,0.691,0.764,0.575,0.353,0.491,0.326,0.596,0.691,0.468,0.526,0.57,0.573,0.774,0.136,0.41,0.316,0.385,0.549,0.138,0.433,0.45,0.707,"2005",FALSE,0,0.035,51,TRUE
"275","Jeff McInnis","PG",0.714,"CLE",0.927,0.841,0.75,0.365,0.421,0.549,0.226,0.298,0.345,0.298,0.367,0.439,0.513,0.172,0.165,0.813,0.061,0.124,0.103,0.336,0.228,0.003,0.252,0.477,0.344,"2005",FALSE,0,0,42,FALSE
"276","Aaron McKie","SG",0.762,"PHI",0.829,0.037,0.316,0.059,0.065,0.573,0.05,0.07,0.323,0.043,0.045,0.513,0.556,0.013,0.016,0.625,0.038,0.151,0.112,0.088,0.195,0.045,0.067,0.313,0.054,"2005",FALSE,0,0,43,FALSE
"277","Keith McLeod","PG",0.595,"UTA",0.646,0.573,0.391,0.138,0.188,0.467,0.045,0.081,0.25,0.13,0.19,0.372,0.414,0.148,0.15,0.767,0.038,0.092,0.074,0.203,0.256,0.032,0.213,0.372,0.147,"2005",FALSE,0,0,26,FALSE
"278","Stanislav Medvedenko","PF",0.595,"LAL",0.524,0.049,0.12,0.069,0.072,0.607,0,0.001,0,0.074,0.087,0.458,0.506,0.03,0.029,0.821,0.059,0.048,0.052,0.011,0.037,0.005,0.028,0.173,0.058,"2005",FALSE,0,0,34,FALSE
"279","Ron Mercer","SF",0.667,"NJN",0.22,0.037,0.11,0.063,0.073,0.548,0,0.003,0,0.068,0.087,0.419,0.457,0.009,0.01,0.7,0.017,0.031,0.026,0.017,0.065,0.005,0.03,0.054,0.048,"2005",FALSE,0,0,42,FALSE
"280","Chris Mihm","C",0.595,"LAL",0.915,0.915,0.529,0.271,0.254,0.676,0,0.002,0,0.291,0.31,0.509,0.563,0.231,0.265,0.678,0.377,0.303,0.328,0.043,0.057,0.287,0.237,0.639,0.26,"2005",FALSE,0,0,34,FALSE
"281","Darius Miles","SF",0.548,"POR",0.768,0.268,0.481,0.325,0.321,0.643,0.02,0.026,0.348,0.341,0.38,0.487,0.542,0.171,0.221,0.6,0.136,0.226,0.195,0.111,0.305,0.207,0.338,0.509,0.286,"2005",FALSE,0,0,27,FALSE
"283","Andre Miller","PG",0.667,"DEN",1,1,0.807,0.413,0.412,0.636,0.015,0.044,0.154,0.438,0.483,0.492,0.533,0.335,0.311,0.838,0.191,0.236,0.221,0.489,0.492,0.021,0.474,0.55,0.393,"2005",FALSE,0,0,49,FALSE
"285","Brad Miller","C",0.667,"SAC",0.683,0.683,0.591,0.309,0.28,0.699,0.012,0.021,0.263,0.327,0.333,0.532,0.587,0.308,0.295,0.812,0.266,0.379,0.341,0.189,0.28,0.181,0.177,0.488,0.309,"2005",FALSE,0,0,50,FALSE
"286","Mike Miller","SF",0.571,"MEM",0.927,0.622,0.645,0.374,0.353,0.673,0.348,0.365,0.433,0.257,0.25,0.558,0.663,0.143,0.154,0.72,0.069,0.262,0.196,0.189,0.22,0.061,0.274,0.531,0.361,"2005",FALSE,0,0,45,FALSE
"287","Reggie Miller","SG",0.929,"IND",0.805,0.805,0.596,0.304,0.331,0.583,0.239,0.336,0.322,0.227,0.237,0.518,0.559,0.331,0.276,0.933,0.034,0.137,0.102,0.125,0.203,0.013,0.166,0.294,0.344,"2005",FALSE,0,0,44,FALSE
"292","Mikki Moore","PF",0.69,"LAC",0.902,0.049,0.333,0.139,0.132,0.669,0.002,0.006,0.2,0.149,0.159,0.507,0.559,0.142,0.14,0.787,0.185,0.148,0.161,0.04,0.077,0.085,0.136,0.466,0.14,"2005",FALSE,0,0,37,FALSE
"294","Troy Murphy","PF",0.571,"GSW",0.854,0.841,0.672,0.379,0.436,0.552,0.147,0.167,0.399,0.347,0.451,0.417,0.494,0.308,0.328,0.73,0.48,0.501,0.494,0.083,0.215,0.088,0.233,0.512,0.38,"2005",FALSE,0,0,34,FALSE
"295","Lamond Murray","SF",0.738,"TOR",0.756,0.012,0.26,0.128,0.143,0.568,0.114,0.119,0.438,0.089,0.116,0.42,0.556,0.081,0.082,0.763,0.084,0.119,0.107,0.04,0.13,0.043,0.116,0.229,0.131,"2005",FALSE,0,0,33,FALSE
"296","Ronald Murray","SG",0.595,"SEA",0.598,0.073,0.25,0.127,0.167,0.481,0.06,0.107,0.253,0.111,0.151,0.399,0.438,0.078,0.082,0.738,0.029,0.082,0.064,0.056,0.122,0.029,0.123,0.159,0.122,"2005",FALSE,0,0,52,FALSE
"298","Mamadou N'Diaye","C",0.69,"LAC",0.134,0,0.02,0.008,0.009,0.533,0,0.001,0,0.008,0.011,0.421,0.444,0.005,0.007,0.571,0.017,0.009,0.012,0.001,0.004,0.013,0,0.054,0.007,"2005",FALSE,0,0,37,FALSE
"300","Lee Nailon","SF",0.69,"NOH",0.829,0.622,0.571,0.401,0.4,0.637,0,0.002,0,0.432,0.489,0.479,0.531,0.176,0.17,0.806,0.245,0.169,0.195,0.094,0.146,0.043,0.237,0.512,0.34,"2005",FALSE,0,0,18,FALSE
"302","Steve Nash","PG",0.714,"PHO",0.915,0.915,0.728,0.416,0.394,0.669,0.234,0.246,0.431,0.35,0.36,0.526,0.619,0.279,0.245,0.887,0.109,0.191,0.163,0.74,0.301,0.016,0.528,0.367,0.411,"2005",TRUE,65,0.839,62,TRUE
"303","Jameer Nelson","PG",0.524,"ORL",0.963,0.256,0.456,0.277,0.289,0.607,0.109,0.159,0.312,0.252,0.275,0.497,0.544,0.097,0.11,0.682,0.099,0.14,0.126,0.204,0.317,0.008,0.252,0.536,0.243,"2005",FALSE,0,0,36,FALSE
"305","Ira Newble","SG",0.714,"CLE",0.902,0.841,0.519,0.176,0.195,0.572,0.047,0.06,0.358,0.17,0.209,0.439,0.502,0.073,0.071,0.797,0.149,0.141,0.144,0.078,0.203,0.048,0.131,0.388,0.155,"2005",FALSE,0,0,42,FALSE
"306","Andres Nocioni","SF",0.595,"CHI",0.988,0.463,0.536,0.233,0.277,0.535,0.062,0.109,0.258,0.225,0.284,0.429,0.469,0.225,0.228,0.766,0.132,0.315,0.252,0.105,0.15,0.09,0.291,0.561,0.239,"2005",FALSE,0,0,47,FALSE
"308","Dirk Nowitzki","PF",0.619,"DAL",0.951,0.951,0.855,0.641,0.665,0.612,0.226,0.257,0.399,0.595,0.686,0.47,0.544,0.813,0.728,0.869,0.184,0.656,0.495,0.206,0.394,0.316,0.379,0.59,0.718,"2005",FALSE,0,0.275,58,TRUE
"309","Jermaine O'Neal","PF",0.619,"IND",0.537,0.5,0.433,0.373,0.393,0.603,0.002,0.007,0.167,0.401,0.478,0.454,0.503,0.39,0.402,0.754,0.163,0.301,0.254,0.07,0.102,0.234,0.282,0.466,0.377,"2005",FALSE,0,0,44,FALSE
"311","Lamar Odom","PF",0.595,"LAL",0.78,0.78,0.657,0.354,0.356,0.631,0.09,0.132,0.308,0.343,0.371,0.502,0.551,0.274,0.307,0.695,0.256,0.515,0.427,0.204,0.171,0.173,0.347,0.569,0.344,"2005",FALSE,0,0,34,FALSE
"312","Emeka Okafor","PF",0.524,"CHA",0.89,0.89,0.736,0.433,0.462,0.596,0,0.001,0,0.466,0.565,0.447,0.497,0.276,0.353,0.609,0.526,0.516,0.52,0.055,0.252,0.332,0.269,0.577,0.39,"2005",FALSE,0,0,18,FALSE
"313","Mehmet Okur","C",0.595,"UTA",1,0.305,0.652,0.342,0.348,0.624,0.042,0.071,0.27,0.351,0.391,0.486,0.532,0.435,0.398,0.85,0.371,0.419,0.403,0.143,0.13,0.181,0.304,0.612,0.372,"2005",FALSE,0,0,26,FALSE
"316","Greg Ostertag","C",0.738,"SAC",0.683,0.037,0.157,0.036,0.039,0.587,0,0.002,0,0.039,0.046,0.451,0.489,0.017,0.039,0.342,0.105,0.111,0.109,0.032,0.028,0.106,0.052,0.237,0.031,"2005",FALSE,0,0,50,FALSE
"318","Travis Outlaw","SF",0.476,"POR",0.72,0.024,0.224,0.129,0.123,0.664,0.01,0.011,0.4,0.134,0.145,0.502,0.562,0.065,0.077,0.653,0.076,0.08,0.079,0.03,0.122,0.106,0.084,0.208,0.113,"2005",FALSE,0,0,27,FALSE
"319","Zaza Pachulia","C",0.476,"MIL",0.902,0.049,0.395,0.155,0.163,0.603,0,0.001,0,0.166,0.199,0.453,0.502,0.183,0.19,0.746,0.25,0.245,0.247,0.052,0.179,0.09,0.151,0.447,0.162,"2005",FALSE,0,0,30,FALSE
"320","Scott Padgett","PF",0.667,"HOU",0.805,0,0.267,0.095,0.107,0.561,0.124,0.142,0.397,0.05,0.06,0.449,0.587,0.038,0.041,0.725,0.09,0.137,0.121,0.047,0.134,0.027,0.065,0.321,0.097,"2005",FALSE,0,0,51,FALSE
"321","Milt Palacio","PG",0.619,"TOR",0.976,0.049,0.434,0.169,0.18,0.595,0.005,0.014,0.167,0.18,0.214,0.455,0.499,0.152,0.159,0.742,0.05,0.107,0.088,0.24,0.195,0.035,0.224,0.34,0.165,"2005",FALSE,0,0,33,FALSE
"322","Jannero Pargo","PG",0.595,"CHI",0.39,0,0.128,0.079,0.098,0.513,0.057,0.074,0.348,0.061,0.083,0.401,0.488,0.022,0.024,0.739,0.023,0.035,0.031,0.065,0.065,0.003,0.097,0.143,0.072,"2005",FALSE,0,0,47,FALSE
"324","Tony Parker","PG",0.524,"SAS",0.976,0.976,0.774,0.521,0.514,0.643,0.107,0.176,0.276,0.516,0.543,0.516,0.557,0.278,0.332,0.65,0.09,0.249,0.195,0.422,0.398,0.011,0.463,0.45,0.47,"2005",FALSE,0,0,59,FALSE
"325","Ruben Patterson","SF",0.69,"POR",0.854,0.439,0.554,0.309,0.277,0.708,0.005,0.028,0.08,0.33,0.325,0.55,0.591,0.224,0.29,0.599,0.241,0.146,0.178,0.119,0.431,0.056,0.308,0.442,0.286,"2005",FALSE,0,0,27,FALSE
"326","Sasha Pavlovic","SG",0.5,"CLE",0.793,0.11,0.244,0.116,0.127,0.58,0.075,0.088,0.385,0.094,0.112,0.455,0.543,0.058,0.066,0.688,0.029,0.056,0.046,0.042,0.118,0.011,0.101,0.326,0.111,"2005",FALSE,0,0,42,FALSE
"327","Gary Payton","PG",0.857,"BOS",0.939,0.939,0.719,0.328,0.334,0.624,0.104,0.146,0.326,0.309,0.336,0.498,0.552,0.202,0.207,0.761,0.092,0.187,0.154,0.403,0.358,0.032,0.319,0.326,0.308,"2005",FALSE,0,0,45,FALSE
"328","Anthony Peeler","SG",0.833,"WAS",0.488,0,0.15,0.054,0.069,0.497,0.062,0.073,0.385,0.032,0.048,0.365,0.508,0.021,0.019,0.889,0.027,0.051,0.042,0.049,0.073,0.005,0.06,0.105,0.054,"2005",FALSE,0,0,45,FALSE
"332","Morris Peterson","SG",0.643,"TOR",1,0.744,0.71,0.344,0.39,0.56,0.321,0.378,0.385,0.236,0.289,0.442,0.551,0.249,0.233,0.832,0.136,0.267,0.222,0.145,0.37,0.048,0.2,0.59,0.363,"2005",FALSE,0,0,33,FALSE
"333","Eric Piatkowski","SG",0.81,"CHI",0.829,0.134,0.238,0.107,0.119,0.573,0.142,0.151,0.425,0.056,0.07,0.435,0.601,0.06,0.058,0.804,0.029,0.064,0.052,0.044,0.118,0.003,0.08,0.181,0.114,"2005",FALSE,0,0,47,FALSE
"334","Paul Pierce","SF",0.643,"BOS",1,1,0.838,0.538,0.563,0.607,0.269,0.33,0.37,0.466,0.525,0.481,0.554,0.726,0.687,0.822,0.149,0.458,0.352,0.299,0.541,0.104,0.496,0.687,0.625,"2005",FALSE,0,0,45,FALSE
"335","Mickael Pietrus","SF",0.524,"GSW",0.817,0.037,0.379,0.207,0.231,0.569,0.167,0.22,0.344,0.153,0.173,0.48,0.549,0.187,0.208,0.698,0.124,0.123,0.124,0.07,0.187,0.048,0.198,0.375,0.225,"2005",FALSE,0,0,34,FALSE
"336","Zoran Planinic","PG",0.524,"NJN",0.524,0.098,0.146,0.075,0.08,0.597,0.037,0.045,0.375,0.066,0.076,0.47,0.546,0.061,0.068,0.697,0.036,0.05,0.045,0.038,0.102,0,0.088,0.205,0.077,"2005",FALSE,0,0,42,FALSE
"340","James Posey","SF",0.667,"MEM",0.61,0.22,0.391,0.123,0.164,0.476,0.137,0.201,0.309,0.075,0.1,0.404,0.482,0.127,0.114,0.865,0.086,0.173,0.143,0.076,0.195,0.061,0.149,0.361,0.143,"2005",FALSE,0,0,45,FALSE
"341","Vitaly Potapenko","C",0.69,"SEA",0.402,0.012,0.095,0.044,0.04,0.689,0,0.001,0,0.047,0.049,0.523,0.574,0.036,0.032,0.871,0.057,0.048,0.051,0.008,0.028,0.008,0.026,0.143,0.041,"2005",FALSE,0,0,52,FALSE
"342","Tayshaun Prince","SF",0.571,"DET",1,1,0.86,0.454,0.443,0.649,0.117,0.156,0.341,0.439,0.465,0.512,0.568,0.292,0.282,0.807,0.254,0.3,0.284,0.212,0.228,0.189,0.291,0.434,0.426,"2005",FALSE,0,0,54,FALSE
"343","Laron Profit","SF",0.643,"WAS",0.512,0.049,0.121,0.054,0.059,0.584,0.02,0.032,0.286,0.05,0.056,0.48,0.521,0.021,0.026,0.64,0.046,0.052,0.05,0.032,0.065,0.013,0.058,0.119,0.048,"2005",FALSE,0,0,45,FALSE
"345","Vladimir Radmanovic","PF",0.571,"SEA",0.768,0,0.525,0.257,0.299,0.545,0.318,0.371,0.389,0.144,0.181,0.43,0.564,0.107,0.106,0.786,0.099,0.235,0.189,0.074,0.232,0.082,0.172,0.464,0.262,"2005",FALSE,0,0,52,FALSE
"348","Zach Randolph","PF",0.548,"POR",0.561,0.451,0.454,0.321,0.341,0.597,0,0.007,0,0.345,0.415,0.452,0.498,0.274,0.261,0.815,0.272,0.298,0.289,0.074,0.138,0.045,0.241,0.302,0.308,"2005",FALSE,0,0,27,FALSE
"351","Michael Redd","SG",0.595,"MIL",0.915,0.915,0.806,0.604,0.653,0.588,0.259,0.331,0.355,0.542,0.635,0.463,0.53,0.488,0.444,0.854,0.138,0.238,0.204,0.148,0.256,0.021,0.287,0.41,0.608,"2005",FALSE,0,0,30,FALSE
"352","Justin Reed","SF",0.548,"BOS",0.28,0,0.034,0.015,0.013,0.689,0,0.003,0,0.016,0.015,0.577,0.574,0.015,0.015,0.733,0.015,0.008,0.01,0.009,0.012,0.003,0.011,0.032,0.014,"2005",FALSE,0,0,45,FALSE
"354","Jason Richardson","SG",0.571,"GSW",0.878,0.878,0.771,0.59,0.63,0.595,0.311,0.418,0.338,0.505,0.563,0.486,0.547,0.283,0.318,0.693,0.239,0.297,0.277,0.241,0.427,0.085,0.364,0.42,0.55,"2005",FALSE,0,0,34,FALSE
"355","Quentin Richardson","SG",0.571,"PHO",0.963,0.951,0.804,0.394,0.481,0.519,0.562,0.712,0.358,0.188,0.234,0.437,0.553,0.18,0.189,0.739,0.174,0.385,0.313,0.136,0.39,0.072,0.22,0.531,0.415,"2005",FALSE,0,0,62,FALSE
"356","Luke Ridnour","PG",0.548,"SEA",1,1,0.728,0.289,0.34,0.54,0.167,0.201,0.376,0.241,0.316,0.414,0.5,0.21,0.185,0.883,0.105,0.148,0.133,0.415,0.382,0.061,0.321,0.499,0.291,"2005",FALSE,0,0,52,FALSE
"357","Bernard Robinson","SG",0.571,"CHA",0.378,0.012,0.093,0.035,0.037,0.592,0.007,0.009,0.375,0.034,0.041,0.452,0.514,0.024,0.027,0.692,0.027,0.034,0.031,0.026,0.045,0.011,0.043,0.113,0.033,"2005",FALSE,0,0,18,FALSE
"359","Glenn Robinson","SF",0.762,"SAS",0.11,0,0.044,0.033,0.035,0.589,0.005,0.007,0.333,0.033,0.04,0.451,0.506,0.026,0.024,0.87,0.008,0.02,0.016,0.007,0.016,0.008,0.015,0.051,0.032,"2005",FALSE,0,0,59,FALSE
"361","Jalen Rose","SF",0.762,"TOR",0.988,0.793,0.767,0.51,0.533,0.607,0.269,0.309,0.394,0.436,0.499,0.473,0.557,0.44,0.401,0.854,0.084,0.23,0.18,0.18,0.256,0.027,0.388,0.512,0.528,"2005",FALSE,0,0,33,FALSE
"363","Quinton Ross","SG",0.548,"LAC",0.951,0.232,0.47,0.156,0.172,0.576,0.002,0.005,0.25,0.166,0.208,0.434,0.481,0.098,0.113,0.673,0.113,0.15,0.137,0.094,0.207,0.059,0.116,0.445,0.14,"2005",FALSE,0,0,37,FALSE
"364","Michael Ruffin","C",0.667,"WAS",0.963,0.085,0.357,0.04,0.046,0.552,0,0.001,0,0.043,0.055,0.418,0.46,0.038,0.069,0.433,0.3,0.174,0.217,0.055,0.175,0.109,0.095,0.52,0.039,"2005",FALSE,0,0,45,FALSE
"366","Bryon Russell","SF",0.81,"DEN",0.854,0.024,0.29,0.092,0.116,0.503,0.139,0.168,0.376,0.041,0.058,0.379,0.542,0.081,0.079,0.792,0.096,0.121,0.112,0.062,0.179,0.029,0.075,0.35,0.108,"2005",FALSE,0,0,49,FALSE
"367","John Salmons","SG",0.595,"PHI",0.707,0.098,0.281,0.082,0.097,0.54,0.077,0.103,0.341,0.056,0.067,0.454,0.532,0.046,0.049,0.729,0.023,0.108,0.079,0.098,0.163,0.035,0.11,0.248,0.083,"2005",FALSE,0,0,43,FALSE
"370","Brian Scalabrine","PF",0.619,"NJN",0.659,0.171,0.33,0.128,0.153,0.531,0.055,0.077,0.324,0.114,0.149,0.417,0.479,0.07,0.071,0.768,0.159,0.16,0.159,0.076,0.138,0.048,0.142,0.299,0.12,"2005",FALSE,0,0,42,FALSE
"371","Ansu Sesay","SF",0.667,"GSW",0.195,0,0.036,0.016,0.019,0.54,0.005,0.009,0.25,0.016,0.019,0.441,0.477,0.017,0.025,0.542,0.034,0.02,0.025,0.01,0.008,0.008,0.017,0.043,0.017,"2005",FALSE,0,0,34,FALSE
"374","Bobby Simmons","SF",0.571,"LAC",0.915,0.902,0.792,0.458,0.468,0.621,0.124,0.13,0.435,0.441,0.509,0.47,0.546,0.306,0.281,0.846,0.245,0.316,0.292,0.176,0.431,0.043,0.291,0.612,0.434,"2005",FALSE,0,0,37,FALSE
"376","Tamar Slay","SG",0.571,"CHA",0.098,0,0.022,0.013,0.018,0.444,0.005,0.014,0.167,0.011,0.015,0.407,0.399,0,0.002,0,0.011,0.008,0.009,0.003,0.02,0,0.017,0.054,0.01,"2005",FALSE,0,0,18,FALSE
"377","Donta Smith","SG",0.5,"ATL",0.463,0,0.123,0.043,0.052,0.519,0.015,0.025,0.273,0.04,0.051,0.418,0.462,0.044,0.049,0.688,0.036,0.033,0.034,0.034,0.093,0.013,0.054,0.135,0.045,"2005",FALSE,0,0,13,FALSE
"378","J.R. Smith","SG",0.452,"NOH",0.927,0.683,0.526,0.285,0.344,0.525,0.201,0.317,0.288,0.223,0.263,0.458,0.499,0.147,0.166,0.689,0.075,0.112,0.099,0.122,0.224,0.029,0.235,0.364,0.276,"2005",FALSE,0,0,18,FALSE
"379","Jabari Smith","PF",0.643,"NJN",0.549,0.024,0.183,0.06,0.068,0.559,0.002,0.002,0.5,0.063,0.082,0.418,0.469,0.054,0.057,0.745,0.055,0.081,0.073,0.033,0.102,0.037,0.084,0.278,0.059,"2005",FALSE,0,0,42,FALSE
"380","Joe Smith","PF",0.69,"MIL",0.902,0.89,0.641,0.309,0.286,0.685,0,0.001,0,0.332,0.35,0.515,0.571,0.231,0.235,0.768,0.342,0.359,0.354,0.058,0.175,0.101,0.17,0.598,0.287,"2005",FALSE,0,0,30,FALSE
"381","Josh Smith","SF",0.452,"ATL",0.902,0.72,0.58,0.265,0.277,0.607,0.01,0.026,0.174,0.281,0.327,0.466,0.509,0.216,0.244,0.688,0.281,0.308,0.299,0.109,0.24,0.383,0.291,0.423,0.252,"2005",FALSE,0,0,13,FALSE
"383","Theron Smith","SF",0.571,"CHA",0.402,0.061,0.144,0.043,0.063,0.432,0.007,0.014,0.25,0.043,0.07,0.331,0.372,0.019,0.016,0.875,0.075,0.076,0.076,0.024,0.024,0.011,0.058,0.156,0.037,"2005",FALSE,0,0,18,FALSE
"384","Eric Snow","SG",0.738,"CLE",0.988,0.183,0.522,0.121,0.15,0.509,0.032,0.051,0.289,0.117,0.159,0.397,0.447,0.078,0.082,0.738,0.071,0.117,0.101,0.272,0.272,0.043,0.192,0.509,0.114,"2005",FALSE,0,0,42,FALSE
"385","Kirk Snyder","SG",0.5,"UTA",0.829,0.085,0.256,0.118,0.151,0.496,0.075,0.096,0.353,0.096,0.137,0.379,0.464,0.085,0.099,0.667,0.096,0.071,0.079,0.031,0.106,0.051,0.125,0.313,0.119,"2005",FALSE,0,0,26,FALSE
"386","Darius Songaila","PF",0.619,"SAC",0.988,0.256,0.472,0.249,0.225,0.703,0,0.003,0,0.267,0.274,0.53,0.586,0.124,0.114,0.847,0.239,0.217,0.225,0.098,0.207,0.048,0.151,0.555,0.215,"2005",FALSE,0,0,50,FALSE
"388","Latrell Sprewell","SF",0.81,"MIN",0.976,0.963,0.693,0.385,0.442,0.552,0.172,0.238,0.327,0.342,0.423,0.439,0.5,0.206,0.193,0.83,0.124,0.188,0.166,0.154,0.215,0.056,0.274,0.334,0.361,"2005",FALSE,0,0,44,FALSE
"389","Jerry Stackhouse","SG",0.714,"DAL",0.683,0.085,0.458,0.265,0.305,0.552,0.08,0.135,0.267,0.252,0.306,0.446,0.487,0.335,0.307,0.849,0.073,0.144,0.12,0.109,0.215,0.027,0.228,0.28,0.294,"2005",FALSE,0,0,58,FALSE
"390","DeShawn Stevenson","SG",0.548,"ORL",0.671,0.329,0.308,0.168,0.196,0.544,0.062,0.076,0.373,0.155,0.202,0.415,0.487,0.074,0.104,0.554,0.073,0.064,0.067,0.059,0.065,0.024,0.123,0.197,0.151,"2005",FALSE,0,0,36,FALSE
"392","Peja Stojakovic","SF",0.643,"SAC",0.805,0.805,0.717,0.436,0.468,0.592,0.433,0.489,0.402,0.288,0.329,0.475,0.589,0.335,0.283,0.92,0.119,0.221,0.186,0.119,0.321,0.032,0.22,0.423,0.469,"2005",FALSE,0,0,50,FALSE
"393","Awvee Storey","SG",0.643,"NJN",0.11,0,0.009,0.003,0.005,0.4,0.002,0.002,0.5,0.002,0.005,0.25,0.389,0.001,0.002,0.5,0.008,0.001,0.003,0.001,0,0,0,0.008,0.003,"2005",FALSE,0,0,42,FALSE
"394","Damon Stoudamire","PG",0.738,"POR",0.988,0.854,0.782,0.442,0.536,0.523,0.45,0.553,0.369,0.287,0.381,0.409,0.522,0.241,0.205,0.915,0.107,0.252,0.203,0.393,0.35,0.005,0.353,0.426,0.451,"2005",FALSE,0,0,27,FALSE
"395","Amar'e Stoudemire","C",0.524,"PHO",0.976,0.976,0.818,0.722,0.615,0.745,0.007,0.018,0.188,0.774,0.745,0.564,0.622,0.771,0.818,0.733,0.419,0.491,0.466,0.113,0.313,0.346,0.407,0.749,0.734,"2005",FALSE,1,0.032,62,TRUE
"396","Erick Strickland","SG",0.738,"MIL",0.756,0.061,0.287,0.11,0.14,0.5,0.052,0.094,0.253,0.097,0.125,0.421,0.456,0.069,0.066,0.813,0.021,0.091,0.067,0.099,0.122,0.003,0.138,0.278,0.106,"2005",FALSE,0,0,30,FALSE
"397","Rod Strickland","PG",0.905,"HOU",0.195,0.024,0.055,0.009,0.02,0.279,0.002,0.002,0.5,0.008,0.023,0.195,0.246,0.012,0.01,0.9,0.006,0.024,0.018,0.034,0.012,0.005,0.034,0.04,0.01,"2005",FALSE,0,0,51,FALSE
"398","Bruno Sundov","C",0.571,"NYK",0.256,0,0.021,0.011,0.017,0.396,0.002,0.003,0.333,0.01,0.019,0.294,0.346,0.003,0.002,1,0.011,0.007,0.008,0.002,0.008,0.005,0.013,0.043,0.009,"2005",FALSE,0,0,33,FALSE
"399","Bob Sura","PG",0.738,"HOU",0.744,0.72,0.544,0.208,0.232,0.569,0.137,0.175,0.355,0.166,0.197,0.458,0.534,0.187,0.193,0.75,0.151,0.256,0.22,0.272,0.264,0.019,0.317,0.453,0.221,"2005",FALSE,0,0,51,FALSE
"400","Mike Sweetney","C",0.524,"NYK",0.939,0.341,0.427,0.229,0.205,0.708,0,0.001,0,0.247,0.251,0.533,0.59,0.233,0.242,0.749,0.323,0.247,0.273,0.038,0.11,0.074,0.233,0.604,0.23,"2005",FALSE,0,0,33,FALSE
"402","Stromile Swift","PF",0.595,"MEM",0.732,0.171,0.362,0.212,0.225,0.599,0,0.005,0,0.228,0.273,0.452,0.499,0.22,0.225,0.758,0.176,0.18,0.178,0.037,0.167,0.245,0.194,0.491,0.213,"2005",FALSE,0,0,45,FALSE
"403","Wally Szczerbiak","SF",0.643,"MIN",0.988,0.451,0.724,0.45,0.423,0.675,0.157,0.191,0.373,0.418,0.423,0.536,0.6,0.344,0.313,0.855,0.157,0.219,0.198,0.164,0.163,0.043,0.284,0.48,0.442,"2005",FALSE,0,0,44,FALSE
"404","Yuta Tabuse","PG",0.571,"PHO",0.049,0,0.005,0.001,0.003,0.223,0.002,0.001,1,0,0.003,0,0.278,0.005,0.004,1,0.004,0.002,0.003,0.003,0,0,0.002,0.003,0.002,"2005",FALSE,0,0,62,FALSE
"406","Sebastian Telfair","PG",0.452,"POR",0.829,0.317,0.376,0.163,0.198,0.524,0.042,0.078,0.246,0.158,0.204,0.421,0.459,0.139,0.137,0.789,0.019,0.093,0.068,0.192,0.142,0.011,0.269,0.323,0.162,"2005",FALSE,0,0,27,FALSE
"407","Jason Terry","PG",0.643,"DAL",0.976,0.695,0.68,0.36,0.342,0.668,0.256,0.277,0.42,0.28,0.281,0.54,0.633,0.193,0.178,0.844,0.073,0.149,0.123,0.369,0.443,0.04,0.317,0.477,0.351,"2005",FALSE,0,0,58,FALSE
"408","Billy Thomas","SF",0.69,"NJN",0.305,0,0.101,0.033,0.043,0.483,0.042,0.063,0.304,0.018,0.021,0.447,0.502,0.009,0.009,0.778,0.013,0.029,0.024,0.015,0.057,0.003,0.019,0.078,0.032,"2005",FALSE,0,0,42,FALSE
"413","Kurt Thomas","PF",0.762,"NYK",0.976,0.976,0.808,0.41,0.415,0.628,0.005,0.005,0.5,0.439,0.506,0.47,0.524,0.087,0.086,0.786,0.325,0.656,0.543,0.137,0.285,0.21,0.213,0.836,0.323,"2005",FALSE,0,0,33,FALSE
"414","Tim Thomas","SF",0.643,"NYK",0.866,0.829,0.549,0.305,0.33,0.585,0.211,0.235,0.409,0.239,0.288,0.451,0.553,0.18,0.178,0.786,0.086,0.191,0.155,0.095,0.167,0.045,0.244,0.598,0.3,"2005",FALSE,0,0,33,FALSE
"415","Jamaal Tinsley","PG",0.619,"IND",0.488,0.488,0.368,0.211,0.24,0.557,0.144,0.176,0.372,0.166,0.206,0.437,0.526,0.161,0.169,0.744,0.05,0.133,0.105,0.221,0.329,0.032,0.289,0.302,0.218,"2005",FALSE,0,0,44,FALSE
"416","Robert Traylor","C",0.643,"CLE",0.902,0.073,0.376,0.171,0.184,0.592,0,0.009,0,0.184,0.221,0.453,0.493,0.073,0.105,0.539,0.26,0.195,0.217,0.052,0.22,0.133,0.157,0.58,0.144,"2005",FALSE,0,0,42,FALSE
"419","Hedo Turkoglu","SF",0.595,"ORL",0.817,0.134,0.497,0.317,0.36,0.559,0.231,0.277,0.38,0.245,0.303,0.438,0.532,0.249,0.231,0.836,0.119,0.17,0.152,0.131,0.167,0.048,0.256,0.377,0.331,"2005",FALSE,0,0,36,FALSE
"420","Beno Udrih","PG",0.524,"SAS",0.976,0.024,0.325,0.167,0.179,0.592,0.144,0.16,0.408,0.12,0.14,0.464,0.576,0.089,0.092,0.753,0.031,0.067,0.054,0.129,0.167,0.027,0.166,0.259,0.166,"2005",FALSE,0,0,59,FALSE
"421","Nick Van Exel","SG",0.786,"POR",0.646,0.415,0.458,0.207,0.258,0.508,0.249,0.29,0.389,0.119,0.171,0.375,0.523,0.077,0.076,0.784,0.038,0.14,0.105,0.195,0.179,0,0.198,0.189,0.207,"2005",FALSE,0,0,27,FALSE
"423","Anderson Varejao","PF",0.524,"CLE",0.659,0,0.244,0.096,0.089,0.684,0,0.002,0,0.103,0.108,0.518,0.57,0.09,0.131,0.535,0.208,0.147,0.168,0.023,0.167,0.101,0.056,0.329,0.094,"2005",FALSE,0,0,42,FALSE
"424","Jacque Vaughn","SG",0.69,"NJN",0.866,0.415,0.399,0.141,0.15,0.599,0.012,0.017,0.333,0.147,0.175,0.455,0.508,0.101,0.094,0.835,0.033,0.089,0.07,0.116,0.167,0.003,0.134,0.372,0.132,"2005",FALSE,0,0,42,FALSE
"427","Sasha Vujacic","SG",0.476,"LAL",0.427,0.037,0.114,0.032,0.054,0.376,0.042,0.071,0.27,0.017,0.03,0.296,0.394,0.024,0.02,0.947,0.025,0.049,0.041,0.044,0.049,0.005,0.032,0.111,0.036,"2005",FALSE,0,0,34,FALSE
"428","Dwyane Wade","SG",0.548,"MIA",0.939,0.939,0.842,0.609,0.607,0.637,0.032,0.051,0.289,0.642,0.718,0.485,0.537,0.769,0.784,0.762,0.21,0.285,0.259,0.447,0.492,0.218,0.692,0.62,0.655,"2005",FALSE,0,0.034,59,TRUE
"429","Dajuan Wagner","SG",0.5,"CLE",0.134,0,0.029,0.017,0.025,0.436,0.012,0.029,0.192,0.014,0.016,0.448,0.414,0.004,0.004,0.75,0,0.002,0.001,0.011,0.02,0,0.019,0.04,0.016,"2005",FALSE,0,0,42,FALSE
"432","Ben Wallace","C",0.714,"DET",0.902,0.902,0.756,0.285,0.3,0.604,0.002,0.01,0.111,0.306,0.362,0.458,0.504,0.172,0.313,0.428,0.558,0.606,0.59,0.106,0.431,0.468,0.177,0.429,0.255,"2005",FALSE,0,0,54,FALSE
"433","Gerald Wallace","SF",0.524,"CHA",0.854,0.829,0.608,0.277,0.293,0.599,0.042,0.07,0.274,0.28,0.324,0.468,0.513,0.253,0.297,0.661,0.226,0.266,0.252,0.118,0.476,0.242,0.343,0.491,0.275,"2005",FALSE,0,0,18,FALSE
"434","Rasheed Wallace","PF",0.714,"DET",0.963,0.963,0.761,0.452,0.489,0.587,0.187,0.266,0.318,0.408,0.466,0.475,0.528,0.18,0.201,0.697,0.333,0.467,0.421,0.122,0.264,0.306,0.274,0.636,0.404,"2005",FALSE,0,0,54,FALSE
"435","Luke Walton","SF",0.571,"LAL",0.744,0.061,0.217,0.072,0.083,0.548,0.04,0.069,0.262,0.06,0.067,0.487,0.507,0.045,0.049,0.708,0.105,0.086,0.093,0.08,0.106,0.029,0.125,0.189,0.07,"2005",FALSE,0,0,34,FALSE
"436","Charlie Ward","PG",0.81,"HOU",0.171,0.159,0.102,0.023,0.035,0.416,0.04,0.058,0.314,0.008,0.015,0.308,0.462,0.015,0.013,0.846,0.011,0.033,0.025,0.037,0.061,0,0.039,0.059,0.026,"2005",FALSE,0,0,51,FALSE
"437","Earl Watson","PG",0.595,"MEM",0.976,0.171,0.512,0.228,0.255,0.568,0.129,0.184,0.319,0.191,0.221,0.471,0.526,0.12,0.142,0.659,0.067,0.128,0.107,0.308,0.337,0.051,0.36,0.496,0.217,"2005",FALSE,0,0,45,FALSE
"440","Bonzi Wells","SG",0.667,"MEM",0.841,0.232,0.421,0.263,0.284,0.588,0.09,0.117,0.346,0.246,0.289,0.46,0.522,0.187,0.193,0.75,0.094,0.179,0.15,0.069,0.346,0.072,0.194,0.445,0.255,"2005",FALSE,0,0,45,FALSE
"443","David West","SF",0.571,"NOH",0.366,0.098,0.156,0.073,0.079,0.581,0.005,0.006,0.4,0.076,0.094,0.437,0.491,0.045,0.051,0.68,0.076,0.088,0.084,0.02,0.049,0.043,0.08,0.167,0.066,"2005",FALSE,0,0,18,FALSE
"444","Delonte West","SG",0.5,"BOS",0.476,0.085,0.144,0.064,0.071,0.568,0.06,0.076,0.358,0.044,0.05,0.477,0.559,0.025,0.028,0.704,0.027,0.051,0.042,0.046,0.085,0.021,0.052,0.186,0.062,"2005",FALSE,0,0,45,FALSE
"448","Damien Wilkins","SF",0.595,"SEA",0.354,0.085,0.147,0.071,0.077,0.58,0.04,0.067,0.271,0.059,0.061,0.523,0.536,0.028,0.035,0.618,0.055,0.037,0.043,0.022,0.089,0.027,0.034,0.148,0.065,"2005",FALSE,0,0,52,FALSE
"449","Mike Wilks","PG",0.595,"SAS",0.585,0,0.079,0.031,0.035,0.555,0.012,0.018,0.313,0.028,0.034,0.443,0.498,0.016,0.016,0.75,0.008,0.021,0.016,0.028,0.057,0.003,0.03,0.07,0.029,"2005",FALSE,0,0,59,FALSE
"453","Jason Williams","PG",0.69,"MEM",0.866,0.829,0.553,0.257,0.296,0.551,0.266,0.372,0.324,0.165,0.177,0.506,0.551,0.106,0.104,0.792,0.036,0.102,0.08,0.343,0.305,0.013,0.28,0.245,0.254,"2005",FALSE,0,0,45,FALSE
"454","Jerome Williams","SF",0.738,"NYK",0.963,0.049,0.343,0.118,0.112,0.669,0,0.006,0,0.127,0.134,0.513,0.558,0.152,0.177,0.669,0.22,0.167,0.185,0.035,0.224,0.027,0.14,0.418,0.127,"2005",FALSE,0,0,33,FALSE
"455","Mo Williams","PG",0.524,"MIL",0.976,0.976,0.638,0.312,0.339,0.584,0.08,0.112,0.323,0.303,0.36,0.456,0.511,0.18,0.165,0.85,0.096,0.193,0.159,0.416,0.301,0.029,0.422,0.596,0.287,"2005",FALSE,0,0,30,FALSE
"456","Scott Williams","C",0.857,"CLE",0.232,0,0.043,0.012,0.019,0.391,0,0.001,0,0.012,0.023,0.3,0.326,0.012,0.011,0.818,0.029,0.015,0.02,0.007,0.016,0.016,0.011,0.081,0.012,"2005",FALSE,0,0,42,FALSE
"458","Kevin Willis","C",1,"ATL",0.354,0.061,0.097,0.034,0.041,0.519,0,0.002,0,0.036,0.05,0.398,0.432,0.022,0.024,0.739,0.055,0.047,0.05,0.008,0.033,0.019,0.032,0.143,0.031,"2005",FALSE,0,0,13,FALSE
"459","Loren Woods","C",0.619,"TOR",0.549,0.366,0.202,0.069,0.075,0.577,0,0.001,0,0.074,0.092,0.436,0.481,0.045,0.061,0.576,0.155,0.138,0.144,0.015,0.033,0.104,0.08,0.21,0.062,"2005",FALSE,0,0,33,FALSE
"461","Metta World Peace","SF",0.595,"IND",0.085,0.085,0.082,0.057,0.055,0.661,0.017,0.019,0.412,0.054,0.058,0.51,0.583,0.062,0.052,0.922,0.015,0.037,0.029,0.019,0.049,0.016,0.037,0.073,0.061,"2005",FALSE,0,0,44,FALSE
"462","Dorell Wright","SF",0.452,"MIA",0.037,0,0.008,0.003,0.005,0.364,0,0.005,0,0.003,0.004,0.429,0.303,0.001,0.001,1,0,0.001,0.001,0.003,0.016,0,0.006,0.005,0.002,"2005",FALSE,0,0,59,FALSE
"463","Lorenzen Wright","C",0.69,"MEM",0.976,0.939,0.647,0.309,0.314,0.625,0,0.003,0,0.333,0.384,0.471,0.521,0.173,0.204,0.662,0.338,0.433,0.401,0.075,0.236,0.184,0.216,0.677,0.272,"2005",FALSE,0,0,45,FALSE
"464","Wang Zhizhi","C",0.643,"MIA",0.244,0,0.026,0.016,0.017,0.629,0.005,0.003,0.667,0.016,0.019,0.455,0.556,0.009,0.012,0.583,0.011,0.012,0.012,0.004,0.012,0.005,0.011,0.024,0.015,"2005",FALSE,0,0,59,FALSE
"  1","Shareef Abdur-Rahim","PF",0.69,"SAC",0.878,0.366,0.555,0.321,0.291,0.7,0.012,0.025,0.227,0.34,0.344,0.536,0.588,0.288,0.286,0.784,0.203,0.249,0.233,0.128,0.195,0.112,0.233,0.612,0.313,"2006",FALSE,0,0,44,FALSE
"  3","Malik Allen","PF",0.643,"CHI",0.659,0.244,0.198,0.117,0.114,0.653,0.002,0.001,1,0.125,0.139,0.488,0.547,0.03,0.039,0.605,0.084,0.095,0.092,0.017,0.057,0.043,0.073,0.248,0.094,"2006",FALSE,0,0,41,FALSE
"  4","Ray Allen","SG",0.714,"SEA",0.951,0.951,0.855,0.659,0.69,0.605,0.669,0.737,0.412,0.429,0.478,0.486,0.604,0.429,0.369,0.903,0.136,0.259,0.217,0.246,0.427,0.043,0.405,0.407,0.69,"2006",FALSE,0,0,35,FALSE
"  5","Tony Allen","PG",0.571,"BOS",0.622,0.11,0.277,0.125,0.126,0.628,0.027,0.038,0.324,0.123,0.135,0.492,0.546,0.132,0.138,0.746,0.061,0.078,0.073,0.058,0.207,0.048,0.144,0.34,0.13,"2006",FALSE,0,0,33,FALSE
"  6","Rafer Alston","PG",0.69,"HOU",0.768,0.768,0.688,0.271,0.34,0.505,0.254,0.352,0.327,0.185,0.24,0.418,0.499,0.131,0.147,0.692,0.069,0.217,0.167,0.365,0.411,0.04,0.338,0.523,0.269,"2006",FALSE,0,0,34,FALSE
"  8","Alan Anderson","SF",0.548,"CHA",0.439,0.085,0.16,0.073,0.083,0.552,0.06,0.065,0.414,0.053,0.069,0.415,0.534,0.044,0.042,0.805,0.044,0.047,0.046,0.027,0.045,0.011,0.069,0.129,0.073,"2006",FALSE,0,0,26,FALSE
" 10","Shandon Anderson","SF",0.762,"MIA",0.585,0.012,0.181,0.052,0.058,0.572,0.012,0.021,0.263,0.051,0.06,0.458,0.498,0.017,0.019,0.722,0.034,0.063,0.053,0.026,0.069,0.016,0.052,0.202,0.044,"2006",FALSE,0,0,52,FALSE
" 12","Carmelo Anthony","SF",0.5,"DEN",0.976,0.976,0.832,0.731,0.723,0.641,0.092,0.172,0.243,0.748,0.801,0.506,0.548,0.758,0.729,0.808,0.233,0.27,0.258,0.186,0.358,0.112,0.47,0.617,0.749,"2006",FALSE,0,0,44,FALSE
" 13","Rafael Araujo","C",0.595,"TOR",0.634,0.415,0.17,0.051,0.067,0.488,0,0.001,0,0.055,0.081,0.368,0.407,0.02,0.029,0.536,0.082,0.1,0.094,0.013,0.098,0.016,0.091,0.28,0.043,"2006",FALSE,0,0,27,FALSE
" 14","Gilbert Arenas","PG",0.571,"WAS",0.976,0.976,0.958,0.721,0.768,0.596,0.495,0.609,0.369,0.569,0.636,0.485,0.563,0.866,0.822,0.82,0.113,0.219,0.183,0.416,0.654,0.066,0.64,0.771,0.828,"2006",FALSE,0,0,42,FALSE
" 16","Darrell Armstrong","PG",0.881,"DAL",0.756,0.024,0.176,0.042,0.059,0.448,0.027,0.054,0.229,0.033,0.045,0.4,0.421,0.044,0.043,0.786,0.034,0.063,0.053,0.074,0.11,0.008,0.125,0.191,0.046,"2006",FALSE,0,0,60,FALSE
" 22","Leandro Barbosa","SG",0.548,"PHO",0.695,0.134,0.451,0.264,0.261,0.641,0.216,0.221,0.444,0.194,0.209,0.501,0.62,0.147,0.151,0.755,0.059,0.118,0.098,0.136,0.195,0.016,0.192,0.391,0.263,"2006",FALSE,0,0,54,FALSE
" 26","Brent Barry","SG",0.81,"SAS",0.902,0.061,0.356,0.151,0.159,0.603,0.199,0.228,0.396,0.079,0.081,0.531,0.631,0.052,0.061,0.661,0.055,0.129,0.104,0.106,0.159,0.072,0.112,0.267,0.152,"2006",FALSE,0,0,63,FALSE
" 27","Jon Barry","SG",0.857,"HOU",0.244,0,0.097,0.024,0.03,0.513,0.03,0.036,0.375,0.014,0.019,0.394,0.53,0.032,0.03,0.828,0.002,0.03,0.02,0.022,0.053,0.003,0.047,0.067,0.03,"2006",FALSE,0,0,34,FALSE
" 28","Eddie Basden","SF",0.524,"CHI",0.232,0,0.04,0.015,0.017,0.54,0.002,0.008,0.143,0.015,0.017,0.467,0.466,0.011,0.01,0.8,0.013,0.021,0.018,0.007,0.037,0.005,0.019,0.046,0.014,"2006",FALSE,0,0,41,FALSE
" 30","Esteban Batista","PF",0.524,"ATL",0.695,0.037,0.14,0.033,0.037,0.567,0,0.001,0,0.035,0.045,0.43,0.472,0.044,0.055,0.623,0.117,0.082,0.094,0.006,0.061,0.029,0.082,0.299,0.036,"2006",FALSE,0,0,26,FALSE
" 31","Tony Battie","C",0.69,"ORL",1,1,0.627,0.271,0.254,0.676,0,0.007,0,0.291,0.308,0.513,0.563,0.118,0.138,0.664,0.277,0.31,0.299,0.042,0.187,0.184,0.19,0.674,0.229,"2006",FALSE,0,0,36,FALSE
" 32","Shane Battier","SF",0.643,"MEM",0.988,0.988,0.804,0.293,0.286,0.651,0.162,0.186,0.394,0.248,0.257,0.522,0.6,0.194,0.214,0.707,0.314,0.263,0.28,0.117,0.374,0.303,0.194,0.601,0.289,"2006",FALSE,0,0,49,FALSE
" 34","Charlie Bell","SG",0.619,"MIL",0.72,0.073,0.363,0.174,0.189,0.585,0.177,0.19,0.423,0.113,0.136,0.45,0.584,0.083,0.092,0.708,0.04,0.098,0.078,0.112,0.24,0.013,0.088,0.34,0.174,"2006",FALSE,0,0,40,FALSE
" 35","Raja Bell","SG",0.69,"PHO",0.963,0.963,0.838,0.411,0.428,0.609,0.49,0.503,0.442,0.237,0.273,0.471,0.626,0.152,0.15,0.788,0.084,0.208,0.165,0.178,0.309,0.059,0.192,0.668,0.41,"2006",FALSE,0,0,54,FALSE
" 37","Mike Bibby","PG",0.643,"SAC",1,1,0.896,0.577,0.636,0.576,0.478,0.561,0.386,0.421,0.499,0.458,0.557,0.452,0.415,0.849,0.055,0.21,0.157,0.381,0.333,0.027,0.429,0.456,0.61,"2006",FALSE,0,0,44,FALSE
" 39","Chauncey Billups","PG",0.69,"DET",0.988,0.988,0.828,0.409,0.466,0.557,0.458,0.48,0.433,0.249,0.331,0.407,0.566,0.615,0.535,0.894,0.078,0.21,0.165,0.601,0.289,0.021,0.366,0.431,0.528,"2006",FALSE,15,0.344,64,TRUE
" 40","Steve Blake","PG",0.595,"POR",0.829,0.695,0.504,0.199,0.216,0.584,0.189,0.208,0.413,0.135,0.161,0.455,0.577,0.095,0.094,0.791,0.05,0.119,0.095,0.263,0.171,0.013,0.179,0.288,0.198,"2006",FALSE,0,0,21,FALSE
" 41","Andray Blatche","PF",0.452,"WAS",0.354,0,0.05,0.025,0.031,0.517,0.007,0.015,0.231,0.024,0.03,0.426,0.456,0.013,0.012,0.833,0.023,0.026,0.025,0.009,0.02,0.019,0.026,0.097,0.023,"2006",FALSE,0,0,42,FALSE
" 44","Andrew Bogut","PF",0.5,"MIL",1,0.939,0.665,0.312,0.279,0.711,0,0.003,0,0.336,0.34,0.536,0.592,0.161,0.2,0.629,0.361,0.381,0.375,0.165,0.199,0.181,0.269,0.698,0.271,"2006",FALSE,0,0,40,FALSE
" 45","Matt Bonner","PF",0.595,"TOR",0.951,0.073,0.484,0.202,0.215,0.597,0.254,0.274,0.42,0.111,0.126,0.478,0.619,0.083,0.078,0.829,0.164,0.197,0.186,0.048,0.199,0.082,0.069,0.582,0.206,"2006",FALSE,0,0,27,FALSE
" 46","Calvin Booth","C",0.69,"WAS",0.402,0.024,0.071,0.019,0.022,0.568,0.002,0.002,0.5,0.02,0.025,0.422,0.484,0.007,0.009,0.556,0.036,0.033,0.034,0.01,0.037,0.024,0.017,0.119,0.016,"2006",FALSE,0,0,42,FALSE
" 48","Chris Bosh","C",0.5,"TOR",0.854,0.854,0.779,0.531,0.5,0.673,0,0.015,0,0.571,0.606,0.511,0.561,0.627,0.598,0.816,0.39,0.44,0.423,0.155,0.203,0.21,0.338,0.563,0.555,"2006",FALSE,0,0,27,FALSE
" 49","Bruce Bowen","SF",0.81,"SAS",1,1,0.78,0.224,0.247,0.577,0.259,0.277,0.424,0.133,0.164,0.44,0.589,0.067,0.086,0.607,0.067,0.283,0.209,0.108,0.321,0.08,0.144,0.515,0.219,"2006",FALSE,0,0,63,FALSE
" 50","Ryan Bowen","SF",0.714,"HOU",0.829,0.232,0.185,0.036,0.057,0.397,0.007,0.025,0.136,0.035,0.058,0.333,0.344,0.015,0.014,0.786,0.059,0.057,0.058,0.021,0.085,0.016,0.028,0.229,0.031,"2006",FALSE,0,0,34,FALSE
" 51","Earl Boykins","PG",0.69,"DEN",0.732,0,0.436,0.262,0.304,0.547,0.154,0.202,0.346,0.217,0.272,0.434,0.508,0.201,0.179,0.874,0.04,0.06,0.053,0.198,0.195,0.011,0.179,0.197,0.267,"2006",FALSE,0,0,44,FALSE
" 52","Michael Bradley","PF",0.619,"PHI",0.561,0.012,0.104,0.031,0.036,0.54,0.002,0.006,0.2,0.032,0.042,0.419,0.457,0.003,0.003,0.667,0.076,0.067,0.07,0.015,0.02,0.019,0.041,0.105,0.024,"2006",FALSE,0,0,38,FALSE
" 53","Elton Brand","PF",0.619,"LAC",0.963,0.963,0.877,0.731,0.66,0.703,0.002,0.003,0.333,0.786,0.808,0.527,0.586,0.582,0.584,0.775,0.451,0.55,0.516,0.179,0.329,0.535,0.373,0.612,0.69,"2006",FALSE,1,0.04,47,TRUE
" 54","Primoz Brezec","C",0.619,"CHA",0.963,0.963,0.613,0.396,0.364,0.689,0,0.002,0,0.426,0.445,0.518,0.574,0.217,0.23,0.732,0.346,0.257,0.288,0.039,0.077,0.085,0.183,0.612,0.347,"2006",FALSE,0,0,26,FALSE
" 55","Devin Brown","SG",0.643,"UTA",0.988,0.171,0.484,0.2,0.243,0.524,0.097,0.133,0.331,0.175,0.231,0.411,0.478,0.209,0.218,0.745,0.14,0.133,0.135,0.089,0.179,0.037,0.213,0.412,0.216,"2006",FALSE,0,0,41,FALSE
" 56","Kwame Brown","C",0.548,"LAL",0.878,0.598,0.56,0.197,0.179,0.701,0,0.001,0,0.212,0.218,0.527,0.584,0.169,0.242,0.545,0.348,0.289,0.309,0.062,0.11,0.122,0.216,0.528,0.189,"2006",FALSE,0,0,45,FALSE
" 59","Kobe Bryant","SG",0.643,"LAL",0.976,0.976,0.928,0.946,1,0.6,0.448,0.585,0.347,0.83,0.933,0.482,0.546,0.921,0.843,0.85,0.136,0.352,0.278,0.309,0.598,0.08,0.539,0.628,1,"2006",FALSE,22,0.386,45,TRUE
" 60","Greg Buckner","SG",0.69,"DEN",0.89,0.329,0.498,0.175,0.192,0.579,0.214,0.274,0.354,0.099,0.098,0.546,0.597,0.057,0.057,0.782,0.059,0.177,0.137,0.109,0.354,0.053,0.112,0.485,0.173,"2006",FALSE,0,0,44,FALSE
" 61","Pat Burke","C",0.762,"PHO",0.512,0,0.098,0.061,0.058,0.661,0.005,0.008,0.286,0.063,0.068,0.508,0.56,0.017,0.022,0.619,0.04,0.052,0.048,0.014,0.024,0.035,0.071,0.167,0.05,"2006",FALSE,0,0,54,FALSE
" 62","Antonio Burks","PG",0.595,"MEM",0.695,0.012,0.161,0.049,0.066,0.472,0.002,0.007,0.167,0.052,0.078,0.362,0.398,0.013,0.024,0.435,0.008,0.033,0.024,0.065,0.081,0,0.078,0.121,0.04,"2006",FALSE,0,0,49,FALSE
" 63","Kevin Burleson","PG",0.619,"CHA",0.476,0.012,0.096,0.021,0.04,0.333,0.025,0.061,0.185,0.012,0.019,0.353,0.341,0.021,0.017,0.941,0.008,0.022,0.017,0.041,0.106,0.005,0.054,0.17,0.025,"2006",FALSE,0,0,26,FALSE
" 64","Caron Butler","SF",0.595,"WAS",0.915,0.659,0.766,0.478,0.5,0.607,0.102,0.135,0.342,0.471,0.545,0.469,0.527,0.382,0.342,0.87,0.218,0.35,0.305,0.16,0.516,0.048,0.377,0.642,0.465,"2006",FALSE,0,0,42,FALSE
" 66","Rasual Butler","SF",0.619,"NOK",0.963,0.244,0.531,0.249,0.291,0.541,0.229,0.273,0.38,0.172,0.221,0.422,0.532,0.104,0.117,0.693,0.098,0.18,0.152,0.034,0.134,0.12,0.14,0.383,0.242,"2006",FALSE,0,0,38,FALSE
" 68","Will Bynum","PG",0.548,"GSW",0.183,0,0.046,0.02,0.024,0.539,0.005,0.01,0.222,0.02,0.024,0.442,0.47,0.013,0.016,0.625,0.006,0.009,0.008,0.016,0.028,0,0.03,0.027,0.019,"2006",FALSE,0,0,34,FALSE
" 69","Zarko Cabarkapa","PF",0.571,"GSW",0.744,0,0.143,0.065,0.08,0.513,0.012,0.023,0.25,0.065,0.087,0.403,0.443,0.079,0.086,0.714,0.071,0.073,0.073,0.017,0.053,0.019,0.075,0.235,0.07,"2006",FALSE,0,0,34,FALSE
" 70","Jose Calderon","SG",0.571,"TOR",0.78,0.134,0.421,0.128,0.144,0.564,0.017,0.049,0.163,0.13,0.152,0.465,0.482,0.103,0.095,0.848,0.057,0.11,0.092,0.247,0.171,0.011,0.218,0.251,0.123,"2006",FALSE,0,0,27,FALSE
" 71","Marcus Camby","C",0.738,"DEN",0.683,0.659,0.526,0.292,0.299,0.62,0.002,0.012,0.091,0.313,0.36,0.472,0.518,0.147,0.16,0.712,0.252,0.532,0.437,0.099,0.321,0.489,0.198,0.426,0.253,"2006",FALSE,0,0,44,FALSE
" 72","Brian Cardinal","PF",0.667,"MEM",0.439,0,0.114,0.044,0.051,0.552,0.032,0.033,0.448,0.034,0.046,0.402,0.526,0.025,0.028,0.704,0.021,0.044,0.036,0.028,0.093,0,0.058,0.175,0.044,"2006",FALSE,0,0,49,FALSE
" 73","Matt Carroll","SG",0.595,"CHA",0.951,0.073,0.361,0.186,0.219,0.537,0.179,0.209,0.389,0.125,0.164,0.412,0.532,0.183,0.173,0.821,0.065,0.122,0.103,0.03,0.191,0.029,0.103,0.323,0.21,"2006",FALSE,0,0,26,FALSE
" 74","Anthony Carter","PG",0.714,"MIN",0.549,0.098,0.167,0.051,0.063,0.516,0.01,0.017,0.267,0.051,0.069,0.402,0.446,0.053,0.057,0.727,0.017,0.053,0.041,0.087,0.098,0.024,0.086,0.191,0.053,"2006",FALSE,0,0,33,FALSE
" 75","Vince Carter","SG",0.69,"NJN",0.963,0.963,0.823,0.632,0.699,0.573,0.311,0.414,0.341,0.549,0.649,0.459,0.523,0.635,0.618,0.799,0.258,0.325,0.302,0.29,0.382,0.141,0.459,0.633,0.675,"2006",FALSE,0,0,49,FALSE
" 76","Sam Cassell","PG",0.857,"LAC",0.951,0.915,0.751,0.477,0.512,0.591,0.174,0.214,0.368,0.44,0.52,0.459,0.528,0.382,0.345,0.863,0.076,0.245,0.188,0.422,0.301,0.029,0.377,0.606,0.475,"2006",FALSE,0,0,47,FALSE
" 78","Tyson Chandler","C",0.548,"CHI",0.963,0.61,0.6,0.155,0.13,0.753,0,0.001,0,0.166,0.159,0.567,0.628,0.128,0.199,0.503,0.507,0.446,0.467,0.07,0.167,0.277,0.265,0.803,0.147,"2006",FALSE,0,0,41,FALSE
" 79","Calbert Cheaney","SF",0.81,"GSW",0.512,0,0.127,0.041,0.05,0.519,0,0.009,0,0.044,0.056,0.42,0.432,0.011,0.008,1,0.038,0.041,0.04,0.016,0.053,0.005,0.037,0.102,0.032,"2006",FALSE,0,0,34,FALSE
" 80","Josh Childress","SF",0.524,"ATL",0.902,0.122,0.637,0.269,0.232,0.736,0.08,0.073,0.492,0.256,0.248,0.56,0.648,0.204,0.207,0.766,0.256,0.251,0.253,0.113,0.35,0.104,0.218,0.496,0.262,"2006",FALSE,0,0,26,FALSE
" 81","Doug Christie","SG",0.833,"DAL",0.085,0.085,0.052,0.009,0.012,0.461,0,0.001,0,0.009,0.014,0.36,0.384,0.011,0.012,0.667,0.004,0.011,0.008,0.012,0.037,0.003,0.013,0.027,0.009,"2006",FALSE,0,0,60,FALSE
" 82","Speedy Claxton","PG",0.643,"NOK",0.866,0.037,0.571,0.294,0.339,0.551,0.042,0.071,0.27,0.299,0.38,0.426,0.472,0.325,0.329,0.769,0.075,0.153,0.126,0.291,0.439,0.016,0.332,0.477,0.308,"2006",FALSE,0,0,38,FALSE
" 83","Mateen Cleaves","PG",0.667,"SEA",0.329,0,0.065,0.024,0.033,0.469,0.01,0.018,0.25,0.022,0.031,0.382,0.422,0.025,0.025,0.792,0.004,0.012,0.009,0.036,0.012,0.005,0.03,0.081,0.026,"2006",FALSE,0,0,35,FALSE
" 85","Jason Collins","C",0.643,"NJN",0.866,0.854,0.536,0.101,0.121,0.529,0.007,0.014,0.25,0.105,0.141,0.404,0.448,0.058,0.088,0.512,0.178,0.247,0.224,0.06,0.187,0.106,0.131,0.677,0.09,"2006",FALSE,0,0,49,FALSE
" 86","Nick Collison","PF",0.595,"SEA",0.805,0.329,0.41,0.2,0.181,0.7,0,0.003,0,0.215,0.221,0.529,0.583,0.104,0.116,0.699,0.273,0.223,0.241,0.064,0.085,0.093,0.166,0.574,0.174,"2006",FALSE,0,0,35,FALSE
" 87","Brian Cook","PF",0.595,"LAL",0.988,0.561,0.434,0.252,0.235,0.681,0.09,0.095,0.429,0.234,0.241,0.527,0.607,0.111,0.104,0.832,0.168,0.185,0.179,0.064,0.15,0.085,0.131,0.553,0.227,"2006",FALSE,0,0,45,FALSE
" 88","Jamal Crawford","SG",0.595,"NYK",0.963,0.329,0.723,0.354,0.405,0.555,0.251,0.331,0.345,0.276,0.331,0.452,0.527,0.39,0.367,0.826,0.069,0.211,0.162,0.259,0.354,0.04,0.377,0.404,0.398,"2006",FALSE,0,0,23,FALSE
" 89","Austin Croshere","PF",0.714,"IND",0.61,0.317,0.325,0.128,0.131,0.617,0.134,0.158,0.386,0.081,0.082,0.538,0.62,0.119,0.105,0.882,0.119,0.202,0.173,0.053,0.089,0.019,0.103,0.283,0.144,"2006",FALSE,0,0,41,FALSE
" 91","Samuel Dalembert","C",0.571,"PHI",0.805,0.634,0.498,0.19,0.17,0.708,0,0.001,0,0.204,0.208,0.533,0.59,0.123,0.136,0.705,0.304,0.379,0.354,0.021,0.138,0.426,0.231,0.658,0.171,"2006",FALSE,0,0,38,FALSE
" 93","Antonio Daniels","SG",0.714,"WAS",0.976,0.207,0.646,0.222,0.253,0.557,0.057,0.114,0.228,0.215,0.253,0.461,0.488,0.376,0.346,0.845,0.036,0.152,0.112,0.244,0.211,0.021,0.192,0.259,0.271,"2006",FALSE,0,0,42,FALSE
" 94","Marquis Daniels","SG",0.595,"DAL",0.756,0.354,0.5,0.238,0.236,0.64,0.01,0.021,0.211,0.252,0.278,0.491,0.538,0.183,0.188,0.754,0.155,0.142,0.146,0.148,0.272,0.035,0.216,0.385,0.224,"2006",FALSE,0,0,60,FALSE
" 96","Baron Davis","PG",0.619,"GSW",0.659,0.585,0.558,0.324,0.396,0.519,0.254,0.366,0.315,0.242,0.303,0.434,0.498,0.258,0.297,0.675,0.086,0.19,0.154,0.412,0.362,0.037,0.343,0.445,0.341,"2006",FALSE,0,0,34,FALSE
" 97","Dale Davis","C",0.857,"DET",0.341,0.024,0.05,0.009,0.011,0.5,0,0.001,0,0.009,0.013,0.391,0.417,0.011,0.015,0.533,0.04,0.032,0.035,0.005,0,0.024,0.009,0.062,0.009,"2006",FALSE,0,0,64,FALSE
"100","Carlos Delfino","SG",0.548,"DET",0.829,0.012,0.205,0.088,0.104,0.537,0.05,0.068,0.333,0.074,0.094,0.428,0.497,0.06,0.069,0.672,0.054,0.084,0.074,0.038,0.085,0.04,0.078,0.232,0.087,"2006",FALSE,0,0,64,FALSE
"102","Luol Deng","SF",0.476,"CHI",0.951,0.683,0.737,0.427,0.439,0.617,0.052,0.088,0.269,0.438,0.494,0.481,0.527,0.274,0.284,0.75,0.243,0.386,0.337,0.126,0.293,0.133,0.226,0.345,0.393,"2006",FALSE,0,0,41,FALSE
"103","Boris Diaw","PF",0.548,"PHO",0.988,0.854,0.813,0.434,0.393,0.701,0.02,0.034,0.267,0.459,0.464,0.536,0.59,0.23,0.245,0.731,0.304,0.396,0.365,0.432,0.236,0.226,0.407,0.701,0.381,"2006",FALSE,0,0,54,FALSE
"104","Dan Dickau","PG",0.643,"BOS",0.232,0,0.066,0.016,0.021,0.493,0.025,0.023,0.5,0.007,0.015,0.269,0.531,0.024,0.019,1,0.01,0.011,0.01,0.034,0.045,0.003,0.039,0.108,0.022,"2006",FALSE,0,0,33,FALSE
"105","Travis Diener","PG",0.548,"ORL",0.28,0,0.07,0.028,0.032,0.56,0.062,0.064,0.439,0.004,0.007,0.333,0.668,0.007,0.006,0.833,0.008,0.017,0.014,0.014,0.028,0,0.022,0.059,0.031,"2006",FALSE,0,0,36,FALSE
"107","DeSagana Diop","C",0.571,"DAL",0.988,0.549,0.427,0.073,0.071,0.649,0.002,0.002,0.5,0.077,0.086,0.487,0.544,0.052,0.074,0.542,0.277,0.227,0.244,0.02,0.179,0.388,0.078,0.682,0.067,"2006",FALSE,0,0,60,FALSE
"108","Juan Dixon","SG",0.643,"POR",0.927,0.512,0.543,0.345,0.378,0.58,0.162,0.192,0.382,0.304,0.367,0.449,0.527,0.206,0.2,0.804,0.057,0.146,0.116,0.128,0.236,0.016,0.244,0.423,0.33,"2006",FALSE,0,0,21,FALSE
"110","Keyon Dooling","PG",0.595,"ORL",0.61,0.085,0.322,0.172,0.186,0.587,0.032,0.049,0.302,0.172,0.204,0.456,0.507,0.134,0.124,0.835,0.021,0.067,0.051,0.094,0.199,0.011,0.177,0.313,0.166,"2006",FALSE,0,0,36,FALSE
"111","Chris Duhon","PG",0.548,"CHI",0.902,0.463,0.61,0.208,0.248,0.533,0.249,0.314,0.36,0.12,0.147,0.442,0.548,0.155,0.147,0.818,0.054,0.191,0.144,0.32,0.285,0.008,0.252,0.41,0.228,"2006",FALSE,0,0,41,FALSE
"112","Tim Duncan","PF",0.69,"SAS",0.976,0.976,0.788,0.555,0.545,0.645,0.005,0.006,0.4,0.595,0.666,0.485,0.539,0.443,0.548,0.629,0.442,0.645,0.576,0.217,0.285,0.431,0.427,0.59,0.524,"2006",FALSE,0,0.026,63,TRUE
"113","Mike Dunleavy","SF",0.595,"GSW",0.988,0.829,0.73,0.32,0.376,0.541,0.184,0.293,0.285,0.267,0.314,0.462,0.501,0.259,0.259,0.778,0.149,0.319,0.261,0.204,0.244,0.085,0.259,0.536,0.329,"2006",FALSE,0,0,34,FALSE
"114","Ronald Dupree","SF",0.595,"MIN",0.439,0,0.075,0.032,0.029,0.699,0,0.001,0,0.034,0.035,0.532,0.582,0.019,0.042,0.341,0.04,0.028,0.032,0.012,0.049,0,0.03,0.119,0.028,"2006",FALSE,0,0,33,FALSE
"117","Monta Ellis","SG",0.476,"GSW",0.598,0.037,0.251,0.128,0.146,0.553,0.07,0.093,0.341,0.108,0.133,0.441,0.51,0.056,0.061,0.712,0.042,0.082,0.069,0.067,0.13,0.029,0.125,0.186,0.118,"2006",FALSE,0,0,34,FALSE
"118","Francisco Elson","C",0.69,"DEN",0.878,0.659,0.447,0.146,0.131,0.709,0.002,0.006,0.2,0.156,0.157,0.538,0.592,0.065,0.076,0.662,0.189,0.238,0.222,0.04,0.22,0.12,0.14,0.569,0.124,"2006",FALSE,0,0,44,FALSE
"119","Melvin Ely","PF",0.643,"CHA",0.695,0.268,0.382,0.209,0.196,0.677,0,0.002,0,0.225,0.239,0.511,0.564,0.169,0.198,0.667,0.18,0.182,0.181,0.065,0.118,0.117,0.216,0.431,0.198,"2006",FALSE,0,0,26,FALSE
"120","Maurice Evans","SG",0.643,"DET",0.976,0.012,0.322,0.149,0.157,0.603,0.107,0.131,0.371,0.116,0.127,0.493,0.572,0.069,0.067,0.8,0.145,0.086,0.107,0.052,0.167,0.04,0.084,0.329,0.142,"2006",FALSE,0,0,64,FALSE
"122","Daniel Ewing","SG",0.524,"LAC",0.805,0.061,0.275,0.094,0.117,0.507,0.055,0.088,0.282,0.078,0.1,0.424,0.471,0.048,0.047,0.783,0.044,0.062,0.056,0.072,0.15,0.016,0.123,0.232,0.089,"2006",FALSE,0,0,47,FALSE
"123","Noel Felix","SF",0.571,"SEA",0.146,0,0.023,0.006,0.012,0.32,0.002,0.003,0.333,0.005,0.012,0.227,0.289,0.007,0.008,0.625,0.006,0.01,0.008,0.002,0.008,0.008,0.017,0.035,0.006,"2006",FALSE,0,0,35,FALSE
"124","Raymond Felton","PG",0.5,"CHA",0.976,0.659,0.681,0.334,0.406,0.521,0.241,0.306,0.358,0.258,0.345,0.405,0.496,0.213,0.228,0.725,0.147,0.187,0.173,0.383,0.415,0.021,0.392,0.488,0.335,"2006",FALSE,0,0,26,FALSE
"125","Michael Finley","SG",0.762,"SAS",0.939,0.22,0.577,0.277,0.32,0.549,0.274,0.315,0.394,0.183,0.235,0.423,0.546,0.13,0.118,0.852,0.059,0.214,0.161,0.1,0.15,0.019,0.134,0.261,0.275,"2006",FALSE,0,0,63,FALSE
"126","Derek Fisher","PG",0.738,"GSW",1,0.439,0.733,0.352,0.408,0.547,0.291,0.333,0.397,0.257,0.334,0.417,0.529,0.323,0.301,0.833,0.069,0.174,0.138,0.302,0.508,0.021,0.336,0.639,0.385,"2006",FALSE,0,0,34,FALSE
"127","Gerald Fitch","PG",0.548,"MIA",0.22,0.012,0.068,0.029,0.041,0.449,0.017,0.029,0.269,0.024,0.036,0.365,0.418,0.022,0.024,0.739,0.013,0.023,0.02,0.028,0.028,0.013,0.032,0.075,0.03,"2006",FALSE,0,0,52,FALSE
"128","Marcus Fizer","PF",0.643,"NOK",0.037,0,0.011,0.009,0.008,0.705,0.002,0.001,1,0.008,0.009,0.5,0.621,0.001,0.002,0.5,0.002,0.006,0.005,0.001,0,0,0.004,0.013,0.007,"2006",FALSE,0,0,38,FALSE
"130","T.J. Ford","PG",0.524,"MIL",0.878,0.854,0.724,0.317,0.363,0.555,0.087,0.117,0.337,0.305,0.386,0.428,0.487,0.247,0.255,0.754,0.12,0.246,0.203,0.406,0.423,0.019,0.472,0.528,0.31,"2006",FALSE,0,0,40,FALSE
"132","Jeff Foster","C",0.69,"IND",0.768,0.451,0.447,0.133,0.115,0.736,0,0.005,0,0.144,0.139,0.561,0.613,0.127,0.164,0.604,0.428,0.348,0.375,0.043,0.167,0.072,0.138,0.515,0.131,"2006",FALSE,0,0,41,FALSE
"136","Channing Frye","C",0.524,"NYK",0.793,0.171,0.445,0.295,0.295,0.636,0.007,0.01,0.333,0.314,0.356,0.479,0.532,0.25,0.236,0.825,0.264,0.234,0.244,0.046,0.122,0.125,0.209,0.539,0.283,"2006",FALSE,0,0,23,FALSE
"137","Dan Gadzuric","C",0.643,"MIL",0.902,0,0.25,0.165,0.142,0.737,0,0.001,0,0.178,0.174,0.555,0.614,0.054,0.092,0.461,0.174,0.14,0.152,0.021,0.102,0.114,0.075,0.461,0.135,"2006",FALSE,0,0,40,FALSE
"139","Reece Gaines","PG",0.595,"MIL",0.146,0,0.015,0.006,0.006,0.667,0,0.002,0,0.006,0.006,0.6,0.556,0.001,0.004,0.25,0,0,0,0.003,0.004,0,0.002,0.003,0.005,"2006",FALSE,0,0,40,FALSE
"140","Francisco Garcia","SF",0.571,"SAC",0.817,0.134,0.368,0.126,0.15,0.533,0.097,0.155,0.285,0.095,0.106,0.484,0.511,0.103,0.104,0.772,0.075,0.145,0.121,0.081,0.167,0.125,0.162,0.364,0.133,"2006",FALSE,0,0,44,FALSE
"141","Kevin Garnett","PF",0.69,"MIN",0.927,0.927,0.837,0.605,0.548,0.701,0.02,0.034,0.267,0.643,0.655,0.532,0.588,0.524,0.503,0.81,0.409,0.747,0.631,0.265,0.423,0.285,0.388,0.555,0.585,"2006",FALSE,0,0,33,FALSE
"142","Pat Garrity","PF",0.69,"ORL",0.695,0,0.265,0.098,0.111,0.556,0.124,0.146,0.388,0.053,0.064,0.451,0.579,0.04,0.038,0.811,0.059,0.076,0.071,0.033,0.049,0.024,0.082,0.291,0.1,"2006",FALSE,0,0,36,FALSE
"143","Pau Gasol","PF",0.595,"MEM",0.976,0.976,0.887,0.58,0.549,0.671,0.007,0.014,0.25,0.621,0.667,0.505,0.56,0.562,0.635,0.689,0.365,0.518,0.466,0.319,0.187,0.407,0.506,0.496,0.575,"2006",FALSE,0,0,49,FALSE
"144","Devean George","SF",0.667,"LAL",0.866,0.061,0.436,0.164,0.196,0.533,0.124,0.181,0.313,0.125,0.149,0.453,0.51,0.077,0.088,0.674,0.157,0.191,0.179,0.058,0.268,0.09,0.116,0.429,0.158,"2006",FALSE,0,0,45,FALSE
"145","Eddie Gill","PG",0.643,"IND",0.5,0,0.035,0.01,0.021,0.296,0.017,0.026,0.304,0.003,0.012,0.136,0.333,0.024,0.024,0.783,0,0.015,0.01,0.01,0.045,0.003,0.019,0.035,0.016,"2006",FALSE,0,0,41,FALSE
"146","Manu Ginobili","SG",0.667,"SAS",0.793,0.683,0.513,0.299,0.308,0.616,0.206,0.245,0.382,0.235,0.255,0.5,0.582,0.37,0.37,0.778,0.08,0.187,0.15,0.202,0.411,0.069,0.261,0.42,0.346,"2006",FALSE,0,0,63,FALSE
"147","Gordan Giricek","SG",0.667,"UTA",0.451,0.439,0.271,0.161,0.176,0.577,0.045,0.067,0.305,0.154,0.183,0.457,0.508,0.057,0.059,0.754,0.029,0.055,0.046,0.054,0.065,0.011,0.136,0.235,0.139,"2006",FALSE,0,0,41,FALSE
"149","Ryan Gomes","PF",0.548,"BOS",0.744,0.402,0.389,0.167,0.163,0.649,0.007,0.01,0.333,0.177,0.195,0.491,0.547,0.148,0.153,0.752,0.195,0.195,0.195,0.05,0.142,0.013,0.119,0.224,0.163,"2006",FALSE,0,0,33,FALSE
"150","Drew Gooden","PF",0.571,"CLE",0.963,0.963,0.615,0.323,0.3,0.683,0.002,0.003,0.333,0.347,0.366,0.513,0.57,0.233,0.265,0.682,0.453,0.425,0.435,0.048,0.211,0.13,0.228,0.512,0.298,"2006",FALSE,0,0,50,FALSE
"151","Ben Gordon","SG",0.524,"CHI",0.976,0.573,0.703,0.47,0.53,0.563,0.413,0.431,0.435,0.333,0.434,0.416,0.549,0.279,0.276,0.787,0.082,0.175,0.143,0.206,0.305,0.013,0.388,0.642,0.476,"2006",FALSE,0,0,41,FALSE
"152","Joey Graham","SF",0.548,"TOR",0.976,0.293,0.447,0.191,0.191,0.637,0.072,0.098,0.333,0.176,0.184,0.517,0.57,0.143,0.137,0.812,0.109,0.186,0.159,0.052,0.15,0.035,0.198,0.615,0.188,"2006",FALSE,0,0,27,FALSE
"154","Danny Granger","SF",0.524,"IND",0.951,0.207,0.5,0.214,0.22,0.616,0.075,0.105,0.323,0.199,0.217,0.496,0.549,0.152,0.152,0.777,0.25,0.251,0.251,0.077,0.236,0.165,0.172,0.569,0.207,"2006",FALSE,0,0,41,FALSE
"156","Devin Green","SG",0.548,"LAL",0.329,0,0.038,0.006,0.013,0.285,0,0.002,0,0.006,0.015,0.231,0.238,0.017,0.022,0.619,0.019,0.014,0.016,0.006,0.012,0,0.011,0.035,0.009,"2006",FALSE,0,0,45,FALSE
"157","Gerald Green","SG",0.476,"BOS",0.39,0.037,0.106,0.064,0.064,0.637,0.015,0.023,0.3,0.062,0.067,0.508,0.556,0.038,0.038,0.784,0.019,0.031,0.027,0.015,0.053,0.011,0.047,0.111,0.059,"2006",FALSE,0,0,33,FALSE
"158","Willie Green","SG",0.571,"PHI",0.122,0.024,0.043,0.027,0.03,0.565,0.025,0.021,0.526,0.019,0.027,0.383,0.556,0.005,0.005,0.8,0.002,0.014,0.01,0.004,0.008,0,0.026,0.035,0.025,"2006",FALSE,0,0,38,FALSE
"159","Orien Greene","PG",0.548,"BOS",0.976,0.061,0.35,0.097,0.116,0.527,0.022,0.045,0.225,0.095,0.12,0.427,0.459,0.06,0.07,0.662,0.071,0.107,0.095,0.111,0.313,0.027,0.235,0.488,0.09,"2006",FALSE,0,0,33,FALSE
"160","Adrian Griffin","SG",0.738,"DAL",0.634,0.549,0.352,0.095,0.094,0.64,0,0.002,0,0.102,0.114,0.485,0.533,0.054,0.055,0.774,0.143,0.151,0.148,0.076,0.207,0.024,0.084,0.305,0.084,"2006",FALSE,0,0,60,FALSE
"161","Eddie Griffin","C",0.548,"MIN",0.854,0.329,0.385,0.126,0.17,0.468,0.04,0.093,0.195,0.119,0.162,0.396,0.414,0.058,0.076,0.595,0.205,0.28,0.254,0.034,0.053,0.394,0.093,0.337,0.113,"2006",FALSE,0,0,33,FALSE
"162","Anthony Grundy","SG",0.619,"ATL",0.146,0,0.031,0.018,0.017,0.667,0.012,0.017,0.333,0.015,0.013,0.609,0.629,0.012,0.014,0.643,0.002,0.016,0.011,0.008,0.028,0,0.019,0.038,0.018,"2006",FALSE,0,0,26,FALSE
"163","Richard Hamilton","SG",0.643,"DET",0.976,0.976,0.8,0.628,0.608,0.655,0.137,0.135,0.458,0.618,0.678,0.494,0.569,0.339,0.312,0.845,0.161,0.171,0.167,0.236,0.211,0.043,0.373,0.558,0.568,"2006",FALSE,0,0,64,FALSE
"165","Anfernee Hardaway","SF",0.81,"NYK",0.049,0,0.02,0.004,0.006,0.381,0,0.001,0,0.004,0.007,0.308,0.318,0.003,0.002,1,0,0.01,0.007,0.007,0.008,0,0.013,0.019,0.004,"2006",FALSE,0,0,23,FALSE
"166","Matt Harpring","SF",0.69,"UTA",0.866,0.39,0.55,0.311,0.312,0.633,0.035,0.044,0.359,0.32,0.36,0.482,0.539,0.3,0.322,0.725,0.302,0.209,0.241,0.084,0.24,0.037,0.235,0.544,0.312,"2006",FALSE,0,0,41,FALSE
"167","Al Harrington","PF",0.595,"ATL",0.927,0.927,0.787,0.533,0.561,0.603,0.164,0.216,0.346,0.505,0.58,0.471,0.532,0.321,0.36,0.694,0.252,0.388,0.342,0.204,0.346,0.037,0.42,0.811,0.498,"2006",FALSE,0,0,26,FALSE
"169","Devin Harris","PG",0.524,"DAL",0.683,0.049,0.361,0.184,0.186,0.625,0.012,0.024,0.238,0.193,0.217,0.482,0.528,0.224,0.243,0.716,0.05,0.098,0.082,0.152,0.215,0.043,0.181,0.326,0.196,"2006",FALSE,0,0,60,FALSE
"171","Jason Hart","PG",0.643,"SAC",0.805,0,0.232,0.083,0.102,0.519,0.022,0.035,0.29,0.08,0.107,0.405,0.456,0.049,0.058,0.661,0.023,0.059,0.046,0.06,0.126,0.013,0.093,0.229,0.077,"2006",FALSE,0,0,44,FALSE
"172","Udonis Haslem","PF",0.595,"MIA",0.988,0.976,0.705,0.29,0.272,0.677,0,0.002,0,0.312,0.332,0.509,0.564,0.208,0.205,0.789,0.319,0.464,0.414,0.082,0.203,0.045,0.172,0.582,0.267,"2006",FALSE,0,0,52,FALSE
"173","Trenton Hassell","SG",0.619,"MIN",0.939,0.817,0.712,0.277,0.283,0.619,0.017,0.026,0.304,0.29,0.334,0.47,0.522,0.173,0.181,0.744,0.157,0.133,0.141,0.174,0.175,0.077,0.267,0.542,0.251,"2006",FALSE,0,0,33,FALSE
"174","Chuck Hayes","PF",0.524,"HOU",0.488,0,0.151,0.057,0.048,0.749,0,0.001,0,0.061,0.059,0.567,0.624,0.038,0.046,0.644,0.128,0.111,0.117,0.012,0.106,0.037,0.026,0.205,0.052,"2006",FALSE,0,0,34,FALSE
"175","Jarvis Hayes","SG",0.571,"WAS",0.256,0.159,0.146,0.074,0.084,0.561,0.042,0.053,0.362,0.062,0.077,0.441,0.519,0.033,0.031,0.833,0.036,0.057,0.05,0.023,0.065,0.003,0.047,0.102,0.069,"2006",FALSE,0,0,42,FALSE
"177","Luther Head","SG",0.548,"HOU",0.976,0.329,0.654,0.246,0.29,0.537,0.281,0.353,0.361,0.147,0.179,0.445,0.548,0.114,0.127,0.699,0.063,0.231,0.174,0.185,0.362,0.024,0.256,0.456,0.25,"2006",FALSE,0,0,34,FALSE
"180","Grant Hill","SF",0.786,"ORL",0.256,0.207,0.174,0.115,0.112,0.653,0.005,0.009,0.25,0.122,0.133,0.498,0.549,0.103,0.105,0.765,0.029,0.065,0.052,0.041,0.098,0.016,0.075,0.135,0.112,"2006",FALSE,0,0,36,FALSE
"181","Kirk Hinrich","PG",0.595,"CHI",0.988,0.988,0.836,0.436,0.496,0.557,0.313,0.385,0.37,0.338,0.416,0.441,0.53,0.339,0.323,0.815,0.055,0.257,0.188,0.442,0.382,0.056,0.405,0.677,0.453,"2006",FALSE,0,0,41,FALSE
"184","Robert Horry","PF",0.833,"SAS",0.768,0.037,0.335,0.108,0.134,0.512,0.132,0.163,0.368,0.061,0.083,0.399,0.527,0.058,0.07,0.647,0.136,0.17,0.158,0.068,0.175,0.136,0.088,0.31,0.113,"2006",FALSE,0,0,63,FALSE
"185","Eddie House","PG",0.643,"PHO",0.988,0,0.402,0.309,0.349,0.563,0.306,0.357,0.389,0.205,0.25,0.445,0.559,0.044,0.042,0.805,0.029,0.116,0.086,0.127,0.171,0.032,0.164,0.259,0.281,"2006",FALSE,0,0,54,FALSE
"186","Dwight Howard","PF",0.476,"ORL",1,0.988,0.855,0.453,0.405,0.708,0,0.002,0,0.487,0.496,0.532,0.59,0.471,0.615,0.595,0.551,0.729,0.668,0.107,0.264,0.306,0.468,0.747,0.456,"2006",FALSE,0,0,36,FALSE
"187","Josh Howard","SF",0.595,"DAL",0.72,0.707,0.542,0.338,0.342,0.628,0.067,0.071,0.429,0.336,0.384,0.475,0.543,0.259,0.275,0.734,0.235,0.246,0.242,0.095,0.276,0.069,0.17,0.45,0.326,"2006",FALSE,0,0,60,FALSE
"188","Juwan Howard","PF",0.762,"HOU",0.976,0.976,0.718,0.381,0.395,0.612,0,0.005,0,0.41,0.482,0.461,0.51,0.204,0.197,0.806,0.321,0.364,0.35,0.096,0.199,0.021,0.287,0.633,0.333,"2006",FALSE,0,0,34,FALSE
"189","Troy Hudson","PG",0.69,"MIN",0.439,0,0.226,0.123,0.153,0.508,0.1,0.114,0.396,0.091,0.131,0.375,0.49,0.063,0.053,0.923,0.015,0.036,0.029,0.091,0.049,0.011,0.086,0.148,0.121,"2006",FALSE,0,0,33,FALSE
"190","Larry Hughes","SG",0.643,"CLE",0.439,0.378,0.363,0.186,0.216,0.545,0.07,0.086,0.368,0.171,0.222,0.417,0.488,0.193,0.199,0.756,0.05,0.134,0.105,0.113,0.215,0.056,0.213,0.315,0.197,"2006",FALSE,0,0,50,FALSE
"191","Kris Humphries","PF",0.476,"UTA",0.756,0.024,0.175,0.074,0.093,0.505,0,0.006,0,0.08,0.112,0.389,0.421,0.045,0.067,0.523,0.107,0.1,0.103,0.026,0.093,0.043,0.067,0.221,0.066,"2006",FALSE,0,0,41,FALSE
"192","Lindsey Hunter","PG",0.833,"DET",0.366,0.012,0.1,0.036,0.046,0.493,0.027,0.049,0.256,0.027,0.032,0.456,0.472,0.003,0.004,0.5,0.019,0.03,0.026,0.053,0.077,0.003,0.043,0.119,0.031,"2006",FALSE,0,0,64,FALSE
"194","Andre Iguodala","SF",0.524,"PHI",1,1,0.873,0.333,0.317,0.667,0.139,0.178,0.354,0.3,0.299,0.543,0.601,0.348,0.359,0.754,0.224,0.361,0.314,0.219,0.549,0.056,0.33,0.534,0.356,"2006",FALSE,0,0,38,FALSE
"195","Zydrunas Ilgauskas","C",0.714,"CLE",0.951,0.951,0.646,0.435,0.409,0.675,0,0.006,0,0.468,0.499,0.509,0.562,0.419,0.391,0.834,0.468,0.344,0.386,0.078,0.154,0.362,0.334,0.755,0.43,"2006",FALSE,0,0,50,FALSE
"196","Didier Ilunga-Mbenga","C",0.595,"DAL",0.524,0.012,0.067,0.031,0.028,0.711,0,0.001,0,0.033,0.033,0.542,0.592,0.013,0.021,0.5,0.036,0.037,0.037,0.002,0.024,0.066,0.034,0.127,0.026,"2006",FALSE,0,0,60,FALSE
"197","Allen Iverson","PG",0.714,"PHI",0.878,0.878,0.878,0.788,0.838,0.596,0.179,0.252,0.323,0.773,0.902,0.465,0.519,0.893,0.853,0.814,0.084,0.187,0.152,0.457,0.569,0.027,0.534,0.326,0.839,"2006",FALSE,0,0.001,38,TRUE
"198","Royal Ivey","PG",0.571,"ATL",0.89,0.805,0.277,0.112,0.121,0.585,0.01,0.011,0.4,0.117,0.143,0.441,0.497,0.032,0.034,0.727,0.059,0.065,0.063,0.064,0.098,0.019,0.05,0.396,0.092,"2006",FALSE,0,0,26,FALSE
"199","Jarrett Jack","SG",0.524,"POR",0.963,0.049,0.453,0.183,0.197,0.589,0.05,0.086,0.263,0.176,0.199,0.48,0.517,0.169,0.165,0.8,0.034,0.141,0.105,0.188,0.167,0.005,0.22,0.372,0.186,"2006",FALSE,0,0,21,FALSE
"200","Bobby Jackson","PG",0.762,"MEM",0.866,0.183,0.502,0.277,0.344,0.509,0.321,0.375,0.389,0.163,0.235,0.377,0.521,0.142,0.15,0.733,0.084,0.178,0.146,0.168,0.248,0.003,0.218,0.418,0.285,"2006",FALSE,0,0,49,FALSE
"201","Jermaine Jackson","PG",0.69,"MIL",0.366,0.024,0.057,0.011,0.012,0.564,0.002,0.005,0.25,0.01,0.012,0.455,0.491,0.016,0.014,0.857,0.015,0.019,0.018,0.021,0.016,0.003,0.028,0.051,0.012,"2006",FALSE,0,0,40,FALSE
"203","Luke Jackson","SF",0.571,"CLE",0.439,0,0.089,0.028,0.039,0.455,0.03,0.041,0.333,0.018,0.028,0.347,0.458,0.034,0.034,0.788,0.031,0.024,0.026,0.021,0.045,0.005,0.067,0.081,0.034,"2006",FALSE,0,0,50,FALSE
"205","Stephen Jackson","SG",0.643,"IND",0.988,0.988,0.824,0.456,0.528,0.548,0.291,0.383,0.345,0.369,0.456,0.439,0.513,0.354,0.351,0.786,0.092,0.262,0.204,0.193,0.423,0.114,0.438,0.526,0.469,"2006",FALSE,0,0,41,FALSE
"207","LeBron James","SF",0.5,"CLE",0.963,0.963,0.951,0.846,0.839,0.64,0.316,0.428,0.335,0.778,0.814,0.518,0.572,0.795,0.837,0.738,0.143,0.478,0.363,0.448,0.5,0.176,0.56,0.488,0.875,"2006",FALSE,16,0.55,50,TRUE
"208","Mike James","PG",0.714,"TOR",0.963,0.963,0.828,0.557,0.565,0.625,0.42,0.431,0.442,0.424,0.477,0.481,0.598,0.374,0.348,0.837,0.086,0.215,0.171,0.395,0.293,0.008,0.444,0.577,0.566,"2006",FALSE,0,0,27,FALSE
"209","Antawn Jamison","SF",0.69,"WAS",1,0.976,0.931,0.638,0.688,0.589,0.366,0.421,0.394,0.534,0.632,0.458,0.546,0.287,0.306,0.731,0.319,0.594,0.5,0.136,0.366,0.032,0.295,0.509,0.595,"2006",FALSE,0,0,42,FALSE
"210","Marko Jaric","PG",0.643,"MIN",0.915,0.598,0.595,0.219,0.26,0.532,0.1,0.15,0.301,0.194,0.244,0.43,0.483,0.126,0.142,0.688,0.115,0.172,0.152,0.252,0.439,0.056,0.274,0.509,0.207,"2006",FALSE,0,0,33,FALSE
"211","Sarunas Jasikevicius","PG",0.69,"IND",0.915,0.183,0.441,0.164,0.197,0.528,0.214,0.266,0.364,0.087,0.109,0.435,0.552,0.16,0.137,0.91,0.036,0.133,0.1,0.195,0.163,0.011,0.25,0.291,0.193,"2006",FALSE,0,0,41,FALSE
"212","Al Jefferson","PF",0.5,"BOS",0.72,0.085,0.301,0.183,0.174,0.665,0,0.005,0,0.197,0.212,0.504,0.554,0.114,0.138,0.642,0.185,0.201,0.195,0.026,0.122,0.122,0.134,0.447,0.164,"2006",FALSE,0,0,33,FALSE
"213","Richard Jefferson","SF",0.595,"NJN",0.951,0.951,0.866,0.479,0.462,0.657,0.149,0.212,0.319,0.453,0.461,0.532,0.58,0.623,0.597,0.812,0.182,0.436,0.349,0.255,0.24,0.045,0.375,0.52,0.537,"2006",FALSE,0,0,49,FALSE
"214","Jared Jeffries","PF",0.571,"WAS",0.939,0.939,0.552,0.181,0.191,0.601,0.04,0.056,0.32,0.178,0.206,0.468,0.522,0.131,0.173,0.589,0.314,0.214,0.248,0.127,0.236,0.133,0.213,0.601,0.173,"2006",FALSE,0,0,42,FALSE
"215","Amir Johnson","SF",0.429,"DET",0.037,0,0.011,0.007,0.005,0.933,0.005,0.003,0.667,0.005,0.004,0.714,0.889,0.005,0.004,1,0.006,0.001,0.003,0.003,0,0.005,0.009,0.019,0.007,"2006",FALSE,0,0,64,FALSE
"216","Anthony Johnson","PG",0.738,"IND",0.915,0.646,0.561,0.258,0.277,0.591,0.127,0.175,0.329,0.225,0.253,0.482,0.539,0.14,0.145,0.752,0.059,0.136,0.11,0.278,0.256,0.059,0.248,0.356,0.244,"2006",FALSE,0,0,41,FALSE
"217","DerMarr Johnson","SG",0.595,"DEN",0.707,0.256,0.262,0.128,0.141,0.575,0.139,0.181,0.35,0.079,0.082,0.521,0.581,0.045,0.043,0.81,0.036,0.076,0.063,0.047,0.102,0.069,0.099,0.232,0.125,"2006",FALSE,0,0,44,FALSE
"219","Joe Johnson","SG",0.571,"ATL",1,1,0.945,0.611,0.642,0.604,0.318,0.406,0.356,0.524,0.584,0.487,0.554,0.345,0.34,0.791,0.187,0.235,0.219,0.46,0.419,0.082,0.575,0.504,0.584,"2006",FALSE,0,0,26,FALSE
"221","Dahntay Jones","SF",0.595,"MEM",0.866,0.049,0.274,0.105,0.121,0.552,0.007,0.024,0.143,0.11,0.136,0.438,0.467,0.079,0.096,0.645,0.038,0.083,0.068,0.034,0.154,0.04,0.108,0.291,0.099,"2006",FALSE,0,0,49,FALSE
"222","Damon Jones","PG",0.69,"CLE",1,0.085,0.591,0.184,0.226,0.516,0.348,0.419,0.377,0.052,0.068,0.417,0.589,0.042,0.051,0.64,0.027,0.118,0.087,0.145,0.15,0.003,0.119,0.302,0.195,"2006",FALSE,0,0,50,FALSE
"224","Eddie Jones","SG",0.81,"MEM",0.915,0.915,0.69,0.282,0.332,0.539,0.331,0.422,0.356,0.165,0.196,0.457,0.552,0.222,0.221,0.781,0.067,0.242,0.182,0.152,0.533,0.072,0.2,0.542,0.312,"2006",FALSE,0,0,49,FALSE
"225","Fred Jones","SG",0.619,"IND",0.829,0.024,0.52,0.225,0.257,0.556,0.157,0.211,0.337,0.177,0.21,0.457,0.526,0.161,0.165,0.763,0.034,0.151,0.111,0.132,0.224,0.053,0.231,0.383,0.23,"2006",FALSE,0,0,41,FALSE
"226","James Jones","SF",0.595,"PHO",0.915,0.293,0.502,0.235,0.267,0.557,0.274,0.322,0.386,0.138,0.167,0.449,0.57,0.136,0.124,0.851,0.084,0.208,0.165,0.049,0.154,0.13,0.075,0.383,0.247,"2006",FALSE,0,0,54,FALSE
"227","Jumaine Jones","PF",0.619,"CHA",0.927,0.512,0.591,0.288,0.339,0.54,0.286,0.378,0.343,0.19,0.226,0.456,0.537,0.116,0.124,0.727,0.201,0.269,0.246,0.054,0.276,0.059,0.159,0.539,0.282,"2006",FALSE,0,0,26,FALSE
"228","Chris Kaman","C",0.548,"LAC",0.951,0.951,0.725,0.357,0.325,0.697,0,0.002,0,0.384,0.397,0.524,0.581,0.257,0.259,0.77,0.358,0.559,0.49,0.068,0.183,0.287,0.379,0.725,0.329,"2006",FALSE,0,0,47,FALSE
"229","Jason Kapono","SF",0.571,"MIA",0.622,0.024,0.188,0.076,0.081,0.595,0.052,0.06,0.396,0.06,0.07,0.468,0.562,0.037,0.034,0.848,0.023,0.059,0.046,0.032,0.028,0.008,0.043,0.24,0.073,"2006",FALSE,0,0,52,FALSE
"231","Viktor Khryapa","SF",0.548,"POR",0.841,0.646,0.422,0.153,0.157,0.616,0.025,0.034,0.333,0.154,0.176,0.474,0.53,0.102,0.114,0.694,0.218,0.192,0.201,0.076,0.203,0.077,0.181,0.563,0.142,"2006",FALSE,0,0,21,FALSE
"232","Jason Kidd","PG",0.762,"NJN",0.976,0.976,0.842,0.354,0.416,0.539,0.346,0.446,0.352,0.236,0.288,0.445,0.534,0.257,0.251,0.795,0.164,0.491,0.379,0.577,0.61,0.077,0.414,0.423,0.376,"2006",FALSE,0,0,49,FALSE
"233","Andrei Kirilenko","SF",0.571,"UTA",0.841,0.768,0.737,0.325,0.336,0.613,0.09,0.132,0.308,0.312,0.346,0.489,0.539,0.458,0.509,0.699,0.308,0.388,0.361,0.257,0.415,0.585,0.438,0.437,0.372,"2006",FALSE,0,0,41,FALSE
"234","Linas Kleiza","PF",0.5,"DEN",0.744,0.024,0.147,0.074,0.08,0.593,0.005,0.015,0.154,0.078,0.09,0.469,0.501,0.075,0.083,0.704,0.073,0.077,0.076,0.013,0.041,0.035,0.034,0.235,0.075,"2006",FALSE,0,0,44,FALSE
"235","Brevin Knight","PG",0.714,"CHA",0.841,0.817,0.665,0.298,0.355,0.532,0.007,0.015,0.231,0.317,0.428,0.402,0.446,0.333,0.323,0.803,0.067,0.187,0.146,0.524,0.638,0.011,0.353,0.544,0.308,"2006",FALSE,0,0,26,FALSE
"236","Yaroslav Korolev","SF",0.429,"LAC",0.293,0,0.036,0.009,0.014,0.4,0.005,0.008,0.286,0.007,0.013,0.304,0.37,0.009,0.01,0.7,0.01,0.008,0.008,0.008,0.012,0,0.013,0.03,0.01,"2006",FALSE,0,0,47,FALSE
"237","Kyle Korver","SF",0.571,"PHI",1,0.524,0.725,0.316,0.35,0.573,0.458,0.494,0.42,0.149,0.182,0.443,0.612,0.134,0.122,0.849,0.052,0.241,0.176,0.14,0.264,0.069,0.211,0.604,0.332,"2006",FALSE,0,0,38,FALSE
"238","Nenad Krstic","PF",0.524,"NJN",0.976,0.976,0.699,0.432,0.405,0.676,0.002,0.005,0.25,0.464,0.495,0.509,0.564,0.245,0.273,0.698,0.348,0.329,0.335,0.076,0.13,0.168,0.287,0.801,0.381,"2006",FALSE,0,0,49,FALSE
"239","Toni Kukoc","PF",0.881,"MIL",0.793,0,0.288,0.112,0.137,0.519,0.112,0.166,0.306,0.074,0.085,0.47,0.517,0.053,0.058,0.714,0.05,0.123,0.098,0.119,0.134,0.045,0.142,0.235,0.112,"2006",FALSE,0,0,40,FALSE
"240","Raef LaFrentz","PF",0.69,"BOS",1,0.768,0.575,0.23,0.254,0.575,0.279,0.323,0.392,0.131,0.15,0.474,0.592,0.067,0.077,0.68,0.153,0.324,0.265,0.099,0.118,0.191,0.14,0.736,0.226,"2006",FALSE,0,0,33,FALSE
"244","Rashard Lewis","SF",0.619,"SEA",0.951,0.939,0.814,0.52,0.53,0.623,0.353,0.418,0.384,0.412,0.44,0.507,0.588,0.463,0.44,0.818,0.212,0.277,0.255,0.156,0.415,0.133,0.304,0.515,0.554,"2006",FALSE,0,0,35,FALSE
"246","Shaun Livingston","PG",0.476,"LAC",0.744,0.171,0.432,0.144,0.161,0.569,0.002,0.009,0.125,0.154,0.192,0.434,0.476,0.07,0.079,0.688,0.078,0.141,0.12,0.235,0.187,0.085,0.239,0.431,0.124,"2006",FALSE,0,0,47,FALSE
"248","Tyronn Lue","PG",0.667,"ATL",0.622,0.122,0.349,0.186,0.192,0.612,0.144,0.143,0.457,0.139,0.164,0.46,0.588,0.156,0.142,0.855,0.025,0.069,0.054,0.135,0.106,0.008,0.162,0.305,0.198,"2006",FALSE,0,0,26,FALSE
"249","Arvydas Macijauskas","SG",0.619,"NOK",0.232,0,0.038,0.014,0.019,0.455,0.007,0.014,0.25,0.011,0.016,0.379,0.42,0.017,0.015,0.867,0.006,0.007,0.007,0.004,0.028,0,0.017,0.027,0.016,"2006",FALSE,0,0,38,FALSE
"250","Mark Madsen","C",0.714,"MIN",0.756,0.085,0.191,0.026,0.03,0.545,0,0.008,0,0.028,0.033,0.458,0.454,0.026,0.048,0.426,0.096,0.09,0.092,0.009,0.093,0.045,0.056,0.307,0.026,"2006",FALSE,0,0,33,FALSE
"251","Corey Maggette","SF",0.619,"LAC",0.39,0.159,0.267,0.162,0.173,0.593,0.06,0.08,0.338,0.149,0.171,0.47,0.53,0.28,0.263,0.828,0.054,0.14,0.11,0.057,0.077,0.011,0.168,0.256,0.201,"2006",FALSE,0,0,47,FALSE
"253","Stephon Marbury","PG",0.667,"NYK",0.732,0.732,0.621,0.338,0.356,0.601,0.082,0.117,0.317,0.329,0.378,0.472,0.524,0.325,0.335,0.755,0.048,0.149,0.114,0.328,0.256,0.011,0.338,0.385,0.345,"2006",FALSE,0,0,23,FALSE
"254","Shawn Marion","PF",0.643,"PHO",0.988,0.988,0.924,0.692,0.628,0.7,0.239,0.327,0.331,0.645,0.606,0.577,0.622,0.319,0.307,0.809,0.476,0.705,0.627,0.123,0.65,0.364,0.269,0.601,0.625,"2006",FALSE,0,0.001,54,TRUE
"255","Sean Marks","PF",0.714,"SAS",0.305,0,0.051,0.036,0.033,0.695,0,0.003,0,0.039,0.038,0.544,0.579,0.009,0.012,0.583,0.023,0.031,0.028,0.006,0.02,0.019,0.015,0.057,0.029,"2006",FALSE,0,0,63,FALSE
"256","Donyell Marshall","PF",0.762,"CLE",0.988,0,0.588,0.256,0.309,0.527,0.318,0.446,0.324,0.143,0.156,0.496,0.544,0.122,0.127,0.748,0.201,0.384,0.322,0.052,0.24,0.109,0.194,0.431,0.265,"2006",FALSE,0,0,50,FALSE
"257","Rawle Marshall","SF",0.548,"DAL",0.28,0.11,0.068,0.023,0.028,0.533,0.002,0.003,0.333,0.024,0.032,0.404,0.453,0.029,0.03,0.759,0.015,0.023,0.02,0.009,0.033,0.019,0.032,0.046,0.025,"2006",FALSE,0,0,60,FALSE
"258","Darrick Martin","PG",0.81,"TOR",0.488,0,0.096,0.033,0.045,0.468,0.04,0.045,0.4,0.019,0.032,0.316,0.481,0.024,0.025,0.75,0.004,0.018,0.013,0.049,0.069,0,0.032,0.113,0.036,"2006",FALSE,0,0,27,FALSE
"259","Kenyon Martin","PF",0.667,"DEN",0.683,0.598,0.438,0.287,0.276,0.66,0.012,0.025,0.227,0.304,0.326,0.505,0.554,0.16,0.175,0.712,0.178,0.258,0.231,0.068,0.175,0.138,0.155,0.461,0.254,"2006",FALSE,0,0,44,FALSE
"260","Kevin Martin","SG",0.524,"SAC",0.878,0.5,0.541,0.253,0.251,0.64,0.164,0.202,0.369,0.204,0.207,0.534,0.6,0.249,0.228,0.847,0.111,0.202,0.171,0.083,0.224,0.024,0.175,0.372,0.275,"2006",FALSE,0,0,44,FALSE
"261","Desmond Mason","SF",0.667,"NOK",0.854,0.671,0.595,0.266,0.318,0.532,0.002,0.007,0.167,0.285,0.386,0.401,0.443,0.272,0.311,0.682,0.122,0.232,0.195,0.057,0.171,0.045,0.244,0.367,0.267,"2006",FALSE,0,0,38,FALSE
"263","Sean May","PF",0.5,"CHA",0.28,0.012,0.113,0.068,0.079,0.545,0,0.006,0,0.073,0.094,0.422,0.454,0.065,0.066,0.766,0.08,0.067,0.071,0.019,0.069,0.032,0.071,0.156,0.067,"2006",FALSE,0,0,26,FALSE
"264","Rashad McCants","SG",0.5,"MIN",0.963,0.146,0.386,0.233,0.246,0.6,0.167,0.203,0.372,0.181,0.2,0.49,0.57,0.103,0.109,0.736,0.055,0.113,0.093,0.054,0.179,0.059,0.185,0.474,0.221,"2006",FALSE,0,0,33,FALSE
"265","Walter McCarty","SF",0.738,"LAC",0.439,0.012,0.1,0.032,0.046,0.444,0.025,0.051,0.222,0.024,0.03,0.426,0.427,0.016,0.022,0.571,0.029,0.053,0.044,0.02,0.033,0.013,0.041,0.14,0.031,"2006",FALSE,0,0,47,FALSE
"266","Antonio McDyess","PF",0.738,"DET",1,0,0.491,0.276,0.258,0.679,0,0.002,0,0.297,0.315,0.511,0.566,0.09,0.126,0.557,0.298,0.278,0.285,0.077,0.187,0.128,0.164,0.593,0.225,"2006",FALSE,0,0,64,FALSE
"267","Tracy McGrady","SF",0.619,"HOU",0.573,0.573,0.494,0.397,0.465,0.541,0.182,0.264,0.312,0.351,0.438,0.434,0.491,0.336,0.35,0.747,0.088,0.259,0.201,0.193,0.24,0.109,0.259,0.237,0.405,"2006",FALSE,0,0,34,FALSE
"268","Jeff McInnis","SG",0.738,"NJN",0.341,0.012,0.138,0.061,0.066,0.588,0.007,0.018,0.188,0.062,0.072,0.472,0.501,0.026,0.03,0.69,0.021,0.039,0.033,0.045,0.045,0.005,0.062,0.1,0.053,"2006",FALSE,0,0,49,FALSE
"269","Aaron McKie","PG",0.786,"LAL",0.171,0,0.034,0.003,0.006,0.333,0,0.002,0,0.003,0.006,0.3,0.278,0.001,0.002,0.5,0.006,0.017,0.013,0.009,0.02,0,0.004,0.019,0.002,"2006",FALSE,0,0,45,FALSE
"270","Keith McLeod","PG",0.619,"UTA",0.805,0.39,0.349,0.116,0.156,0.471,0.06,0.093,0.293,0.1,0.146,0.372,0.431,0.14,0.137,0.797,0.021,0.067,0.051,0.13,0.171,0.024,0.164,0.353,0.131,"2006",FALSE,0,0,41,FALSE
"274","C.J. Miles","PG",0.429,"UTA",0.28,0,0.057,0.027,0.035,0.491,0.012,0.023,0.25,0.024,0.032,0.411,0.446,0.024,0.025,0.75,0.034,0.02,0.025,0.014,0.028,0.005,0.019,0.054,0.028,"2006",FALSE,0,0,41,FALSE
"275","Darius Miles","SF",0.571,"POR",0.488,0.28,0.364,0.227,0.235,0.615,0.005,0.011,0.2,0.242,0.282,0.466,0.514,0.115,0.168,0.534,0.046,0.157,0.119,0.063,0.171,0.104,0.213,0.27,0.197,"2006",FALSE,0,0,21,FALSE
"277","Andre Miller","PG",0.69,"DEN",1,1,0.831,0.391,0.401,0.617,0.012,0.03,0.185,0.415,0.477,0.472,0.518,0.414,0.436,0.738,0.176,0.257,0.229,0.579,0.431,0.048,0.552,0.574,0.398,"2006",FALSE,0,0,44,FALSE
"278","Brad Miller","C",0.69,"SAC",0.963,0.963,0.827,0.42,0.404,0.66,0.085,0.099,0.386,0.416,0.445,0.507,0.571,0.37,0.348,0.828,0.233,0.49,0.402,0.321,0.248,0.165,0.388,0.631,0.417,"2006",FALSE,0,0,44,FALSE
"279","Mike Miller","SG",0.595,"MEM",0.902,0.11,0.642,0.342,0.35,0.621,0.343,0.383,0.407,0.225,0.237,0.513,0.619,0.222,0.216,0.8,0.08,0.353,0.259,0.172,0.211,0.072,0.302,0.466,0.358,"2006",FALSE,0,0,49,FALSE
"280","Yao Ming","C",0.595,"HOU",0.695,0.695,0.552,0.452,0.414,0.692,0,0.001,0,0.486,0.507,0.519,0.577,0.446,0.406,0.853,0.283,0.43,0.38,0.073,0.122,0.25,0.317,0.526,0.449,"2006",FALSE,0,0,34,FALSE
"281","Cuttino Mobley","SG",0.714,"LAC",0.963,0.902,0.843,0.415,0.464,0.568,0.206,0.277,0.339,0.36,0.43,0.453,0.519,0.303,0.281,0.839,0.096,0.289,0.223,0.204,0.378,0.096,0.312,0.561,0.413,"2006",FALSE,0,0,47,FALSE
"284","Mikki Moore","C",0.714,"SEA",0.573,0.012,0.165,0.052,0.057,0.58,0,0.002,0,0.056,0.069,0.443,0.483,0.061,0.064,0.742,0.084,0.085,0.085,0.023,0.028,0.04,0.086,0.248,0.054,"2006",FALSE,0,0,35,FALSE
"285","Terence Morris","SF",0.643,"ORL",0.268,0,0.054,0.015,0.023,0.436,0,0.002,0,0.017,0.027,0.34,0.363,0.004,0.003,1,0.011,0.032,0.025,0.003,0.024,0.013,0.015,0.051,0.012,"2006",FALSE,0,0,36,FALSE
"286","Alonzo Mourning","C",0.833,"MIA",0.793,0.244,0.369,0.182,0.145,0.796,0,0.001,0,0.196,0.177,0.599,0.663,0.176,0.23,0.594,0.239,0.232,0.235,0.009,0.053,0.46,0.17,0.477,0.18,"2006",FALSE,0,0,52,FALSE
"287","Troy Murphy","PF",0.595,"GSW",0.902,0.902,0.712,0.351,0.386,0.577,0.144,0.204,0.32,0.317,0.371,0.464,0.52,0.332,0.328,0.787,0.373,0.544,0.486,0.087,0.191,0.069,0.233,0.515,0.365,"2006",FALSE,0,0,34,FALSE
"288","Lamond Murray","SF",0.762,"NJN",0.695,0.012,0.163,0.07,0.083,0.531,0.067,0.088,0.346,0.047,0.058,0.437,0.524,0.033,0.041,0.625,0.055,0.102,0.086,0.011,0.069,0.019,0.047,0.178,0.069,"2006",FALSE,0,0,49,FALSE
"291","Boniface N'Dong","C",0.667,"LAC",0.28,0.012,0.043,0.021,0.024,0.553,0,0.001,0,0.023,0.029,0.423,0.461,0.008,0.009,0.667,0.029,0.022,0.024,0.006,0.008,0.013,0.013,0.062,0.018,"2006",FALSE,0,0,47,FALSE
"294","Eduardo Najera","PF",0.69,"DEN",0.78,0.037,0.41,0.123,0.139,0.563,0.01,0.014,0.333,0.128,0.163,0.426,0.477,0.118,0.117,0.781,0.245,0.196,0.212,0.045,0.215,0.09,0.116,0.445,0.123,"2006",FALSE,0,0,44,FALSE
"295","Steve Nash","PG",0.738,"PHO",0.963,0.963,0.791,0.523,0.486,0.683,0.373,0.386,0.439,0.407,0.403,0.548,0.648,0.34,0.287,0.921,0.09,0.284,0.218,0.71,0.248,0.032,0.595,0.323,0.526,"2006",TRUE,57,0.739,54,TRUE
"296","Jameer Nelson","PG",0.548,"ORL",0.756,0.402,0.505,0.336,0.331,0.644,0.174,0.186,0.424,0.288,0.312,0.5,0.59,0.187,0.186,0.779,0.075,0.14,0.118,0.259,0.285,0.024,0.319,0.469,0.32,"2006",FALSE,0,0,36,FALSE
"297","Rasho Nesterovic","C",0.69,"SAS",0.976,0.622,0.429,0.166,0.154,0.687,0,0.002,0,0.179,0.187,0.518,0.572,0.024,0.031,0.6,0.218,0.194,0.202,0.028,0.085,0.234,0.114,0.563,0.128,"2006",FALSE,0,0,63,FALSE
"298","Ira Newble","SG",0.738,"CLE",0.439,0.037,0.1,0.016,0.026,0.397,0.007,0.015,0.231,0.015,0.025,0.318,0.361,0.015,0.016,0.688,0.04,0.035,0.037,0.008,0.02,0.027,0.026,0.127,0.017,"2006",FALSE,0,0,50,FALSE
"299","Andres Nocioni","PF",0.619,"CHI",1,0.524,0.634,0.37,0.382,0.615,0.231,0.269,0.391,0.302,0.334,0.489,0.574,0.27,0.249,0.843,0.17,0.408,0.327,0.101,0.163,0.138,0.259,0.679,0.375,"2006",FALSE,0,0,41,FALSE
"301","Dirk Nowitzki","PF",0.643,"DAL",0.988,0.988,0.874,0.726,0.72,0.64,0.274,0.306,0.406,0.667,0.729,0.496,0.572,0.713,0.615,0.901,0.22,0.609,0.476,0.194,0.236,0.221,0.336,0.442,0.76,"2006",FALSE,14,0.435,60,TRUE
"302","Jermaine O'Neal","PF",0.643,"IND",0.622,0.573,0.51,0.368,0.37,0.629,0.007,0.011,0.3,0.392,0.448,0.474,0.527,0.345,0.379,0.709,0.195,0.371,0.311,0.114,0.11,0.311,0.325,0.477,0.362,"2006",FALSE,0,0,41,FALSE
"304","Fabricio Oberto","C",0.714,"SAS",0.72,0,0.139,0.043,0.043,0.631,0,0.002,0,0.046,0.051,0.484,0.526,0.02,0.028,0.556,0.109,0.066,0.08,0.023,0.037,0.029,0.06,0.245,0.036,"2006",FALSE,0,0,63,FALSE
"305","Lamar Odom","PF",0.619,"LAL",0.976,0.976,0.912,0.43,0.426,0.641,0.199,0.243,0.372,0.38,0.4,0.514,0.582,0.286,0.322,0.69,0.346,0.553,0.482,0.381,0.305,0.17,0.459,0.69,0.419,"2006",FALSE,0,0,45,FALSE
"307","Mehmet Okur","PF",0.619,"UTA",1,1,0.834,0.502,0.519,0.613,0.199,0.264,0.342,0.457,0.504,0.491,0.551,0.468,0.467,0.78,0.403,0.531,0.488,0.167,0.163,0.194,0.351,0.768,0.52,"2006",FALSE,0,0,41,FALSE
"308","Kevin Ollie","SG",0.786,"PHI",0.854,0.28,0.303,0.073,0.08,0.575,0.002,0.003,0.333,0.077,0.096,0.433,0.482,0.054,0.05,0.837,0.025,0.084,0.064,0.087,0.134,0.008,0.062,0.278,0.068,"2006",FALSE,0,0,38,FALSE
"312","Travis Outlaw","PF",0.5,"POR",0.841,0.134,0.326,0.157,0.169,0.587,0.035,0.06,0.264,0.154,0.178,0.47,0.51,0.082,0.092,0.697,0.092,0.14,0.124,0.029,0.126,0.122,0.08,0.302,0.141,"2006",FALSE,0,0,21,FALSE
"313","Andre Owens","PG",0.595,"UTA",0.28,0.024,0.059,0.026,0.034,0.487,0.007,0.018,0.188,0.025,0.033,0.414,0.428,0.016,0.019,0.667,0.021,0.01,0.014,0.007,0.02,0,0.028,0.067,0.024,"2006",FALSE,0,0,41,FALSE
"314","Zaza Pachulia","C",0.5,"ATL",0.951,0.951,0.694,0.297,0.313,0.601,0,0.002,0,0.319,0.383,0.452,0.501,0.393,0.416,0.735,0.505,0.347,0.401,0.111,0.362,0.104,0.388,0.771,0.322,"2006",FALSE,0,0,26,FALSE
"315","Scott Padgett","PF",0.69,"NJN",0.756,0.012,0.203,0.069,0.092,0.471,0.104,0.137,0.347,0.03,0.045,0.363,0.509,0.036,0.035,0.794,0.107,0.108,0.108,0.035,0.114,0.032,0.045,0.243,0.075,"2006",FALSE,0,0,49,FALSE
"316","Milt Palacio","PG",0.643,"UTA",0.866,0.22,0.389,0.165,0.185,0.565,0.002,0.018,0.063,0.177,0.218,0.439,0.473,0.13,0.154,0.653,0.033,0.116,0.088,0.163,0.191,0.037,0.237,0.337,0.156,"2006",FALSE,0,0,41,FALSE
"317","Jannero Pargo","PG",0.619,"CHI",0.695,0,0.183,0.105,0.134,0.497,0.097,0.116,0.379,0.073,0.107,0.37,0.489,0.022,0.022,0.81,0.015,0.053,0.04,0.081,0.098,0.005,0.131,0.154,0.097,"2006",FALSE,0,0,41,FALSE
"318","Smush Parker","PG",0.571,"LAL",1,1,0.785,0.337,0.358,0.596,0.299,0.37,0.366,0.237,0.254,0.506,0.582,0.165,0.185,0.694,0.071,0.232,0.177,0.259,0.569,0.043,0.317,0.574,0.332,"2006",FALSE,0,0,45,FALSE
"319","Tony Parker","PG",0.548,"SAS",0.976,0.976,0.768,0.603,0.523,0.731,0.027,0.041,0.306,0.637,0.62,0.556,0.614,0.335,0.368,0.707,0.073,0.221,0.171,0.395,0.337,0.011,0.537,0.434,0.533,"2006",FALSE,0,0.007,63,TRUE
"321","Chris Paul","PG",0.476,"NOK",0.951,0.951,0.795,0.394,0.436,0.573,0.124,0.2,0.282,0.371,0.434,0.464,0.507,0.521,0.478,0.847,0.117,0.337,0.261,0.525,0.711,0.016,0.394,0.588,0.444,"2006",FALSE,0,0,38,FALSE
"322","Sasha Pavlovic","SG",0.524,"CLE",0.646,0.232,0.23,0.084,0.098,0.547,0.087,0.108,0.365,0.054,0.065,0.448,0.548,0.042,0.05,0.653,0.031,0.064,0.052,0.021,0.077,0.016,0.091,0.278,0.085,"2006",FALSE,0,0,50,FALSE
"323","Gary Payton","PG",0.881,"MIA",0.988,0.305,0.652,0.222,0.252,0.56,0.164,0.26,0.287,0.171,0.179,0.517,0.534,0.132,0.13,0.794,0.065,0.198,0.152,0.221,0.289,0.027,0.22,0.456,0.221,"2006",FALSE,0,0,52,FALSE
"324","Kendrick Perkins","C",0.5,"BOS",0.829,0.488,0.377,0.132,0.122,0.687,0,0.002,0,0.143,0.149,0.519,0.572,0.106,0.134,0.615,0.268,0.262,0.264,0.059,0.085,0.279,0.231,0.536,0.125,"2006",FALSE,0,0,33,FALSE
"325","Morris Peterson","SG",0.667,"TOR",1,0.939,0.889,0.462,0.504,0.581,0.44,0.506,0.395,0.313,0.365,0.465,0.574,0.319,0.302,0.82,0.124,0.314,0.249,0.163,0.423,0.04,0.272,0.601,0.485,"2006",FALSE,0,0,27,FALSE
"327","Eric Piatkowski","SG",0.833,"CHI",0.354,0.012,0.065,0.023,0.028,0.524,0.022,0.037,0.273,0.016,0.016,0.536,0.519,0.003,0.005,0.4,0.008,0.019,0.015,0.011,0.024,0.003,0.024,0.054,0.021,"2006",FALSE,0,0,41,FALSE
"328","Paul Pierce","SF",0.667,"BOS",0.963,0.963,0.873,0.666,0.673,0.628,0.276,0.354,0.354,0.601,0.647,0.503,0.566,0.829,0.835,0.772,0.147,0.45,0.346,0.322,0.435,0.09,0.588,0.601,0.747,"2006",FALSE,0,0,33,FALSE
"329","Mickael Pietrus","SF",0.548,"GSW",0.634,0.22,0.334,0.163,0.192,0.539,0.139,0.199,0.318,0.118,0.136,0.467,0.523,0.115,0.147,0.608,0.111,0.104,0.107,0.038,0.134,0.027,0.168,0.356,0.17,"2006",FALSE,0,0,34,FALSE
"330","Zoran Planinic","PG",0.548,"NJN",0.683,0.012,0.169,0.064,0.084,0.481,0.032,0.063,0.232,0.055,0.072,0.417,0.44,0.061,0.068,0.697,0.027,0.06,0.048,0.046,0.081,0.011,0.093,0.245,0.067,"2006",FALSE,0,0,49,FALSE
"333","James Posey","SF",0.69,"MIA",0.817,0.768,0.542,0.154,0.182,0.537,0.291,0.327,0.403,0.044,0.059,0.4,0.612,0.063,0.063,0.787,0.063,0.284,0.208,0.076,0.22,0.053,0.125,0.528,0.171,"2006",FALSE,0,0,52,FALSE
"336","Ronnie Price","PG",0.524,"SAC",0.354,0,0.042,0.02,0.027,0.483,0.015,0.03,0.222,0.016,0.017,0.484,0.46,0.016,0.012,1,0.01,0.01,0.01,0.009,0.024,0,0.022,0.027,0.021,"2006",FALSE,0,0,44,FALSE
"337","Tayshaun Prince","SF",0.595,"DET",1,1,0.82,0.44,0.46,0.607,0.159,0.207,0.35,0.407,0.46,0.479,0.541,0.241,0.245,0.765,0.199,0.24,0.226,0.16,0.252,0.104,0.196,0.259,0.408,"2006",FALSE,0,0,64,FALSE
"338","Laron Profit","SG",0.667,"LAL",0.305,0.012,0.079,0.039,0.039,0.635,0.007,0.02,0.167,0.039,0.037,0.561,0.549,0.028,0.025,0.875,0.015,0.035,0.028,0.013,0.045,0.013,0.052,0.067,0.037,"2006",FALSE,0,0,45,FALSE
"342","Zach Randolph","PF",0.571,"POR",0.902,0.866,0.72,0.518,0.566,0.581,0.04,0.062,0.291,0.541,0.662,0.443,0.492,0.324,0.353,0.714,0.369,0.396,0.387,0.124,0.232,0.037,0.356,0.499,0.471,"2006",FALSE,0,0,21,FALSE
"345","Michael Redd","SG",0.619,"MIL",0.976,0.976,0.886,0.66,0.698,0.6,0.405,0.466,0.395,0.54,0.622,0.471,0.56,0.663,0.587,0.877,0.149,0.262,0.224,0.197,0.386,0.013,0.366,0.423,0.716,"2006",FALSE,0,0,40,FALSE
"347","Jason Richardson","SG",0.595,"GSW",0.915,0.915,0.814,0.62,0.662,0.595,0.455,0.538,0.384,0.477,0.542,0.477,0.566,0.365,0.422,0.673,0.201,0.331,0.286,0.199,0.394,0.098,0.36,0.555,0.615,"2006",FALSE,0,0,34,FALSE
"348","Quentin Richardson","SF",0.595,"NYK",0.671,0.524,0.408,0.158,0.211,0.473,0.159,0.212,0.34,0.103,0.153,0.365,0.472,0.081,0.094,0.67,0.124,0.164,0.15,0.076,0.159,0.016,0.121,0.361,0.159,"2006",FALSE,0,0,23,FALSE
"349","Luke Ridnour","PG",0.571,"SEA",0.963,0.939,0.743,0.323,0.368,0.557,0.107,0.168,0.289,0.303,0.367,0.448,0.494,0.263,0.234,0.877,0.09,0.187,0.154,0.473,0.5,0.059,0.349,0.48,0.321,"2006",FALSE,0,0,35,FALSE
"350","Anthony Roberson","PG",0.524,"MEM",0.195,0,0.025,0.014,0.014,0.603,0.012,0.011,0.5,0.009,0.012,0.429,0.591,0.003,0.002,1,0,0.006,0.004,0.004,0.004,0,0.006,0.016,0.012,"2006",FALSE,0,0,49,FALSE
"351","Lawrence Roberts","C",0.548,"MEM",0.402,0,0.051,0.019,0.02,0.607,0,0.002,0,0.021,0.024,0.476,0.506,0.015,0.024,0.478,0.05,0.023,0.032,0.004,0.033,0.005,0.011,0.081,0.018,"2006",FALSE,0,0,49,FALSE
"352","Bernard Robinson","SF",0.595,"CHA",0.805,0.22,0.369,0.152,0.168,0.573,0.005,0.024,0.095,0.161,0.194,0.451,0.481,0.14,0.138,0.791,0.119,0.156,0.143,0.066,0.329,0.027,0.159,0.38,0.149,"2006",FALSE,0,0,26,FALSE
"353","Clifford Robinson","PF",0.929,"NJN",0.976,0.159,0.527,0.212,0.236,0.569,0.149,0.198,0.343,0.165,0.191,0.47,0.539,0.069,0.081,0.658,0.105,0.211,0.175,0.076,0.179,0.106,0.134,0.555,0.194,"2006",FALSE,0,0,49,FALSE
"354","Nate Robinson","PG",0.5,"NYK",0.878,0.317,0.437,0.222,0.26,0.543,0.144,0.165,0.397,0.179,0.236,0.411,0.509,0.201,0.208,0.752,0.107,0.11,0.109,0.126,0.24,0.003,0.246,0.542,0.237,"2006",FALSE,0,0,23,FALSE
"356","Malik Rose","PF",0.738,"NYK",0.878,0.427,0.317,0.102,0.129,0.499,0.002,0.001,1,0.108,0.158,0.371,0.417,0.142,0.141,0.781,0.161,0.174,0.169,0.058,0.175,0.037,0.172,0.391,0.112,"2006",FALSE,0,0,23,FALSE
"357","Quinton Ross","SF",0.571,"LAC",0.817,0.549,0.429,0.126,0.142,0.563,0,0.008,0,0.135,0.17,0.432,0.469,0.075,0.077,0.76,0.073,0.131,0.111,0.068,0.207,0.043,0.101,0.418,0.112,"2006",FALSE,0,0,47,FALSE
"358","Michael Ruffin","C",0.69,"WAS",0.927,0.049,0.286,0.033,0.035,0.589,0,0.002,0,0.035,0.042,0.453,0.491,0.049,0.076,0.5,0.233,0.148,0.177,0.023,0.134,0.082,0.082,0.482,0.037,"2006",FALSE,0,0,42,FALSE
"359","Kareem Rush","SG",0.595,"CHA",0.573,0.305,0.314,0.175,0.216,0.515,0.142,0.185,0.348,0.129,0.172,0.407,0.497,0.073,0.079,0.714,0.034,0.084,0.067,0.043,0.154,0.035,0.14,0.213,0.167,"2006",FALSE,0,0,26,FALSE
"361","John Salmons","SG",0.619,"PHI",1,0.293,0.583,0.212,0.24,0.56,0.065,0.098,0.299,0.201,0.245,0.445,0.494,0.205,0.206,0.775,0.092,0.171,0.144,0.192,0.297,0.035,0.269,0.48,0.219,"2006",FALSE,0,0,38,FALSE
"363","Melvin Sanders","SG",0.595,"SAS",0.195,0,0.032,0.015,0.015,0.647,0.005,0.003,0.667,0.015,0.017,0.467,0.572,0.009,0.01,0.7,0.008,0.019,0.015,0.003,0.02,0,0.017,0.054,0.014,"2006",FALSE,0,0,63,FALSE
"364","Brian Scalabrine","PF",0.643,"BOS",0.866,0.012,0.265,0.072,0.089,0.511,0.077,0.098,0.356,0.045,0.06,0.406,0.516,0.034,0.037,0.722,0.052,0.086,0.075,0.044,0.085,0.051,0.108,0.342,0.072,"2006",FALSE,0,0,33,FALSE
"369","Bobby Simmons","SF",0.595,"MIL",0.915,0.902,0.718,0.354,0.372,0.604,0.261,0.282,0.42,0.272,0.315,0.468,0.576,0.218,0.206,0.825,0.174,0.24,0.218,0.148,0.35,0.056,0.265,0.685,0.354,"2006",FALSE,0,0,40,FALSE
"370","James Singleton","SF",0.571,"LAC",0.72,0.122,0.213,0.074,0.069,0.68,0.025,0.023,0.5,0.07,0.074,0.511,0.603,0.052,0.051,0.78,0.12,0.133,0.129,0.025,0.077,0.056,0.06,0.256,0.072,"2006",FALSE,0,0,47,FALSE
"373","Donta Smith","SG",0.524,"ATL",0.28,0,0.036,0.015,0.012,0.741,0.005,0.005,0.5,0.014,0.013,0.565,0.659,0.008,0.012,0.5,0.006,0.011,0.009,0.008,0.033,0,0.009,0.054,0.013,"2006",FALSE,0,0,26,FALSE
"374","J.R. Smith","SG",0.476,"NOK",0.671,0.305,0.28,0.139,0.168,0.524,0.129,0.158,0.371,0.096,0.127,0.407,0.516,0.11,0.104,0.822,0.036,0.09,0.072,0.05,0.15,0.011,0.116,0.243,0.149,"2006",FALSE,0,0,38,FALSE
"375","Joe Smith","PF",0.714,"MIL",0.537,0.061,0.251,0.14,0.14,0.633,0,0.002,0,0.151,0.171,0.479,0.528,0.118,0.118,0.774,0.159,0.146,0.15,0.027,0.098,0.035,0.086,0.323,0.134,"2006",FALSE,0,0,40,FALSE
"376","Josh Smith","SF",0.476,"ATL",0.976,0.89,0.724,0.318,0.356,0.567,0.085,0.124,0.309,0.307,0.375,0.444,0.497,0.278,0.3,0.719,0.337,0.353,0.347,0.164,0.26,0.553,0.349,0.701,0.319,"2006",FALSE,0,0,26,FALSE
"377","Eric Snow","PG",0.762,"CLE",1,1,0.665,0.158,0.184,0.545,0.002,0.011,0.1,0.169,0.219,0.416,0.456,0.085,0.096,0.688,0.073,0.159,0.129,0.297,0.309,0.051,0.25,0.588,0.138,"2006",FALSE,0,0,50,FALSE
"378","Kirk Snyder","SG",0.524,"NOK",0.829,0.549,0.371,0.198,0.208,0.604,0.114,0.146,0.357,0.165,0.183,0.491,0.559,0.114,0.12,0.735,0.105,0.105,0.105,0.088,0.118,0.061,0.151,0.286,0.191,"2006",FALSE,0,0,38,FALSE
"379","Darius Songaila","PF",0.643,"CHI",0.756,0.085,0.376,0.228,0.226,0.641,0.005,0.006,0.4,0.243,0.274,0.481,0.537,0.124,0.118,0.817,0.145,0.169,0.161,0.076,0.142,0.043,0.183,0.423,0.201,"2006",FALSE,0,0,41,FALSE
"381","Jerry Stackhouse","SG",0.738,"DAL",0.671,0.134,0.432,0.234,0.277,0.535,0.09,0.147,0.277,0.214,0.267,0.436,0.479,0.258,0.227,0.882,0.061,0.12,0.1,0.137,0.15,0.027,0.261,0.259,0.252,"2006",FALSE,0,0,60,FALSE
"382","DeShawn Stevenson","SG",0.571,"ORL",1,1,0.75,0.347,0.359,0.613,0.005,0.017,0.133,0.371,0.432,0.466,0.512,0.238,0.249,0.744,0.113,0.181,0.158,0.137,0.236,0.045,0.265,0.48,0.318,"2006",FALSE,0,0,36,FALSE
"384","Awvee Storey","SF",0.667,"WAS",0.305,0.012,0.033,0.015,0.019,0.52,0.007,0.008,0.429,0.014,0.019,0.382,0.474,0.011,0.014,0.571,0.015,0.014,0.014,0.003,0.012,0.003,0.011,0.059,0.015,"2006",FALSE,0,0,42,FALSE
"385","Damon Stoudamire","PG",0.762,"MEM",0.329,0.329,0.244,0.11,0.132,0.529,0.09,0.117,0.346,0.081,0.103,0.426,0.511,0.07,0.064,0.855,0.044,0.071,0.062,0.11,0.077,0.003,0.119,0.132,0.112,"2006",FALSE,0,0,49,FALSE
"386","Salim Stoudamire","SG",0.548,"ATL",0.744,0.012,0.35,0.197,0.226,0.553,0.204,0.244,0.38,0.127,0.156,0.442,0.553,0.131,0.113,0.9,0.023,0.103,0.076,0.064,0.11,0.008,0.177,0.318,0.208,"2006",FALSE,0,0,26,FALSE
"387","Amar'e Stoudemire","C",0.548,"PHO",0.037,0.037,0.014,0.009,0.012,0.444,0,0.001,0,0.009,0.015,0.346,0.37,0.011,0.009,0.889,0.011,0.01,0.01,0.002,0.004,0.008,0.002,0.011,0.009,"2006",FALSE,0,0,54,FALSE
"390","Stromile Swift","C",0.619,"HOU",0.805,0.061,0.38,0.218,0.211,0.655,0,0.002,0,0.234,0.257,0.493,0.546,0.18,0.215,0.651,0.197,0.187,0.19,0.021,0.154,0.133,0.196,0.534,0.207,"2006",FALSE,0,0,34,FALSE
"393","Donell Taylor","SG",0.548,"WAS",0.622,0.012,0.132,0.051,0.063,0.52,0.01,0.019,0.235,0.051,0.067,0.412,0.449,0.04,0.044,0.698,0.031,0.037,0.035,0.039,0.122,0.011,0.073,0.127,0.049,"2006",FALSE,0,0,42,FALSE
"394","Maurice Taylor","PF",0.69,"NYK",0.817,0.159,0.342,0.176,0.179,0.624,0,0.001,0,0.189,0.219,0.469,0.52,0.077,0.085,0.699,0.124,0.163,0.15,0.046,0.085,0.037,0.222,0.477,0.149,"2006",FALSE,0,0,23,FALSE
"395","Sebastian Telfair","PG",0.476,"POR",0.829,0.366,0.464,0.221,0.266,0.525,0.142,0.183,0.352,0.178,0.235,0.411,0.493,0.172,0.18,0.743,0.036,0.1,0.078,0.212,0.268,0.016,0.248,0.45,0.227,"2006",FALSE,0,0,21,FALSE
"396","Jason Terry","PG",0.667,"DAL",0.976,0.976,0.792,0.499,0.506,0.627,0.425,0.47,0.411,0.359,0.385,0.505,0.608,0.222,0.216,0.8,0.059,0.126,0.103,0.263,0.407,0.072,0.291,0.528,0.484,"2006",FALSE,0,0,60,FALSE
"397","Billy Thomas","SG",0.714,"WAS",0.207,0,0.037,0.013,0.018,0.433,0.025,0.034,0.333,0.003,0.006,0.3,0.5,0.003,0.002,1,0.01,0.009,0.009,0.008,0.041,0.003,0.013,0.051,0.013,"2006",FALSE,0,0,42,FALSE
"401","Kenny Thomas","PF",0.667,"SAC",1,0.671,0.649,0.295,0.278,0.673,0,0.001,0,0.317,0.34,0.506,0.561,0.183,0.21,0.676,0.38,0.416,0.404,0.144,0.293,0.104,0.291,0.528,0.264,"2006",FALSE,0,0,44,FALSE
"404","Dijon Thompson","SG",0.524,"PHO",0.122,0,0.012,0.011,0.012,0.587,0.01,0.012,0.364,0.007,0.008,0.5,0.578,0.003,0.002,1,0.008,0.007,0.007,0.001,0.012,0.003,0.004,0.016,0.01,"2006",FALSE,0,0,54,FALSE
"405","Jamaal Tinsley","PG",0.643,"IND",0.512,0.329,0.318,0.153,0.178,0.545,0.04,0.079,0.229,0.148,0.178,0.449,0.478,0.077,0.094,0.637,0.067,0.097,0.087,0.181,0.199,0.016,0.235,0.259,0.138,"2006",FALSE,0,0,41,FALSE
"409","Hedo Turkoglu","SF",0.619,"ORL",0.951,0.72,0.74,0.385,0.404,0.605,0.284,0.319,0.403,0.296,0.335,0.478,0.577,0.337,0.305,0.861,0.134,0.261,0.218,0.186,0.285,0.056,0.28,0.631,0.411,"2006",FALSE,0,0,36,FALSE
"410","Ime Udoka","SF",0.667,"NYK",0.098,0,0.032,0.009,0.011,0.5,0.002,0.003,0.333,0.008,0.012,0.381,0.44,0.004,0.006,0.5,0.006,0.014,0.011,0.005,0.004,0,0.004,0.022,0.008,"2006",FALSE,0,0,23,FALSE
"411","Beno Udrih","PG",0.548,"SAS",0.659,0.037,0.166,0.103,0.107,0.607,0.06,0.079,0.343,0.085,0.092,0.503,0.562,0.052,0.051,0.78,0.034,0.034,0.034,0.079,0.057,0.005,0.114,0.148,0.097,"2006",FALSE,0,0,63,FALSE
"412","Nick Van Exel","PG",0.81,"SAS",0.793,0.024,0.279,0.132,0.158,0.529,0.137,0.174,0.357,0.084,0.107,0.429,0.53,0.037,0.042,0.683,0.011,0.084,0.059,0.106,0.065,0.008,0.123,0.162,0.125,"2006",FALSE,0,0,63,FALSE
"413","Keith Van Horn","SF",0.714,"DAL",0.646,0,0.309,0.159,0.178,0.565,0.124,0.153,0.368,0.119,0.142,0.454,0.542,0.124,0.116,0.832,0.103,0.137,0.125,0.032,0.126,0.029,0.153,0.326,0.167,"2006",FALSE,0,0,60,FALSE
"414","Anderson Varejao","C",0.548,"CLE",0.585,0.049,0.215,0.076,0.069,0.703,0,0.001,0,0.082,0.084,0.53,0.586,0.081,0.122,0.513,0.147,0.157,0.154,0.016,0.126,0.051,0.058,0.318,0.077,"2006",FALSE,0,0,50,FALSE
"415","Jacque Vaughn","SG",0.714,"NJN",0.976,0.073,0.349,0.103,0.113,0.583,0.002,0.007,0.167,0.11,0.135,0.444,0.488,0.078,0.083,0.728,0.031,0.074,0.059,0.106,0.171,0.003,0.112,0.377,0.097,"2006",FALSE,0,0,49,FALSE
"416","Charlie Villanueva","PF",0.5,"TOR",0.988,0.439,0.668,0.421,0.433,0.617,0.174,0.242,0.327,0.38,0.409,0.503,0.556,0.149,0.165,0.706,0.346,0.338,0.341,0.076,0.244,0.168,0.213,0.666,0.372,"2006",FALSE,0,0,27,FALSE
"417","Jake Voskuhl","C",0.667,"CHA",0.622,0.024,0.232,0.11,0.12,0.583,0.002,0.003,0.333,0.118,0.146,0.438,0.488,0.054,0.062,0.683,0.119,0.12,0.12,0.034,0.106,0.061,0.071,0.423,0.095,"2006",FALSE,0,0,26,FALSE
"419","Sasha Vujacic","PG",0.5,"LAL",1,0.049,0.41,0.104,0.144,0.461,0.147,0.194,0.343,0.051,0.079,0.35,0.49,0.061,0.053,0.885,0.063,0.125,0.104,0.119,0.195,0.008,0.108,0.404,0.113,"2006",FALSE,0,0,45,FALSE
"420","Dwyane Wade","SG",0.571,"MIA",0.915,0.915,0.819,0.676,0.65,0.66,0.032,0.086,0.171,0.714,0.754,0.513,0.554,0.832,0.826,0.783,0.205,0.321,0.281,0.432,0.593,0.154,0.578,0.585,0.72,"2006",FALSE,0,0.07,52,TRUE
"421","Von Wafer","SG",0.476,"LAL",0.195,0,0.021,0.006,0.017,0.211,0.005,0.019,0.118,0.004,0.012,0.19,0.204,0.008,0.008,0.75,0.01,0.003,0.005,0.003,0.012,0,0.002,0.032,0.007,"2006",FALSE,0,0,45,FALSE
"422","Antoine Walker","PF",0.69,"MIA",1,0.232,0.622,0.378,0.413,0.58,0.341,0.432,0.358,0.264,0.29,0.493,0.569,0.107,0.133,0.628,0.197,0.316,0.275,0.143,0.191,0.08,0.323,0.504,0.353,"2006",FALSE,0,0,52,FALSE
"424","Ben Wallace","C",0.738,"DET",1,1,0.818,0.229,0.214,0.68,0,0.005,0,0.247,0.26,0.514,0.567,0.163,0.305,0.416,0.576,0.618,0.603,0.136,0.593,0.481,0.19,0.442,0.211,"2006",FALSE,0,0,64,FALSE
"425","Gerald Wallace","SF",0.548,"CHA",0.671,0.634,0.536,0.307,0.271,0.717,0.035,0.056,0.28,0.315,0.304,0.562,0.611,0.249,0.315,0.614,0.235,0.287,0.269,0.082,0.561,0.306,0.213,0.404,0.295,"2006",FALSE,0,0,26,FALSE
"426","Rasheed Wallace","PF",0.738,"DET",0.976,0.976,0.787,0.444,0.491,0.573,0.386,0.49,0.357,0.316,0.357,0.48,0.559,0.18,0.188,0.743,0.172,0.454,0.358,0.156,0.333,0.346,0.183,0.625,0.427,"2006",FALSE,0,0,64,FALSE
"428","Luke Walton","SF",0.595,"LAL",0.841,0.073,0.377,0.131,0.151,0.549,0.045,0.062,0.327,0.122,0.154,0.429,0.488,0.075,0.078,0.75,0.168,0.158,0.161,0.134,0.167,0.04,0.168,0.321,0.122,"2006",FALSE,0,0,45,FALSE
"431","Chris Webber","PF",0.762,"PHI",0.915,0.915,0.819,0.597,0.654,0.579,0.052,0.087,0.273,0.62,0.759,0.443,0.49,0.348,0.358,0.756,0.352,0.553,0.484,0.22,0.419,0.165,0.392,0.59,0.536,"2006",FALSE,0,0,38,FALSE
"432","Martell Webster","SF",0.452,"POR",0.744,0.22,0.303,0.134,0.16,0.532,0.162,0.205,0.357,0.077,0.094,0.446,0.548,0.081,0.073,0.859,0.055,0.1,0.085,0.029,0.085,0.037,0.093,0.243,0.143,"2006",FALSE,0,0,21,FALSE
"433","Bonzi Wells","SG",0.69,"SAC",0.634,0.5,0.477,0.275,0.282,0.617,0.025,0.051,0.222,0.285,0.32,0.482,0.523,0.171,0.195,0.679,0.272,0.257,0.262,0.124,0.382,0.066,0.272,0.42,0.25,"2006",FALSE,0,0,44,FALSE
"434","Jiri Welsch","SF",0.619,"MIL",0.707,0.024,0.245,0.083,0.102,0.516,0.035,0.055,0.286,0.075,0.098,0.416,0.466,0.086,0.09,0.747,0.042,0.088,0.073,0.053,0.138,0.003,0.088,0.175,0.089,"2006",FALSE,0,0,40,FALSE
"435","David Wesley","SG",0.833,"HOU",0.866,0.72,0.671,0.219,0.258,0.537,0.246,0.306,0.365,0.132,0.164,0.438,0.546,0.2,0.192,0.807,0.046,0.153,0.116,0.175,0.24,0.016,0.259,0.571,0.248,"2006",FALSE,0,0,34,FALSE
"436","David West","PF",0.595,"NOK",0.902,0.902,0.715,0.513,0.477,0.683,0.007,0.012,0.273,0.548,0.578,0.514,0.57,0.263,0.243,0.843,0.321,0.377,0.358,0.079,0.248,0.17,0.226,0.577,0.446,"2006",FALSE,0,0,38,FALSE
"437","Delonte West","PG",0.524,"BOS",0.866,0.866,0.684,0.322,0.315,0.649,0.209,0.246,0.385,0.259,0.263,0.534,0.609,0.114,0.104,0.851,0.109,0.23,0.189,0.283,0.341,0.122,0.287,0.531,0.295,"2006",FALSE,0,0,33,FALSE
"440","Damien Wilkins","SF",0.619,"SEA",1,0.146,0.432,0.187,0.2,0.592,0.035,0.063,0.25,0.186,0.214,0.472,0.511,0.18,0.167,0.84,0.151,0.112,0.125,0.092,0.293,0.032,0.183,0.388,0.189,"2006",FALSE,0,0,35,FALSE
"443","Alvin Williams","PG",0.738,"TOR",0.012,0,0.003,0,0.001,0,0,0.002,0,0,0.001,0,0,0.001,0.002,0.5,0,0.003,0.002,0,0,0,0,0,0,"2006",FALSE,0,0,27,FALSE
"444","Deron Williams","PG",0.5,"UTA",0.976,0.573,0.653,0.328,0.37,0.561,0.226,0.247,0.416,0.258,0.331,0.423,0.531,0.126,0.139,0.704,0.067,0.158,0.127,0.308,0.244,0.045,0.312,0.628,0.305,"2006",FALSE,0,0,41,FALSE
"445","Eric Williams","SF",0.786,"TOR",0.341,0.134,0.1,0.028,0.035,0.516,0.012,0.02,0.278,0.025,0.032,0.421,0.467,0.037,0.039,0.737,0.019,0.04,0.033,0.013,0.028,0.005,0.032,0.148,0.032,"2006",FALSE,0,0,27,FALSE
"446","Jason Williams","PG",0.714,"MIA",0.72,0.683,0.53,0.259,0.279,0.589,0.266,0.325,0.372,0.168,0.179,0.506,0.59,0.112,0.101,0.867,0.011,0.132,0.091,0.247,0.215,0.013,0.216,0.272,0.257,"2006",FALSE,0,0,52,FALSE
"447","Lou Williams","PG",0.452,"PHI",0.366,0,0.041,0.022,0.024,0.589,0.005,0.01,0.222,0.022,0.024,0.488,0.513,0.011,0.013,0.615,0.006,0.016,0.012,0.009,0.02,0,0.028,0.035,0.02,"2006",FALSE,0,0,38,FALSE
"448","Marvin Williams","PF",0.452,"ATL",0.963,0.085,0.553,0.227,0.244,0.591,0.032,0.06,0.245,0.231,0.27,0.464,0.506,0.25,0.26,0.747,0.233,0.259,0.25,0.054,0.195,0.064,0.179,0.612,0.237,"2006",FALSE,0,0,26,FALSE
"449","Mo Williams","PG",0.548,"MIL",0.707,0.146,0.433,0.258,0.289,0.565,0.182,0.216,0.382,0.202,0.247,0.443,0.537,0.127,0.116,0.85,0.057,0.112,0.093,0.198,0.211,0.019,0.226,0.394,0.248,"2006",FALSE,0,0,40,FALSE
"450","Corliss Williamson","SF",0.762,"SAC",0.451,0,0.102,0.042,0.047,0.556,0.005,0.002,1,0.043,0.057,0.406,0.474,0.05,0.05,0.776,0.04,0.046,0.044,0.012,0.028,0.011,0.065,0.151,0.044,"2006",FALSE,0,0,44,FALSE
"451","Loren Woods","C",0.643,"TOR",0.329,0.049,0.092,0.027,0.027,0.633,0,0.001,0,0.029,0.033,0.483,0.528,0.008,0.014,0.429,0.084,0.066,0.072,0.003,0.037,0.061,0.034,0.132,0.022,"2006",FALSE,0,0,27,FALSE
"452","Qyntel Woods","SF",0.571,"NYK",0.598,0.195,0.287,0.125,0.117,0.677,0.055,0.068,0.367,0.111,0.109,0.552,0.612,0.065,0.078,0.645,0.084,0.145,0.124,0.04,0.13,0.035,0.131,0.259,0.116,"2006",FALSE,0,0,23,FALSE
"454","Antoine Wright","SG",0.5,"NJN",0.476,0,0.105,0.028,0.037,0.477,0.002,0.017,0.067,0.029,0.037,0.424,0.404,0.015,0.023,0.5,0.015,0.022,0.02,0.01,0.016,0.008,0.045,0.113,0.025,"2006",FALSE,0,0,49,FALSE
"455","Bracey Wright","SG",0.5,"MIN",0.085,0,0.038,0.02,0.023,0.549,0.015,0.019,0.353,0.016,0.019,0.441,0.523,0.019,0.016,0.875,0.006,0.015,0.012,0.004,0.004,0,0.017,0.022,0.022,"2006",FALSE,0,0,33,FALSE
"456","Dorell Wright","SF",0.476,"MIA",0.244,0.024,0.037,0.019,0.02,0.62,0.007,0.007,0.5,0.018,0.021,0.459,0.556,0.02,0.017,0.882,0.004,0.03,0.021,0.007,0.012,0.003,0.03,0.032,0.02,"2006",FALSE,0,0,52,FALSE
"457","Lorenzen Wright","C",0.714,"MEM",0.951,0.707,0.478,0.188,0.187,0.637,0,0.002,0,0.202,0.228,0.48,0.531,0.087,0.12,0.564,0.272,0.251,0.258,0.041,0.211,0.122,0.144,0.542,0.16,"2006",FALSE,0,0,49,FALSE
"  1","Shareef Abdur-Rahim","C",0.714,"SAC",0.976,0.549,0.57,0.3,0.301,0.632,0.007,0.023,0.15,0.319,0.358,0.484,0.529,0.225,0.241,0.726,0.233,0.274,0.26,0.094,0.215,0.106,0.25,0.655,0.28,"2007",FALSE,0,0,33,FALSE
"  2","Hassan Adams","SG",0.524,"NJN",0.744,0.098,0.14,0.073,0.062,0.741,0,0.001,0,0.078,0.076,0.56,0.618,0.032,0.037,0.667,0.067,0.042,0.05,0.011,0.069,0.011,0.047,0.127,0.061,"2007",FALSE,0,0,41,FALSE
"  3","Maurice Ager","SG",0.524,"DAL",0.39,0.012,0.061,0.021,0.032,0.419,0.012,0.017,0.333,0.018,0.031,0.309,0.389,0.026,0.034,0.606,0.002,0.02,0.014,0.006,0.016,0.008,0.032,0.073,0.024,"2007",FALSE,0,0,67,FALSE
"  4","LaMarcus Aldridge","C",0.5,"POR",0.768,0.268,0.394,0.233,0.22,0.671,0,0.002,0,0.251,0.269,0.505,0.559,0.11,0.118,0.722,0.275,0.167,0.204,0.021,0.089,0.194,0.093,0.501,0.2,"2007",FALSE,0,0,32,FALSE
"  5","Malik Allen","PF",0.667,"CHI",0.732,0.012,0.181,0.103,0.119,0.553,0,0.001,0,0.111,0.145,0.416,0.461,0.037,0.035,0.824,0.08,0.076,0.078,0.014,0.069,0.043,0.045,0.229,0.085,"2007",FALSE,0,0,49,FALSE
"  6","Ray Allen","SG",0.738,"SEA",0.671,0.671,0.628,0.488,0.531,0.584,0.41,0.5,0.372,0.354,0.4,0.479,0.567,0.369,0.318,0.903,0.109,0.189,0.161,0.196,0.333,0.029,0.332,0.305,0.513,"2007",FALSE,0,0,31,FALSE
"  7","Tony Allen","SG",0.595,"BOS",0.402,0.22,0.228,0.129,0.119,0.685,0.02,0.037,0.242,0.13,0.127,0.553,0.588,0.139,0.138,0.784,0.067,0.088,0.081,0.048,0.199,0.032,0.162,0.235,0.134,"2007",FALSE,0,0,24,FALSE
"  8","Rafer Alston","PG",0.714,"HOU",1,1,0.86,0.37,0.469,0.5,0.478,0.597,0.363,0.199,0.277,0.389,0.522,0.172,0.182,0.734,0.055,0.251,0.184,0.381,0.524,0.027,0.366,0.526,0.384,"2007",FALSE,0,0,52,FALSE
" 10","Alan Anderson","SG",0.571,"CHA",0.207,0,0.072,0.036,0.037,0.609,0.012,0.023,0.25,0.033,0.034,0.525,0.542,0.025,0.024,0.826,0.021,0.021,0.021,0.018,0.028,0,0.047,0.089,0.035,"2007",FALSE,0,0,33,FALSE
" 11","Derek Anderson","SF",0.762,"CHA",0.61,0.39,0.337,0.122,0.135,0.572,0.134,0.172,0.355,0.075,0.08,0.507,0.578,0.123,0.109,0.877,0.055,0.083,0.074,0.114,0.211,0.019,0.121,0.31,0.141,"2007",FALSE,0,0,33,FALSE
" 12","Carmelo Anthony","SF",0.524,"DEN",0.793,0.793,0.704,0.668,0.669,0.635,0.1,0.168,0.268,0.677,0.735,0.499,0.543,0.607,0.584,0.808,0.273,0.246,0.256,0.214,0.313,0.061,0.504,0.547,0.664,"2007",FALSE,0,0.001,45,TRUE
" 14","Gilbert Arenas","PG",0.595,"WAS",0.902,0.89,0.833,0.626,0.712,0.557,0.51,0.659,0.351,0.46,0.544,0.459,0.538,0.802,0.739,0.844,0.117,0.275,0.221,0.381,0.565,0.035,0.509,0.671,0.743,"2007",FALSE,0,0.024,41,TRUE
" 15","Trevor Ariza","SG",0.5,"ORL",0.695,0.085,0.362,0.193,0.171,0.719,0,0.008,0,0.208,0.205,0.549,0.599,0.14,0.176,0.62,0.187,0.15,0.163,0.056,0.24,0.051,0.181,0.361,0.179,"2007",FALSE,0,0,40,FALSE
" 16","Darrell Armstrong","PG",0.905,"IND",0.988,0.049,0.361,0.151,0.173,0.552,0.179,0.242,0.336,0.087,0.092,0.515,0.566,0.097,0.096,0.785,0.065,0.1,0.088,0.164,0.285,0.016,0.164,0.275,0.161,"2007",FALSE,0,0,35,FALSE
" 18","Carlos Arroyo","PG",0.643,"ORL",0.878,0.061,0.369,0.196,0.22,0.567,0.035,0.058,0.275,0.197,0.241,0.443,0.488,0.175,0.171,0.795,0.059,0.102,0.088,0.174,0.159,0.005,0.194,0.353,0.195,"2007",FALSE,0,0,40,FALSE
" 19","Chucky Atkins","PG",0.762,"MEM",0.915,0.28,0.584,0.3,0.329,0.579,0.289,0.345,0.379,0.202,0.231,0.474,0.572,0.333,0.32,0.81,0.034,0.12,0.091,0.297,0.203,0.011,0.274,0.367,0.349,"2007",FALSE,0,0,22,FALSE
" 21","Kelenna Azubuike","SG",0.548,"GSW",0.5,0.11,0.189,0.095,0.101,0.593,0.085,0.089,0.43,0.067,0.08,0.454,0.581,0.081,0.08,0.782,0.05,0.068,0.061,0.024,0.089,0.027,0.084,0.132,0.103,"2007",FALSE,0,0,42,FALSE
" 22","Renaldo Balkman","SF",0.524,"NYK",0.829,0.012,0.301,0.134,0.127,0.673,0.012,0.03,0.185,0.139,0.14,0.54,0.572,0.067,0.093,0.567,0.185,0.196,0.192,0.038,0.232,0.117,0.106,0.394,0.118,"2007",FALSE,0,0,33,FALSE
" 23","Marcus Banks","PG",0.595,"PHO",0.549,0.012,0.142,0.081,0.09,0.572,0.012,0.033,0.172,0.082,0.094,0.473,0.49,0.063,0.062,0.8,0.019,0.028,0.025,0.052,0.093,0.008,0.086,0.189,0.078,"2007",FALSE,0,0,61,FALSE
" 24","Leandro Barbosa","SG",0.571,"PHO",0.976,0.22,0.74,0.512,0.511,0.635,0.473,0.494,0.434,0.353,0.38,0.504,0.624,0.259,0.239,0.845,0.042,0.191,0.14,0.272,0.39,0.04,0.315,0.566,0.51,"2007",FALSE,0,0,61,FALSE
" 25","J.J. Barea","PG",0.524,"DAL",0.402,0.012,0.054,0.027,0.036,0.479,0.015,0.024,0.286,0.023,0.032,0.386,0.441,0.021,0.025,0.667,0.013,0.018,0.016,0.021,0.004,0.003,0.03,0.051,0.028,"2007",FALSE,0,0,67,FALSE
" 26","Andrea Bargnani","PF",0.5,"TOR",0.793,0.024,0.461,0.258,0.288,0.569,0.249,0.302,0.373,0.174,0.201,0.468,0.563,0.155,0.146,0.824,0.099,0.202,0.167,0.043,0.13,0.141,0.231,0.485,0.265,"2007",FALSE,0,0,47,FALSE
" 27","Matt Barnes","PF",0.619,"GSW",0.927,0.28,0.513,0.266,0.289,0.584,0.264,0.327,0.366,0.176,0.191,0.5,0.58,0.119,0.127,0.732,0.174,0.257,0.229,0.134,0.297,0.109,0.226,0.507,0.263,"2007",FALSE,0,0,42,FALSE
" 29","Earl Barron","C",0.595,"MIA",0.341,0,0.057,0.023,0.038,0.385,0,0.001,0,0.025,0.046,0.293,0.321,0.022,0.019,0.944,0.036,0.022,0.027,0.004,0.024,0.011,0.024,0.057,0.023,"2007",FALSE,0,0,44,FALSE
" 30","Brent Barry","SG",0.833,"SAS",0.915,0.341,0.462,0.195,0.196,0.633,0.318,0.324,0.446,0.077,0.078,0.536,0.696,0.136,0.12,0.88,0.033,0.142,0.105,0.119,0.228,0.032,0.131,0.237,0.224,"2007",FALSE,0,0,58,FALSE
" 31","Brandon Bass","PF",0.5,"NOK",0.256,0.037,0.046,0.015,0.02,0.455,0,0.001,0,0.016,0.024,0.349,0.379,0.016,0.016,0.75,0.025,0.03,0.028,0.003,0.008,0.008,0.022,0.043,0.015,"2007",FALSE,0,0,39,FALSE
" 32","Maceo Baston","PF",0.738,"IND",0.573,0.024,0.115,0.047,0.035,0.86,0.007,0.008,0.429,0.048,0.039,0.667,0.738,0.049,0.048,0.787,0.04,0.053,0.048,0.014,0.049,0.048,0.069,0.175,0.049,"2007",FALSE,0,0,35,FALSE
" 34","Tony Battie","PF",0.714,"ORL",0.805,0.805,0.446,0.17,0.166,0.652,0,0.001,0,0.183,0.202,0.49,0.543,0.069,0.079,0.675,0.176,0.25,0.225,0.03,0.118,0.08,0.131,0.499,0.143,"2007",FALSE,0,0,40,FALSE
" 35","Shane Battier","SF",0.667,"HOU",1,1,0.846,0.282,0.301,0.595,0.391,0.421,0.421,0.14,0.158,0.48,0.63,0.116,0.116,0.779,0.128,0.269,0.221,0.15,0.321,0.16,0.155,0.512,0.293,"2007",FALSE,0,0,52,FALSE
" 36","Charlie Bell","SG",0.643,"MIL",1,0.78,0.806,0.412,0.448,0.583,0.316,0.407,0.352,0.311,0.346,0.488,0.559,0.173,0.173,0.78,0.109,0.18,0.156,0.212,0.394,0.011,0.224,0.574,0.392,"2007",FALSE,0,0,28,FALSE
" 37","Raja Bell","SG",0.714,"PHO",0.951,0.951,0.826,0.397,0.437,0.576,0.51,0.56,0.413,0.213,0.256,0.452,0.599,0.156,0.156,0.776,0.092,0.202,0.164,0.168,0.203,0.059,0.179,0.628,0.404,"2007",FALSE,0,0,61,FALSE
" 38","Mike Bibby","PG",0.667,"SAC",1,1,0.788,0.456,0.537,0.539,0.43,0.543,0.36,0.31,0.386,0.435,0.531,0.381,0.357,0.83,0.075,0.222,0.172,0.333,0.358,0.016,0.425,0.375,0.495,"2007",FALSE,0,0,33,FALSE
" 40","Chauncey Billups","PG",0.714,"DET",0.854,0.854,0.717,0.337,0.375,0.569,0.271,0.357,0.345,0.249,0.281,0.479,0.549,0.511,0.45,0.883,0.044,0.213,0.155,0.431,0.341,0.045,0.302,0.434,0.421,"2007",FALSE,0,0.003,53,TRUE
" 42","Will Blalock","PG",0.548,"DET",0.171,0,0.047,0.009,0.014,0.4,0.002,0.006,0.2,0.008,0.014,0.32,0.352,0.008,0.006,1,0.011,0.009,0.01,0.015,0.02,0,0.026,0.024,0.009,"2007",FALSE,0,0,53,FALSE
" 43","Andray Blatche","PF",0.476,"WAS",0.683,0.159,0.193,0.083,0.091,0.583,0.01,0.03,0.148,0.085,0.096,0.482,0.497,0.04,0.05,0.612,0.147,0.113,0.125,0.034,0.069,0.085,0.106,0.253,0.073,"2007",FALSE,0,0,41,FALSE
" 44","Mark Blount","C",0.738,"MIN",1,0.988,0.72,0.413,0.386,0.679,0.022,0.035,0.29,0.435,0.456,0.517,0.571,0.194,0.201,0.754,0.26,0.366,0.33,0.058,0.175,0.154,0.343,0.644,0.357,"2007",FALSE,0,0,32,FALSE
" 45","Keith Bogans","SG",0.619,"ORL",0.72,0.22,0.28,0.096,0.113,0.539,0.132,0.155,0.387,0.048,0.061,0.426,0.569,0.062,0.065,0.746,0.031,0.076,0.061,0.051,0.114,0.005,0.099,0.264,0.105,"2007",FALSE,0,0,40,FALSE
" 46","Andrew Bogut","C",0.524,"MIL",0.805,0.805,0.639,0.337,0.289,0.737,0.002,0.006,0.2,0.361,0.352,0.556,0.616,0.148,0.2,0.577,0.321,0.413,0.382,0.17,0.199,0.093,0.323,0.582,0.286,"2007",FALSE,0,0,28,FALSE
" 47","Matt Bonner","PF",0.619,"SAS",0.683,0,0.185,0.103,0.109,0.596,0.09,0.106,0.383,0.073,0.081,0.49,0.581,0.036,0.039,0.711,0.122,0.091,0.102,0.019,0.069,0.029,0.054,0.181,0.097,"2007",FALSE,0,0,58,FALSE
" 49","Calvin Booth","C",0.714,"WAS",0.537,0.012,0.108,0.03,0.03,0.627,0.002,0.002,0.5,0.031,0.036,0.469,0.53,0.008,0.01,0.6,0.052,0.054,0.053,0.015,0.016,0.077,0.019,0.191,0.024,"2007",FALSE,0,0,41,FALSE
" 51","Chris Bosh","C",0.524,"TOR",0.841,0.841,0.752,0.525,0.503,0.661,0.03,0.04,0.343,0.553,0.597,0.501,0.558,0.612,0.607,0.785,0.356,0.551,0.484,0.15,0.159,0.239,0.386,0.439,0.551,"2007",FALSE,0,0.033,47,TRUE
" 52","Bruce Bowen","SF",0.833,"SAS",1,1,0.697,0.183,0.215,0.54,0.221,0.262,0.384,0.104,0.133,0.426,0.556,0.057,0.075,0.589,0.044,0.199,0.146,0.101,0.252,0.066,0.14,0.472,0.18,"2007",FALSE,0,0,58,FALSE
" 54","Cedric Bozeman","SG",0.548,"ATL",0.28,0.061,0.056,0.011,0.018,0.376,0.005,0.015,0.154,0.009,0.015,0.346,0.342,0.003,0.006,0.333,0.006,0.02,0.015,0.008,0.02,0.005,0.019,0.086,0.009,"2007",FALSE,0,0,30,FALSE
" 55","Elton Brand","PF",0.643,"LAC",0.976,0.976,0.871,0.624,0.557,0.711,0.002,0.001,1,0.67,0.682,0.532,0.592,0.464,0.474,0.761,0.512,0.473,0.486,0.202,0.313,0.476,0.435,0.642,0.58,"2007",FALSE,0,0,40,FALSE
" 56","Ronnie Brewer","SG",0.5,"UTA",0.683,0.171,0.191,0.099,0.089,0.704,0,0.01,0,0.106,0.104,0.554,0.587,0.074,0.085,0.675,0.071,0.038,0.049,0.021,0.15,0.016,0.052,0.119,0.092,"2007",FALSE,0,0,51,FALSE
" 57","Primoz Brezec","C",0.643,"CHA",0.707,0.488,0.237,0.118,0.126,0.593,0.002,0.003,0.333,0.126,0.153,0.446,0.497,0.057,0.07,0.632,0.153,0.103,0.12,0.02,0.045,0.061,0.082,0.434,0.102,"2007",FALSE,0,0,33,FALSE
" 58","Andre Brown","PF",0.595,"SEA",0.463,0,0.077,0.041,0.034,0.757,0,0.001,0,0.044,0.041,0.575,0.631,0.012,0.015,0.6,0.05,0.048,0.048,0.002,0.024,0.011,0.062,0.07,0.033,"2007",FALSE,0,0,31,FALSE
" 59","Dee Brown","PG",0.524,"UTA",0.598,0,0.127,0.031,0.045,0.436,0.015,0.032,0.214,0.027,0.039,0.371,0.397,0.032,0.038,0.649,0.015,0.032,0.026,0.071,0.089,0.019,0.067,0.137,0.033,"2007",FALSE,0,0,51,FALSE
" 60","Devin Brown","SG",0.667,"NOK",0.707,0.598,0.47,0.225,0.255,0.56,0.201,0.256,0.357,0.158,0.185,0.463,0.548,0.163,0.159,0.794,0.105,0.195,0.164,0.128,0.179,0.024,0.196,0.375,0.237,"2007",FALSE,0,0,39,FALSE
" 61","Kwame Brown","C",0.571,"LAL",0.5,0.341,0.32,0.138,0.111,0.788,0,0.001,0,0.149,0.136,0.593,0.657,0.078,0.138,0.44,0.155,0.162,0.159,0.064,0.159,0.13,0.164,0.334,0.122,"2007",FALSE,0,0,42,FALSE
" 62","P.J. Brown","PF",0.881,"CHI",0.878,0.598,0.412,0.164,0.192,0.543,0,0.002,0,0.177,0.235,0.409,0.452,0.127,0.126,0.787,0.247,0.216,0.227,0.041,0.098,0.138,0.183,0.504,0.154,"2007",FALSE,0,0,49,FALSE
" 63","Shannon Brown","SG",0.5,"CLE",0.28,0.061,0.057,0.027,0.034,0.504,0.017,0.028,0.28,0.022,0.028,0.429,0.473,0.013,0.014,0.714,0.011,0.015,0.014,0.009,0.028,0.008,0.03,0.065,0.026,"2007",FALSE,0,0,50,FALSE
" 64","Kobe Bryant","SG",0.667,"LAL",0.939,0.939,0.889,0.786,0.809,0.617,0.341,0.449,0.344,0.703,0.766,0.497,0.558,0.882,0.79,0.868,0.143,0.361,0.287,0.355,0.451,0.096,0.55,0.553,0.858,"2007",FALSE,2,0.404,42,TRUE
" 65","Greg Buckner","SG",0.714,"DAL",0.927,0.134,0.388,0.119,0.138,0.548,0.08,0.116,0.311,0.095,0.111,0.464,0.517,0.036,0.035,0.794,0.067,0.122,0.103,0.06,0.191,0.019,0.086,0.41,0.108,"2007",FALSE,0,0,67,FALSE
" 66","Pat Burke","C",0.786,"PHO",0.28,0,0.046,0.022,0.03,0.472,0.015,0.025,0.273,0.018,0.024,0.395,0.444,0.011,0.013,0.615,0.023,0.035,0.031,0.004,0.012,0.005,0.015,0.051,0.021,"2007",FALSE,0,0,61,FALSE
" 67","Caron Butler","SF",0.619,"WAS",0.768,0.768,0.7,0.436,0.449,0.617,0.045,0.081,0.25,0.451,0.509,0.48,0.524,0.374,0.337,0.863,0.281,0.318,0.305,0.2,0.545,0.045,0.39,0.507,0.425,"2007",FALSE,0,0,41,FALSE
" 69","Rasual Butler","SF",0.643,"NOK",0.988,0.463,0.629,0.304,0.363,0.531,0.333,0.41,0.369,0.187,0.24,0.424,0.538,0.074,0.09,0.644,0.08,0.213,0.167,0.054,0.163,0.144,0.144,0.399,0.289,"2007",FALSE,0,0,39,FALSE
" 70","Andrew Bynum","C",0.452,"LAL",1,0.646,0.508,0.239,0.204,0.744,0,0.003,0,0.257,0.248,0.561,0.62,0.189,0.22,0.668,0.266,0.343,0.316,0.081,0.049,0.34,0.248,0.671,0.225,"2007",FALSE,0,0,42,FALSE
" 71","Jose Calderon","PG",0.595,"TOR",0.939,0.134,0.457,0.254,0.232,0.695,0.062,0.085,0.333,0.248,0.243,0.553,0.607,0.155,0.147,0.818,0.04,0.112,0.088,0.332,0.256,0.013,0.237,0.367,0.236,"2007",FALSE,0,0,47,FALSE
" 72","Marcus Camby","C",0.762,"DEN",0.854,0.854,0.671,0.302,0.303,0.631,0,0.002,0,0.325,0.371,0.475,0.526,0.213,0.227,0.729,0.314,0.647,0.533,0.192,0.354,0.614,0.263,0.493,0.277,"2007",FALSE,0,0,45,FALSE
" 73","Brian Cardinal","PF",0.69,"MEM",0.341,0.012,0.089,0.041,0.039,0.659,0.045,0.05,0.409,0.025,0.023,0.585,0.667,0.033,0.028,0.926,0.025,0.046,0.039,0.027,0.089,0.003,0.05,0.113,0.045,"2007",FALSE,0,0,22,FALSE
" 74","Rodney Carney","SF",0.524,"PHI",0.817,0.427,0.331,0.176,0.18,0.619,0.062,0.081,0.347,0.163,0.18,0.491,0.551,0.07,0.09,0.609,0.075,0.088,0.084,0.022,0.154,0.061,0.093,0.318,0.156,"2007",FALSE,0,0,35,FALSE
" 75","Matt Carroll","SG",0.619,"CHA",0.878,0.573,0.532,0.276,0.303,0.577,0.276,0.301,0.416,0.181,0.221,0.445,0.574,0.249,0.214,0.904,0.067,0.171,0.135,0.078,0.215,0.024,0.157,0.474,0.307,"2007",FALSE,0,0,33,FALSE
" 77","Vince Carter","SG",0.714,"NJN",1,1,0.885,0.702,0.735,0.605,0.388,0.493,0.357,0.593,0.655,0.491,0.559,0.611,0.593,0.802,0.218,0.375,0.322,0.338,0.333,0.08,0.468,0.717,0.731,"2007",FALSE,0,0,41,FALSE
" 78","Sam Cassell","PG",0.881,"LAC",0.707,0.366,0.398,0.252,0.288,0.557,0.08,0.123,0.294,0.238,0.291,0.444,0.492,0.212,0.187,0.879,0.052,0.139,0.109,0.232,0.114,0.021,0.218,0.34,0.252,"2007",FALSE,0,0,40,FALSE
" 80","Tyson Chandler","C",0.571,"NOK",0.89,0.89,0.715,0.282,0.215,0.832,0,0.001,0,0.304,0.263,0.625,0.693,0.14,0.207,0.527,0.612,0.58,0.591,0.057,0.15,0.343,0.272,0.658,0.244,"2007",FALSE,0,0,39,FALSE
" 81","Josh Childress","SG",0.548,"ATL",0.671,0.159,0.573,0.252,0.238,0.672,0.065,0.087,0.338,0.245,0.249,0.533,0.588,0.221,0.216,0.795,0.235,0.215,0.222,0.109,0.236,0.096,0.172,0.318,0.252,"2007",FALSE,0,0,30,FALSE
" 82","Doug Christie","SG",0.857,"LAC",0.085,0,0.023,0.005,0.008,0.392,0.002,0.007,0.167,0.004,0.006,0.364,0.36,0.003,0.003,0.667,0.006,0.008,0.007,0.007,0.012,0.003,0.011,0.03,0.005,"2007",FALSE,0,0,40,FALSE
" 83","Speedy Claxton","PG",0.667,"ATL",0.512,0.378,0.298,0.088,0.128,0.436,0.015,0.032,0.214,0.088,0.141,0.34,0.376,0.044,0.062,0.55,0.023,0.069,0.053,0.159,0.293,0.011,0.162,0.353,0.078,"2007",FALSE,0,0,30,FALSE
" 85","Jason Collins","PF",0.667,"NJN",0.976,0.951,0.522,0.053,0.069,0.485,0,0.002,0,0.057,0.084,0.369,0.404,0.078,0.131,0.465,0.172,0.224,0.207,0.04,0.163,0.101,0.157,0.736,0.06,"2007",FALSE,0,0,41,FALSE
" 86","Mardy Collins","SF",0.524,"NYK",0.634,0.11,0.22,0.084,0.105,0.509,0.032,0.053,0.277,0.077,0.102,0.409,0.456,0.063,0.084,0.585,0.054,0.075,0.068,0.071,0.13,0.008,0.123,0.202,0.083,"2007",FALSE,0,0,33,FALSE
" 87","Nick Collison","C",0.619,"SEA",1,0.683,0.673,0.308,0.293,0.667,0,0.002,0,0.331,0.358,0.502,0.556,0.204,0.205,0.774,0.438,0.434,0.435,0.07,0.195,0.176,0.265,0.779,0.279,"2007",FALSE,0,0,31,FALSE
" 89","Brian Cook","PF",0.619,"LAL",0.793,0.293,0.288,0.179,0.188,0.604,0.114,0.13,0.4,0.145,0.165,0.474,0.567,0.045,0.048,0.723,0.117,0.153,0.141,0.056,0.102,0.072,0.11,0.361,0.159,"2007",FALSE,0,0,42,FALSE
" 90","Jamal Crawford","SG",0.619,"NYK",0.72,0.439,0.622,0.342,0.408,0.533,0.256,0.363,0.32,0.261,0.318,0.445,0.509,0.302,0.28,0.838,0.084,0.144,0.124,0.223,0.232,0.021,0.349,0.307,0.367,"2007",FALSE,0,0,33,FALSE
" 91","Austin Croshere","PF",0.738,"DAL",0.744,0.024,0.206,0.075,0.102,0.468,0.065,0.103,0.286,0.054,0.074,0.397,0.456,0.06,0.053,0.865,0.063,0.152,0.122,0.038,0.057,0.016,0.071,0.183,0.08,"2007",FALSE,0,0,67,FALSE
" 92","Eddy Curry","C",0.571,"NYK",0.988,0.988,0.806,0.566,0.468,0.768,0.002,0.001,1,0.608,0.572,0.575,0.64,0.536,0.678,0.615,0.373,0.373,0.373,0.058,0.138,0.106,0.636,0.714,0.556,"2007",FALSE,0,0,33,FALSE
" 93","Samuel Dalembert","C",0.595,"PHI",1,1,0.718,0.344,0.303,0.721,0,0.002,0,0.37,0.37,0.543,0.601,0.221,0.23,0.746,0.457,0.491,0.479,0.055,0.191,0.423,0.347,0.774,0.31,"2007",FALSE,0,0,35,FALSE
" 95","Antonio Daniels","SG",0.738,"WAS",0.976,0.098,0.498,0.166,0.179,0.589,0.047,0.071,0.302,0.159,0.184,0.469,0.519,0.275,0.257,0.832,0.034,0.132,0.099,0.249,0.159,0.024,0.149,0.213,0.202,"2007",FALSE,0,0,41,FALSE
" 96","Marquis Daniels","SG",0.619,"IND",0.549,0.049,0.226,0.125,0.129,0.612,0.015,0.029,0.231,0.128,0.144,0.482,0.522,0.074,0.082,0.7,0.05,0.056,0.054,0.049,0.11,0.019,0.119,0.151,0.113,"2007",FALSE,0,0,35,FALSE
" 97","Baron Davis","PG",0.643,"GSW",0.768,0.756,0.629,0.437,0.474,0.585,0.211,0.316,0.304,0.382,0.423,0.489,0.533,0.364,0.38,0.745,0.098,0.223,0.18,0.437,0.549,0.077,0.416,0.488,0.446,"2007",FALSE,0,0.001,42,TRUE
"100","Ricky Davis","SF",0.643,"MIN",0.988,0.988,0.855,0.489,0.501,0.62,0.306,0.35,0.397,0.399,0.439,0.492,0.579,0.316,0.293,0.839,0.103,0.259,0.206,0.331,0.325,0.061,0.453,0.509,0.485,"2007",FALSE,0,0,32,FALSE
"101","Carlos Delfino","SG",0.571,"DET",1,0.012,0.388,0.151,0.173,0.553,0.114,0.156,0.333,0.114,0.134,0.462,0.529,0.093,0.092,0.787,0.128,0.198,0.174,0.076,0.187,0.021,0.131,0.261,0.151,"2007",FALSE,0,0,53,FALSE
"102","Luol Deng","SF",0.5,"CHI",1,1,0.869,0.609,0.561,0.689,0.002,0.008,0.143,0.655,0.683,0.519,0.576,0.369,0.369,0.777,0.283,0.428,0.378,0.175,0.394,0.128,0.33,0.45,0.544,"2007",FALSE,0,0,49,FALSE
"103","Boris Diaw","PF",0.571,"PHO",0.89,0.72,0.642,0.296,0.262,0.717,0.037,0.051,0.333,0.303,0.296,0.555,0.612,0.108,0.123,0.683,0.174,0.224,0.207,0.302,0.114,0.101,0.332,0.477,0.25,"2007",FALSE,0,0,61,FALSE
"104","Yakhouba Diawara","SG",0.571,"DEN",0.78,0.232,0.333,0.097,0.134,0.456,0.122,0.192,0.288,0.053,0.069,0.418,0.473,0.046,0.055,0.66,0.052,0.082,0.072,0.047,0.122,0.019,0.08,0.356,0.1,"2007",FALSE,0,0,45,FALSE
"105","Dan Dickau","PG",0.667,"POR",0.61,0.037,0.126,0.052,0.069,0.477,0.04,0.069,0.262,0.04,0.051,0.422,0.457,0.056,0.055,0.792,0.013,0.036,0.028,0.06,0.057,0.003,0.058,0.148,0.059,"2007",FALSE,0,0,32,FALSE
"106","Travis Diener","PG",0.571,"ORL",0.317,0,0.082,0.033,0.037,0.567,0.045,0.056,0.36,0.017,0.017,0.533,0.598,0.016,0.015,0.8,0.006,0.015,0.012,0.03,0.016,0,0.028,0.073,0.035,"2007",FALSE,0,0,40,FALSE
"108","DeSagana Diop","C",0.595,"DAL",0.988,0.11,0.419,0.069,0.069,0.627,0,0.001,0,0.074,0.085,0.473,0.522,0.063,0.088,0.558,0.317,0.27,0.286,0.026,0.163,0.301,0.136,0.658,0.067,"2007",FALSE,0,0,67,FALSE
"110","Michael Doleac","C",0.69,"MIA",0.683,0,0.198,0.079,0.081,0.625,0,0.001,0,0.085,0.098,0.471,0.521,0.048,0.042,0.878,0.084,0.11,0.101,0.019,0.073,0.04,0.065,0.259,0.071,"2007",FALSE,0,0,44,FALSE
"111","Keyon Dooling","SG",0.619,"ORL",0.805,0.024,0.406,0.182,0.211,0.547,0.077,0.108,0.323,0.163,0.204,0.434,0.493,0.151,0.145,0.809,0.042,0.064,0.056,0.096,0.211,0.04,0.155,0.337,0.184,"2007",FALSE,0,0,40,FALSE
"112","Quincy Douby","PG",0.524,"SAC",0.512,0,0.102,0.046,0.058,0.508,0.03,0.056,0.24,0.037,0.043,0.474,0.477,0.015,0.015,0.733,0.021,0.026,0.024,0.013,0.061,0.011,0.032,0.057,0.042,"2007",FALSE,0,0,33,FALSE
"113","Chris Duhon","PG",0.571,"CHI",0.951,0.366,0.539,0.191,0.222,0.544,0.219,0.277,0.359,0.113,0.134,0.458,0.554,0.101,0.104,0.752,0.044,0.145,0.11,0.266,0.28,0.016,0.226,0.404,0.197,"2007",FALSE,0,0,49,FALSE
"114","Tim Duncan","C",0.714,"SAS",0.976,0.976,0.772,0.598,0.52,0.728,0.002,0.01,0.111,0.642,0.633,0.55,0.608,0.479,0.584,0.637,0.407,0.629,0.553,0.235,0.268,0.505,0.483,0.547,0.565,"2007",FALSE,0,0.222,58,TRUE
"117","Monta Ellis","SG",0.5,"GSW",0.939,0.646,0.747,0.464,0.465,0.633,0.097,0.161,0.273,0.459,0.489,0.509,0.55,0.361,0.368,0.763,0.119,0.18,0.159,0.274,0.537,0.056,0.476,0.566,0.449,"2007",FALSE,0,0,42,FALSE
"118","Francisco Elson","C",0.714,"SAS",0.854,0.5,0.377,0.139,0.13,0.681,0,0.002,0,0.15,0.158,0.514,0.568,0.082,0.082,0.775,0.155,0.253,0.22,0.047,0.126,0.157,0.185,0.496,0.124,"2007",FALSE,0,0,58,FALSE
"120","Maurice Evans","SG",0.667,"LAL",0.927,0.122,0.49,0.226,0.249,0.576,0.119,0.15,0.361,0.194,0.231,0.455,0.529,0.161,0.159,0.787,0.178,0.127,0.144,0.064,0.154,0.037,0.123,0.34,0.225,"2007",FALSE,0,0,42,FALSE
"122","Daniel Ewing","PG",0.548,"LAC",0.744,0.037,0.202,0.063,0.074,0.539,0.035,0.05,0.318,0.053,0.066,0.436,0.497,0.046,0.046,0.778,0.017,0.064,0.048,0.077,0.13,0.011,0.108,0.167,0.063,"2007",FALSE,0,0,40,FALSE
"123","Jordan Farmar","PG",0.476,"LAL",0.878,0.024,0.309,0.12,0.135,0.563,0.112,0.155,0.328,0.082,0.089,0.503,0.553,0.036,0.039,0.711,0.042,0.096,0.078,0.118,0.179,0.019,0.157,0.208,0.113,"2007",FALSE,0,0,42,FALSE
"124","Desmon Farmer","SG",0.595,"SEA",0.098,0,0.009,0.005,0.007,0.444,0.005,0.009,0.25,0.003,0.004,0.429,0.444,0.001,0.001,1,0,0.001,0.001,0.008,0.004,0,0.002,0.005,0.005,"2007",FALSE,0,0,31,FALSE
"125","Raymond Felton","PG",0.524,"CHA",0.951,0.915,0.802,0.38,0.471,0.512,0.256,0.352,0.33,0.302,0.402,0.407,0.482,0.27,0.263,0.797,0.098,0.214,0.175,0.468,0.48,0.027,0.496,0.485,0.386,"2007",FALSE,0,0,33,FALSE
"126","Michael Finley","SF",0.786,"SAS",1,0.195,0.516,0.264,0.305,0.549,0.259,0.323,0.364,0.176,0.213,0.448,0.544,0.119,0.101,0.918,0.065,0.188,0.146,0.093,0.13,0.043,0.099,0.205,0.261,"2007",FALSE,0,0,58,FALSE
"127","Derek Fisher","SG",0.762,"UTA",1,0.744,0.647,0.25,0.311,0.509,0.119,0.176,0.308,0.219,0.293,0.405,0.464,0.347,0.316,0.853,0.057,0.118,0.097,0.235,0.337,0.016,0.259,0.631,0.292,"2007",FALSE,0,0,51,FALSE
"128","T.J. Ford","PG",0.548,"TOR",0.915,0.866,0.635,0.38,0.415,0.581,0.052,0.078,0.304,0.387,0.47,0.447,0.497,0.317,0.301,0.819,0.101,0.182,0.154,0.511,0.411,0.021,0.498,0.501,0.37,"2007",FALSE,0,0,47,FALSE
"129","Danny Fortson","C",0.714,"SEA",0.171,0.073,0.045,0.015,0.014,0.667,0,0.001,0,0.016,0.016,0.517,0.556,0.013,0.013,0.769,0.025,0.03,0.028,0.001,0.004,0,0.032,0.102,0.014,"2007",FALSE,0,0,31,FALSE
"130","Jeff Foster","C",0.714,"IND",0.915,0.524,0.492,0.118,0.12,0.625,0,0.001,0,0.127,0.146,0.471,0.521,0.103,0.126,0.639,0.484,0.354,0.398,0.049,0.252,0.098,0.151,0.544,0.114,"2007",FALSE,0,0,35,FALSE
"131","Randy Foye","PG",0.548,"MIN",1,0.146,0.532,0.29,0.318,0.579,0.169,0.209,0.368,0.241,0.285,0.458,0.537,0.217,0.198,0.854,0.094,0.168,0.142,0.199,0.215,0.056,0.328,0.496,0.294,"2007",FALSE,0,0,32,FALSE
"133","Steve Francis","SG",0.69,"NYK",0.537,0.366,0.35,0.135,0.158,0.544,0.104,0.125,0.378,0.102,0.131,0.422,0.521,0.231,0.217,0.829,0.063,0.123,0.103,0.146,0.167,0.032,0.216,0.34,0.175,"2007",FALSE,0,0,33,FALSE
"134","Matt Freije","PF",0.595,"ATL",0.232,0,0.042,0.015,0.025,0.395,0.007,0.025,0.136,0.014,0.018,0.406,0.36,0.007,0.006,0.833,0.015,0.016,0.016,0.006,0.012,0.003,0.006,0.035,0.014,"2007",FALSE,0,0,30,FALSE
"135","Channing Frye","PF",0.548,"NYK",0.878,0.72,0.537,0.288,0.317,0.577,0.007,0.02,0.167,0.307,0.378,0.44,0.483,0.112,0.111,0.787,0.174,0.302,0.258,0.058,0.146,0.112,0.216,0.582,0.242,"2007",FALSE,0,0,33,FALSE
"136","Dan Gadzuric","C",0.667,"MIL",0.659,0.098,0.238,0.104,0.105,0.632,0,0.001,0,0.112,0.128,0.476,0.527,0.056,0.093,0.467,0.18,0.151,0.161,0.025,0.089,0.085,0.106,0.38,0.091,"2007",FALSE,0,0,28,FALSE
"137","Jorge Garbajosa","PF",0.69,"TOR",0.817,0.732,0.54,0.215,0.243,0.56,0.164,0.218,0.342,0.162,0.19,0.464,0.536,0.075,0.08,0.731,0.092,0.28,0.216,0.107,0.317,0.04,0.138,0.243,0.2,"2007",FALSE,0,0,47,FALSE
"138","Francisco Garcia","SF",0.595,"SAC",0.963,0.061,0.399,0.158,0.175,0.572,0.132,0.168,0.356,0.114,0.13,0.476,0.554,0.126,0.117,0.833,0.101,0.151,0.134,0.075,0.183,0.114,0.151,0.512,0.167,"2007",FALSE,0,0,33,FALSE
"139","Kevin Garnett","PF",0.714,"MIN",0.927,0.927,0.848,0.617,0.617,0.635,0.03,0.063,0.214,0.651,0.725,0.487,0.533,0.55,0.512,0.835,0.35,0.786,0.637,0.269,0.362,0.335,0.442,0.496,0.602,"2007",FALSE,0,0.005,32,TRUE
"140","Pat Garrity","PF",0.714,"ORL",0.402,0,0.078,0.021,0.032,0.419,0.027,0.036,0.344,0.011,0.021,0.289,0.437,0.021,0.019,0.889,0.023,0.03,0.027,0.012,0.028,0,0.03,0.1,0.025,"2007",FALSE,0,0,40,FALSE
"141","Pau Gasol","C",0.619,"MEM",0.72,0.72,0.604,0.447,0.395,0.717,0.007,0.012,0.273,0.478,0.478,0.542,0.6,0.396,0.412,0.748,0.285,0.429,0.38,0.173,0.118,0.335,0.349,0.369,0.433,"2007",FALSE,0,0,22,FALSE
"142","Rudy Gay","SF",0.476,"MEM",0.951,0.524,0.595,0.31,0.35,0.563,0.129,0.161,0.364,0.28,0.348,0.436,0.508,0.201,0.215,0.727,0.178,0.253,0.227,0.086,0.289,0.197,0.302,0.518,0.299,"2007",FALSE,0,0,22,FALSE
"143","Mickael Gelabale","SF",0.548,"SEA",0.854,0.171,0.351,0.118,0.121,0.616,0.027,0.053,0.234,0.116,0.122,0.512,0.537,0.087,0.084,0.805,0.113,0.113,0.113,0.048,0.098,0.059,0.106,0.291,0.113,"2007",FALSE,0,0,31,FALSE
"144","Devean George","SF",0.69,"DAL",0.732,0.207,0.363,0.141,0.17,0.527,0.132,0.169,0.353,0.097,0.124,0.423,0.518,0.048,0.049,0.75,0.109,0.155,0.139,0.028,0.187,0.061,0.11,0.385,0.135,"2007",FALSE,0,0,67,FALSE
"145","Daniel Gibson","PG",0.476,"CLE",0.732,0.195,0.28,0.095,0.106,0.565,0.129,0.14,0.419,0.048,0.06,0.43,0.597,0.037,0.04,0.718,0.054,0.064,0.06,0.059,0.093,0.021,0.095,0.253,0.097,"2007",FALSE,0,0,50,FALSE
"146","Manu Ginobili","SG",0.69,"SAS",0.915,0.439,0.583,0.383,0.393,0.619,0.318,0.365,0.396,0.279,0.299,0.505,0.599,0.423,0.383,0.86,0.113,0.266,0.214,0.226,0.443,0.072,0.338,0.418,0.438,"2007",FALSE,0,0,58,FALSE
"147","Gordan Giricek","SG",0.69,"UTA",0.744,0.073,0.336,0.17,0.175,0.616,0.129,0.138,0.426,0.129,0.146,0.479,0.589,0.094,0.09,0.816,0.046,0.104,0.084,0.054,0.114,0.013,0.138,0.329,0.168,"2007",FALSE,0,0,51,FALSE
"149","Ryan Gomes","PF",0.571,"BOS",0.89,0.732,0.644,0.327,0.333,0.623,0.04,0.047,0.381,0.335,0.384,0.473,0.532,0.25,0.24,0.811,0.239,0.28,0.266,0.102,0.195,0.035,0.226,0.456,0.311,"2007",FALSE,0,0,24,FALSE
"150","Drew Gooden","PF",0.595,"CLE",0.976,0.976,0.633,0.359,0.361,0.631,0.002,0.007,0.167,0.385,0.439,0.476,0.527,0.188,0.205,0.714,0.503,0.415,0.445,0.076,0.285,0.074,0.248,0.566,0.312,"2007",FALSE,0,0,50,FALSE
"151","Ben Gordon","SG",0.548,"CHI",1,0.622,0.765,0.589,0.616,0.607,0.386,0.423,0.413,0.472,0.543,0.471,0.57,0.503,0.453,0.864,0.067,0.221,0.169,0.254,0.26,0.045,0.537,0.679,0.619,"2007",FALSE,0,0,49,FALSE
"152","Joey Graham","SF",0.571,"TOR",0.963,0.256,0.373,0.186,0.179,0.66,0.022,0.035,0.29,0.19,0.201,0.513,0.562,0.146,0.135,0.84,0.105,0.192,0.162,0.038,0.122,0.011,0.106,0.434,0.178,"2007",FALSE,0,0,47,FALSE
"153","Stephen Graham","SG",0.571,"POR",0.171,0.012,0.047,0.016,0.018,0.567,0.007,0.012,0.273,0.015,0.016,0.483,0.514,0.011,0.009,0.889,0.011,0.015,0.014,0.004,0.016,0.003,0.028,0.067,0.016,"2007",FALSE,0,0,32,FALSE
"154","Danny Granger","SF",0.548,"IND",1,0.695,0.788,0.385,0.399,0.612,0.274,0.325,0.382,0.3,0.327,0.497,0.58,0.312,0.302,0.803,0.218,0.265,0.249,0.098,0.272,0.162,0.291,0.66,0.403,"2007",FALSE,0,0,35,FALSE
"155","Gerald Green","SF",0.5,"BOS",0.988,0.317,0.504,0.3,0.34,0.559,0.236,0.291,0.368,0.224,0.271,0.447,0.538,0.169,0.164,0.805,0.13,0.139,0.136,0.071,0.167,0.064,0.259,0.534,0.298,"2007",FALSE,0,0,24,FALSE
"156","Willie Green","SG",0.595,"PHI",0.902,0.439,0.521,0.345,0.399,0.548,0.127,0.177,0.325,0.318,0.401,0.43,0.49,0.098,0.114,0.667,0.08,0.115,0.103,0.096,0.228,0.011,0.228,0.388,0.296,"2007",FALSE,0,0,35,FALSE
"157","Orien Greene","SG",0.571,"IND",0.5,0,0.072,0.022,0.029,0.495,0.005,0.012,0.182,0.022,0.029,0.412,0.43,0.02,0.026,0.6,0.023,0.032,0.029,0.019,0.069,0.011,0.06,0.102,0.022,"2007",FALSE,0,0,35,FALSE
"158","Lynn Greer","SG",0.643,"MIL",0.5,0,0.122,0.059,0.065,0.577,0.045,0.059,0.346,0.045,0.05,0.483,0.551,0.036,0.033,0.844,0.004,0.025,0.018,0.046,0.069,0.003,0.039,0.086,0.059,"2007",FALSE,0,0,28,FALSE
"159","Adrian Griffin","SF",0.762,"CHI",0.659,0.012,0.166,0.059,0.059,0.631,0,0.007,0,0.063,0.069,0.496,0.526,0.02,0.02,0.789,0.076,0.069,0.071,0.051,0.13,0.011,0.082,0.21,0.048,"2007",FALSE,0,0,49,FALSE
"160","Eddie Griffin","PF",0.571,"MIN",0.159,0,0.026,0.007,0.012,0.345,0,0.001,0,0.007,0.015,0.269,0.288,0.005,0.005,0.8,0.013,0.018,0.016,0.003,0,0.019,0.013,0.022,0.006,"2007",FALSE,0,0,32,FALSE
"162","Richard Hamilton","SG",0.667,"DET",0.915,0.915,0.782,0.529,0.538,0.624,0.109,0.146,0.341,0.523,0.587,0.483,0.54,0.459,0.415,0.861,0.143,0.206,0.184,0.245,0.24,0.04,0.343,0.625,0.524,"2007",FALSE,0,0,53,FALSE
"163","Matt Harpring","SF",0.714,"UTA",0.939,0.024,0.556,0.311,0.302,0.655,0.032,0.044,0.333,0.322,0.348,0.501,0.557,0.313,0.318,0.767,0.224,0.234,0.231,0.085,0.211,0.029,0.254,0.625,0.316,"2007",FALSE,0,0,51,FALSE
"165","Junior Harrington","PG",0.619,"MEM",0.354,0.098,0.154,0.055,0.063,0.555,0.017,0.029,0.269,0.052,0.063,0.45,0.491,0.041,0.047,0.674,0.023,0.056,0.044,0.076,0.085,0.013,0.112,0.213,0.054,"2007",FALSE,0,0,22,FALSE
"167","Devin Harris","PG",0.548,"DAL",0.976,0.744,0.589,0.282,0.273,0.656,0.035,0.056,0.28,0.289,0.306,0.512,0.56,0.284,0.269,0.824,0.086,0.15,0.128,0.254,0.39,0.056,0.315,0.652,0.287,"2007",FALSE,0,0,67,FALSE
"170","Udonis Haslem","PF",0.619,"MIA",0.963,0.963,0.703,0.341,0.33,0.656,0,0.005,0,0.367,0.402,0.495,0.547,0.183,0.209,0.68,0.359,0.463,0.427,0.083,0.199,0.069,0.237,0.636,0.298,"2007",FALSE,0,0,44,FALSE
"171","Trenton Hassell","SG",0.643,"MIN",0.927,0.829,0.629,0.21,0.204,0.653,0.015,0.028,0.24,0.22,0.236,0.505,0.552,0.095,0.095,0.783,0.159,0.159,0.159,0.174,0.089,0.069,0.172,0.388,0.181,"2007",FALSE,0,0,32,FALSE
"173","Jarvis Hayes","SF",0.595,"WAS",0.988,0.207,0.46,0.217,0.251,0.547,0.164,0.207,0.361,0.164,0.205,0.435,0.523,0.094,0.086,0.845,0.08,0.167,0.137,0.069,0.195,0.035,0.121,0.431,0.207,"2007",FALSE,0,0,41,FALSE
"175","Luther Head","SG",0.571,"HOU",0.976,0.122,0.626,0.296,0.322,0.583,0.44,0.453,0.441,0.134,0.169,0.431,0.627,0.11,0.108,0.79,0.059,0.219,0.165,0.167,0.309,0.013,0.295,0.358,0.308,"2007",FALSE,0,0,52,FALSE
"177","Walter Herrmann","PF",0.643,"CHA",0.585,0.146,0.265,0.168,0.152,0.703,0.132,0.13,0.461,0.126,0.121,0.563,0.676,0.054,0.055,0.774,0.054,0.11,0.091,0.022,0.069,0.019,0.069,0.205,0.156,"2007",FALSE,0,0,33,FALSE
"178","Nene Hilario","C",0.571,"DEN",0.78,0.512,0.485,0.284,0.237,0.76,0,0.001,0,0.306,0.29,0.571,0.633,0.258,0.291,0.689,0.287,0.297,0.293,0.066,0.252,0.157,0.274,0.563,0.276,"2007",FALSE,0,0,45,FALSE
"179","Grant Hill","SG",0.81,"ORL",0.793,0.78,0.569,0.331,0.304,0.691,0.005,0.014,0.167,0.354,0.365,0.525,0.578,0.328,0.333,0.765,0.101,0.183,0.155,0.119,0.248,0.066,0.31,0.394,0.33,"2007",FALSE,0,0,40,FALSE
"180","Kirk Hinrich","PG",0.619,"CHI",0.976,0.976,0.804,0.459,0.488,0.597,0.348,0.38,0.415,0.349,0.408,0.463,0.571,0.313,0.292,0.835,0.061,0.24,0.179,0.43,0.407,0.061,0.412,0.739,0.469,"2007",FALSE,0,0,49,FALSE
"181","Robert Hite","SG",0.548,"MIA",0.146,0,0.038,0.018,0.028,0.423,0.012,0.026,0.217,0.015,0.021,0.378,0.398,0.011,0.012,0.667,0.008,0.012,0.01,0.007,0.012,0.005,0.013,0.022,0.018,"2007",FALSE,0,0,44,FALSE
"184","Robert Horry","PF",0.857,"SAS",0.829,0.098,0.318,0.087,0.116,0.479,0.124,0.168,0.336,0.042,0.058,0.392,0.509,0.05,0.066,0.594,0.14,0.155,0.15,0.066,0.183,0.109,0.095,0.283,0.095,"2007",FALSE,0,0,58,FALSE
"185","Eddie House","SG",0.667,"NJN",0.683,0.012,0.268,0.174,0.194,0.571,0.187,0.198,0.429,0.109,0.139,0.427,0.574,0.044,0.037,0.917,0.027,0.077,0.06,0.058,0.11,0.008,0.058,0.186,0.165,"2007",FALSE,0,0,41,FALSE
"186","Dwight Howard","C",0.5,"ORL",1,1,0.856,0.509,0.402,0.804,0.002,0.002,0.5,0.546,0.491,0.603,0.67,0.516,0.685,0.586,0.541,0.72,0.659,0.136,0.285,0.415,0.683,0.66,0.51,"2007",FALSE,0,0,40,FALSE
"187","Josh Howard","SF",0.619,"DAL",0.854,0.841,0.695,0.477,0.495,0.612,0.229,0.27,0.385,0.417,0.472,0.48,0.557,0.321,0.302,0.827,0.249,0.343,0.31,0.109,0.333,0.149,0.265,0.485,0.466,"2007",FALSE,0,0,67,FALSE
"189","Troy Hudson","PG",0.714,"MIN",0.415,0.073,0.157,0.072,0.09,0.505,0.07,0.09,0.35,0.048,0.065,0.4,0.501,0.034,0.033,0.813,0.015,0.04,0.031,0.063,0.057,0.005,0.086,0.062,0.071,"2007",FALSE,0,0,32,FALSE
"190","Larry Hughes","SG",0.667,"CLE",0.854,0.829,0.735,0.368,0.439,0.533,0.184,0.251,0.333,0.319,0.412,0.42,0.488,0.276,0.318,0.676,0.078,0.224,0.175,0.22,0.362,0.069,0.332,0.442,0.369,"2007",FALSE,0,0,50,FALSE
"192","Lindsey Hunter","PG",0.857,"DET",0.634,0,0.211,0.091,0.112,0.513,0.095,0.134,0.319,0.058,0.071,0.448,0.514,0.04,0.034,0.909,0.017,0.038,0.031,0.08,0.138,0.019,0.075,0.151,0.09,"2007",FALSE,0,0,53,FALSE
"194","Andre Iguodala","SG",0.548,"PHI",0.927,0.927,0.867,0.428,0.456,0.596,0.119,0.175,0.31,0.411,0.472,0.472,0.523,0.598,0.567,0.82,0.147,0.355,0.284,0.371,0.618,0.088,0.562,0.539,0.489,"2007",FALSE,0,0,35,FALSE
"195","Zydrunas Ilgauskas","C",0.738,"CLE",0.951,0.951,0.603,0.372,0.365,0.647,0,0.001,0,0.401,0.447,0.486,0.539,0.205,0.198,0.807,0.463,0.355,0.392,0.106,0.195,0.261,0.304,0.693,0.327,"2007",FALSE,0,0,50,FALSE
"198","Ersan Ilyasova","PF",0.452,"MIL",0.805,0.171,0.275,0.134,0.167,0.511,0.134,0.167,0.365,0.088,0.121,0.395,0.508,0.093,0.092,0.787,0.111,0.13,0.124,0.042,0.11,0.045,0.11,0.396,0.142,"2007",FALSE,0,0,28,FALSE
"200","Royal Ivey","PG",0.595,"ATL",0.646,0.22,0.153,0.062,0.066,0.597,0.012,0.018,0.313,0.061,0.072,0.465,0.517,0.032,0.036,0.686,0.029,0.036,0.033,0.039,0.098,0.011,0.067,0.167,0.055,"2007",FALSE,0,0,30,FALSE
"201","Jarrett Jack","PG",0.548,"POR",0.963,0.963,0.75,0.309,0.324,0.605,0.157,0.203,0.35,0.267,0.296,0.49,0.554,0.321,0.287,0.871,0.034,0.189,0.136,0.358,0.35,0.024,0.403,0.544,0.334,"2007",FALSE,0,0,32,FALSE
"202","Bobby Jackson","SG",0.786,"NOK",0.683,0.024,0.376,0.197,0.238,0.525,0.134,0.186,0.327,0.156,0.199,0.425,0.496,0.172,0.173,0.774,0.08,0.135,0.116,0.121,0.203,0.016,0.168,0.264,0.209,"2007",FALSE,0,0,39,FALSE
"204","Marc Jackson","PF",0.762,"NOK",0.683,0.305,0.29,0.154,0.179,0.547,0,0.001,0,0.165,0.218,0.411,0.456,0.119,0.106,0.874,0.119,0.129,0.125,0.05,0.085,0.019,0.14,0.24,0.144,"2007",FALSE,0,0,39,FALSE
"207","LeBron James","SF",0.524,"CLE",0.951,0.951,0.903,0.747,0.746,0.635,0.246,0.35,0.319,0.7,0.739,0.513,0.563,0.647,0.721,0.698,0.159,0.44,0.344,0.404,0.508,0.146,0.539,0.461,0.753,"2007",FALSE,0,0.142,50,TRUE
"208","Mike James","PG",0.738,"MIN",1,0.793,0.586,0.287,0.324,0.563,0.199,0.243,0.372,0.226,0.275,0.445,0.532,0.204,0.189,0.837,0.048,0.137,0.107,0.255,0.224,0.019,0.278,0.461,0.292,"2007",FALSE,0,0,32,FALSE
"209","Antawn Jamison","PF",0.714,"WAS",0.854,0.854,0.753,0.495,0.524,0.6,0.343,0.428,0.364,0.389,0.429,0.492,0.567,0.299,0.316,0.736,0.256,0.425,0.367,0.117,0.325,0.096,0.224,0.523,0.49,"2007",FALSE,0,0,41,FALSE
"210","Marko Jaric","SG",0.667,"MIN",0.854,0.159,0.44,0.132,0.15,0.557,0.08,0.096,0.376,0.108,0.135,0.433,0.52,0.089,0.091,0.761,0.103,0.129,0.12,0.125,0.305,0.043,0.19,0.464,0.131,"2007",FALSE,0,0,32,FALSE
"212","Al Jefferson","C",0.524,"BOS",0.841,0.732,0.656,0.438,0.406,0.685,0,0.001,0,0.471,0.497,0.514,0.571,0.266,0.303,0.681,0.453,0.515,0.494,0.076,0.195,0.282,0.293,0.625,0.391,"2007",FALSE,0,0,24,FALSE
"213","Richard Jefferson","SF",0.619,"NJN",0.671,0.646,0.554,0.293,0.306,0.608,0.129,0.164,0.359,0.261,0.293,0.483,0.55,0.316,0.335,0.733,0.092,0.191,0.157,0.127,0.138,0.021,0.259,0.332,0.317,"2007",FALSE,0,0,41,FALSE
"214","Jared Jeffries","SF",0.595,"NYK",0.671,0.524,0.37,0.092,0.095,0.615,0.005,0.023,0.1,0.097,0.105,0.5,0.518,0.041,0.07,0.456,0.212,0.126,0.156,0.058,0.179,0.08,0.131,0.404,0.079,"2007",FALSE,0,0,33,FALSE
"216","Amir Johnson","PF",0.452,"DET",0.098,0,0.035,0.017,0.015,0.727,0,0.003,0,0.019,0.017,0.6,0.606,0.015,0.014,0.786,0.029,0.022,0.024,0.003,0.02,0.035,0.019,0.051,0.017,"2007",FALSE,0,0,53,FALSE
"218","DerMarr Johnson","SF",0.619,"DEN",0.476,0.085,0.119,0.048,0.071,0.433,0.047,0.099,0.216,0.032,0.037,0.47,0.429,0.021,0.022,0.762,0.019,0.047,0.037,0.015,0.065,0.032,0.058,0.105,0.048,"2007",FALSE,0,0,45,FALSE
"219","Joe Johnson","SG",0.595,"ATL",0.695,0.695,0.668,0.518,0.524,0.628,0.296,0.352,0.381,0.434,0.466,0.504,0.581,0.311,0.323,0.748,0.101,0.185,0.156,0.214,0.244,0.029,0.379,0.31,0.504,"2007",FALSE,0,0,30,FALSE
"220","Linton Johnson","PF",0.619,"NOK",0.659,0,0.204,0.09,0.087,0.652,0.025,0.034,0.333,0.086,0.09,0.519,0.573,0.04,0.038,0.811,0.099,0.11,0.107,0.015,0.134,0.048,0.058,0.272,0.08,"2007",FALSE,0,0,39,FALSE
"221","Bobby Jones","SF",0.548,"PHI",0.537,0.061,0.095,0.042,0.043,0.616,0.002,0.01,0.111,0.044,0.047,0.5,0.52,0.03,0.042,0.561,0.042,0.035,0.037,0.014,0.045,0.003,0.039,0.159,0.039,"2007",FALSE,0,0,35,FALSE
"222","Dahntay Jones","SG",0.619,"MEM",0.951,0.305,0.473,0.213,0.212,0.636,0.012,0.014,0.417,0.224,0.253,0.479,0.537,0.183,0.179,0.793,0.09,0.105,0.1,0.058,0.159,0.059,0.198,0.518,0.206,"2007",FALSE,0,0,22,FALSE
"223","Damon Jones","PG",0.714,"CLE",0.732,0,0.332,0.132,0.163,0.515,0.221,0.261,0.385,0.05,0.07,0.387,0.568,0.04,0.045,0.682,0.017,0.057,0.043,0.081,0.065,0.005,0.078,0.143,0.139,"2007",FALSE,0,0,50,FALSE
"227","James Jones","SF",0.619,"PHO",0.927,0.085,0.389,0.157,0.202,0.491,0.224,0.269,0.378,0.075,0.114,0.356,0.522,0.094,0.083,0.877,0.063,0.142,0.115,0.039,0.114,0.112,0.06,0.31,0.171,"2007",FALSE,0,0,61,FALSE
"228","Jumaine Jones","SF",0.643,"PHO",0.22,0,0.039,0.014,0.023,0.367,0.025,0.036,0.313,0.004,0.011,0.211,0.414,0.003,0.002,1,0.011,0.017,0.015,0.001,0.02,0.003,0.015,0.051,0.014,"2007",FALSE,0,0,61,FALSE
"229","Solomon Jones","PF",0.524,"ATL",0.707,0.098,0.189,0.063,0.059,0.677,0,0.001,0,0.068,0.072,0.512,0.564,0.078,0.077,0.787,0.094,0.086,0.089,0.009,0.045,0.112,0.054,0.334,0.067,"2007",FALSE,0,0,30,FALSE
"230","Chris Kaman","C",0.571,"LAC",0.915,0.805,0.616,0.284,0.3,0.601,0,0.001,0,0.306,0.367,0.452,0.501,0.22,0.23,0.741,0.306,0.425,0.384,0.068,0.167,0.309,0.317,0.677,0.266,"2007",FALSE,0,0,40,FALSE
"231","Jason Kapono","SF",0.595,"MIA",0.817,0.427,0.5,0.269,0.259,0.659,0.269,0.237,0.514,0.177,0.199,0.482,0.656,0.087,0.076,0.892,0.05,0.153,0.118,0.07,0.154,0.005,0.151,0.364,0.258,"2007",FALSE,0,0,44,FALSE
"232","Viktor Khryapa","PF",0.571,"CHI",0.402,0,0.065,0.026,0.032,0.515,0,0.007,0,0.028,0.036,0.422,0.429,0.025,0.027,0.731,0.038,0.037,0.037,0.018,0.041,0.003,0.034,0.143,0.026,"2007",FALSE,0,0,49,FALSE
"233","Jason Kidd","PG",0.786,"NJN",0.976,0.976,0.83,0.357,0.418,0.541,0.308,0.407,0.343,0.255,0.309,0.448,0.528,0.237,0.237,0.778,0.258,0.516,0.428,0.632,0.516,0.061,0.459,0.394,0.368,"2007",FALSE,0,0,41,FALSE
"234","Tarence Kinsey","SG",0.524,"MEM",0.585,0.146,0.274,0.134,0.14,0.609,0.032,0.052,0.283,0.131,0.146,0.488,0.532,0.103,0.101,0.796,0.055,0.068,0.063,0.035,0.215,0.003,0.099,0.154,0.13,"2007",FALSE,0,0,22,FALSE
"235","Andrei Kirilenko","SF",0.595,"UTA",0.854,0.854,0.58,0.191,0.192,0.628,0.04,0.085,0.213,0.188,0.193,0.528,0.544,0.23,0.246,0.728,0.168,0.239,0.215,0.174,0.301,0.383,0.291,0.464,0.206,"2007",FALSE,0,0,51,FALSE
"236","Linas Kleiza","PF",0.524,"DEN",0.963,0.171,0.421,0.193,0.218,0.563,0.206,0.249,0.376,0.122,0.143,0.462,0.566,0.152,0.139,0.852,0.147,0.188,0.174,0.039,0.114,0.037,0.17,0.539,0.211,"2007",FALSE,0,0,45,FALSE
"237","Brevin Knight","PG",0.738,"CHA",0.549,0.305,0.36,0.147,0.167,0.559,0.002,0.02,0.056,0.157,0.195,0.438,0.467,0.136,0.132,0.805,0.027,0.1,0.075,0.254,0.272,0.008,0.205,0.305,0.144,"2007",FALSE,0,0,33,FALSE
"238","Yaroslav Korolev","SF",0.452,"LAC",0.122,0,0.012,0.004,0.007,0.333,0.002,0.006,0.2,0.003,0.006,0.273,0.312,0.004,0.006,0.5,0.002,0.002,0.002,0.003,0.012,0,0.002,0,0.004,"2007",FALSE,0,0,40,FALSE
"239","Kyle Korver","SF",0.595,"PHI",0.902,0.012,0.648,0.36,0.389,0.587,0.328,0.347,0.43,0.25,0.303,0.446,0.576,0.253,0.215,0.914,0.057,0.227,0.169,0.09,0.232,0.053,0.252,0.507,0.377,"2007",FALSE,0,0,35,FALSE
"240","Nenad Krstic","C",0.548,"NJN",0.317,0.317,0.24,0.164,0.149,0.701,0,0.001,0,0.177,0.182,0.528,0.584,0.114,0.124,0.711,0.098,0.124,0.115,0.04,0.041,0.064,0.112,0.237,0.15,"2007",FALSE,0,0,41,FALSE
"241","Raef LaFrentz","PF",0.714,"POR",0.329,0.11,0.1,0.038,0.047,0.509,0.005,0.026,0.087,0.039,0.045,0.468,0.436,0.026,0.027,0.769,0.048,0.045,0.046,0.007,0.028,0.029,0.028,0.154,0.035,"2007",FALSE,0,0,32,FALSE
"244","Rashard Lewis","SF",0.643,"SEA",0.732,0.732,0.665,0.448,0.462,0.615,0.376,0.437,0.39,0.325,0.349,0.505,0.596,0.351,0.324,0.841,0.174,0.303,0.259,0.125,0.276,0.104,0.254,0.385,0.474,"2007",FALSE,0,0,31,FALSE
"246","Shaun Livingston","PG",0.5,"LAC",0.659,0.378,0.456,0.201,0.207,0.617,0.012,0.018,0.313,0.211,0.244,0.469,0.521,0.108,0.119,0.707,0.107,0.127,0.12,0.235,0.24,0.077,0.233,0.364,0.178,"2007",FALSE,0,0,40,FALSE
"247","Kyle Lowry","PG",0.476,"MEM",0.122,0,0.05,0.014,0.017,0.491,0.007,0.009,0.375,0.011,0.017,0.367,0.453,0.033,0.029,0.893,0.023,0.019,0.02,0.027,0.057,0.003,0.026,0.054,0.02,"2007",FALSE,0,0,22,FALSE
"248","John Lucas III","PG",0.571,"HOU",0.573,0,0.108,0.06,0.072,0.529,0.037,0.067,0.254,0.049,0.055,0.485,0.496,0.02,0.02,0.789,0.017,0.027,0.024,0.028,0.069,0,0.032,0.102,0.054,"2007",FALSE,0,0,52,FALSE
"249","Tyronn Lue","PG",0.69,"ATL",0.683,0.207,0.421,0.211,0.241,0.555,0.139,0.182,0.348,0.169,0.205,0.446,0.521,0.19,0.168,0.883,0.036,0.084,0.068,0.173,0.098,0,0.183,0.272,0.225,"2007",FALSE,0,0,30,FALSE
"251","Corey Maggette","SF",0.643,"LAC",0.915,0.378,0.648,0.355,0.372,0.605,0.032,0.073,0.2,0.368,0.419,0.476,0.513,0.687,0.651,0.82,0.172,0.35,0.289,0.179,0.264,0.037,0.433,0.658,0.447,"2007",FALSE,0,0,40,FALSE
"254","Stephon Marbury","PG",0.69,"NYK",0.902,0.902,0.778,0.382,0.438,0.553,0.306,0.389,0.357,0.283,0.342,0.448,0.533,0.393,0.397,0.769,0.069,0.176,0.139,0.346,0.289,0.027,0.386,0.499,0.427,"2007",FALSE,0,0,33,FALSE
"255","Shawn Marion","SF",0.667,"PHO",0.976,0.976,0.852,0.543,0.493,0.699,0.199,0.284,0.317,0.501,0.462,0.587,0.623,0.266,0.255,0.81,0.329,0.609,0.513,0.115,0.634,0.324,0.246,0.582,0.495,"2007",FALSE,0,0,61,FALSE
"256","Damir Markota","PF",0.5,"MIL",0.366,0,0.048,0.018,0.024,0.487,0.015,0.018,0.375,0.014,0.02,0.361,0.47,0.009,0.011,0.636,0.021,0.02,0.02,0.005,0.012,0.003,0.032,0.059,0.018,"2007",FALSE,0,0,28,FALSE
"257","Sean Marks","PF",0.738,"PHO",0.037,0,0.005,0.002,0.003,0.444,0,0.001,0,0.002,0.003,0.4,0.37,0.003,0.002,1,0,0.003,0.002,0,0,0.003,0,0.011,0.002,"2007",FALSE,0,0,61,FALSE
"258","Donyell Marshall","PF",0.786,"CLE",0.988,0,0.385,0.202,0.227,0.565,0.236,0.306,0.351,0.119,0.125,0.514,0.578,0.07,0.082,0.663,0.164,0.235,0.211,0.04,0.159,0.114,0.144,0.35,0.2,"2007",FALSE,0,0,50,FALSE
"259","Rawle Marshall","SG",0.571,"IND",0.488,0.024,0.102,0.031,0.041,0.48,0.01,0.02,0.222,0.029,0.04,0.394,0.424,0.041,0.046,0.689,0.015,0.021,0.019,0.011,0.049,0.013,0.041,0.059,0.035,"2007",FALSE,0,0,35,FALSE
"260","Darrick Martin","PG",0.833,"TOR",0.378,0,0.062,0.032,0.043,0.468,0.032,0.042,0.351,0.021,0.032,0.351,0.467,0.02,0.022,0.714,0.004,0.01,0.008,0.037,0.012,0,0.026,0.059,0.033,"2007",FALSE,0,0,47,FALSE
"261","Kenyon Martin","PF",0.69,"DEN",0.024,0.024,0.018,0.008,0.007,0.667,0,0.001,0,0.008,0.008,0.533,0.556,0.004,0.012,0.25,0.011,0.014,0.013,0.001,0,0,0.011,0.027,0.007,"2007",FALSE,0,0,45,FALSE
"262","Kevin Martin","SG",0.548,"SAC",0.976,0.976,0.798,0.488,0.491,0.631,0.316,0.376,0.381,0.393,0.414,0.515,0.592,0.636,0.586,0.844,0.132,0.271,0.224,0.149,0.398,0.029,0.291,0.488,0.571,"2007",FALSE,0,0,33,FALSE
"264","Roger Mason","SG",0.619,"WAS",0.756,0,0.139,0.057,0.082,0.44,0.082,0.115,0.324,0.027,0.043,0.338,0.469,0.019,0.016,0.875,0.013,0.038,0.029,0.03,0.053,0.016,0.041,0.178,0.058,"2007",FALSE,0,0,41,FALSE
"266","Sean May","PF",0.524,"CHA",0.427,0.098,0.237,0.159,0.151,0.667,0.005,0.003,0.667,0.169,0.183,0.498,0.559,0.114,0.115,0.768,0.14,0.159,0.152,0.057,0.077,0.064,0.121,0.27,0.147,"2007",FALSE,0,0,33,FALSE
"267","Rashad McCants","SG",0.524,"MIN",0.451,0,0.157,0.06,0.081,0.467,0.05,0.085,0.267,0.044,0.058,0.412,0.452,0.053,0.06,0.69,0.027,0.033,0.031,0.033,0.106,0.019,0.086,0.191,0.065,"2007",FALSE,0,0,32,FALSE
"270","Ivan McFarlin","PF",0.571,"PHI",0.134,0,0.012,0.005,0.006,0.513,0,0.001,0,0.005,0.007,0.417,0.428,0.007,0.007,0.714,0.013,0.004,0.007,0.001,0,0,0.002,0.022,0.005,"2007",FALSE,0,0,35,FALSE
"271","Tracy McGrady","SG",0.643,"HOU",0.866,0.866,0.719,0.617,0.681,0.575,0.313,0.43,0.331,0.533,0.62,0.466,0.527,0.456,0.502,0.707,0.107,0.32,0.247,0.393,0.374,0.096,0.459,0.367,0.617,"2007",FALSE,0,0.085,52,TRUE
"272","Jeff McInnis","PG",0.762,"CHA",0.463,0.037,0.199,0.069,0.083,0.523,0.002,0.009,0.125,0.073,0.098,0.405,0.439,0.029,0.033,0.688,0.027,0.048,0.041,0.107,0.057,0,0.091,0.194,0.058,"2007",FALSE,0,0,33,FALSE
"275","Stanislav Medvedenko","C",0.643,"ATL",0.171,0,0.023,0.012,0.013,0.552,0.002,0.002,0.5,0.011,0.015,0.407,0.479,0.022,0.021,0.85,0.008,0.01,0.009,0.002,0,0.005,0.011,0.043,0.015,"2007",FALSE,0,0,30,FALSE
"277","C.J. Miles","SG",0.452,"UTA",0.451,0.159,0.106,0.039,0.053,0.46,0.017,0.036,0.219,0.034,0.047,0.393,0.417,0.019,0.024,0.609,0.021,0.024,0.023,0.021,0.045,0.011,0.06,0.162,0.036,"2007",FALSE,0,0,51,FALSE
"278","Darko Milicic","PF",0.5,"ORL",0.976,0.195,0.541,0.241,0.252,0.605,0,0.001,0,0.259,0.309,0.455,0.504,0.187,0.237,0.613,0.277,0.29,0.286,0.077,0.179,0.372,0.267,0.59,0.226,"2007",FALSE,0,0,40,FALSE
"280","Brad Miller","C",0.714,"SAC",0.768,0.683,0.505,0.217,0.227,0.604,0.012,0.037,0.152,0.228,0.26,0.475,0.51,0.152,0.153,0.772,0.151,0.32,0.262,0.192,0.154,0.104,0.233,0.418,0.201,"2007",FALSE,0,0,33,FALSE
"281","Mike Miller","SG",0.619,"MEM",0.854,0.841,0.776,0.45,0.465,0.613,0.502,0.562,0.406,0.274,0.289,0.514,0.622,0.213,0.209,0.793,0.099,0.324,0.247,0.256,0.22,0.048,0.386,0.372,0.457,"2007",FALSE,0,0,22,FALSE
"282","Paul Millsap","PF",0.5,"UTA",1,0.012,0.417,0.202,0.183,0.7,0.002,0.003,0.333,0.216,0.223,0.527,0.584,0.185,0.214,0.673,0.35,0.238,0.276,0.053,0.272,0.197,0.203,0.636,0.197,"2007",FALSE,0,0,51,FALSE
"283","Yao Ming","C",0.619,"HOU",0.585,0.585,0.46,0.409,0.377,0.688,0,0.002,0,0.44,0.461,0.518,0.573,0.471,0.425,0.862,0.193,0.349,0.295,0.081,0.069,0.25,0.36,0.429,0.424,"2007",FALSE,0,0,52,FALSE
"284","Cuttino Mobley","SG",0.738,"LAC",0.951,0.89,0.804,0.375,0.406,0.587,0.251,0.278,0.411,0.299,0.359,0.451,0.552,0.265,0.246,0.837,0.099,0.214,0.175,0.17,0.374,0.064,0.312,0.501,0.38,"2007",FALSE,0,0,40,FALSE
"286","Mikki Moore","C",0.738,"NJN",0.963,0.671,0.589,0.298,0.233,0.812,0,0.001,0,0.32,0.285,0.61,0.677,0.212,0.242,0.681,0.277,0.256,0.263,0.064,0.187,0.16,0.244,0.704,0.274,"2007",FALSE,0,0,41,FALSE
"288","Adam Morrison","PF",0.524,"CHA",0.951,0.28,0.658,0.343,0.434,0.501,0.216,0.291,0.337,0.279,0.387,0.391,0.469,0.159,0.174,0.71,0.103,0.175,0.15,0.14,0.114,0.016,0.28,0.482,0.324,"2007",FALSE,0,0,33,FALSE
"291","Ronald Murray","SG",0.643,"DET",0.841,0.22,0.418,0.171,0.202,0.539,0.06,0.094,0.289,0.159,0.2,0.431,0.48,0.115,0.123,0.725,0.05,0.086,0.074,0.161,0.199,0.035,0.194,0.259,0.164,"2007",FALSE,0,0,53,FALSE
"293","Bostjan Nachbar","SF",0.619,"NJN",0.927,0.012,0.434,0.219,0.228,0.609,0.279,0.299,0.423,0.119,0.13,0.496,0.633,0.175,0.169,0.805,0.052,0.224,0.165,0.052,0.122,0.069,0.149,0.493,0.246,"2007",FALSE,0,0,41,FALSE
"294","Eduardo Najera","PF",0.714,"DEN",0.915,0.439,0.469,0.197,0.163,0.768,0.002,0.014,0.083,0.211,0.193,0.594,0.642,0.116,0.127,0.715,0.25,0.178,0.203,0.055,0.297,0.069,0.121,0.558,0.175,"2007",FALSE,0,0,45,FALSE
"295","Steve Nash","PG",0.762,"PHO",0.927,0.927,0.759,0.5,0.447,0.709,0.388,0.387,0.455,0.376,0.354,0.575,0.681,0.294,0.254,0.899,0.057,0.237,0.176,0.759,0.232,0.016,0.619,0.315,0.499,"2007",FALSE,44,0.785,61,TRUE
"296","Jameer Nelson","PG",0.571,"ORL",0.939,0.939,0.66,0.364,0.403,0.573,0.162,0.219,0.335,0.324,0.384,0.457,0.519,0.242,0.227,0.828,0.096,0.185,0.154,0.284,0.297,0.013,0.397,0.606,0.353,"2007",FALSE,0,0,40,FALSE
"297","Rasho Nesterovic","C",0.714,"TOR",0.976,0.89,0.474,0.222,0.194,0.728,0,0.001,0,0.239,0.237,0.548,0.607,0.045,0.051,0.68,0.22,0.243,0.235,0.064,0.15,0.223,0.121,0.52,0.174,"2007",FALSE,0,0,47,FALSE
"298","Ira Newble","SF",0.762,"CLE",0.183,0.012,0.037,0.015,0.017,0.576,0.02,0.017,0.533,0.008,0.012,0.364,0.601,0.008,0.01,0.6,0.025,0.017,0.02,0.002,0.024,0,0.006,0.046,0.016,"2007",FALSE,0,0,50,FALSE
"299","Andres Nocioni","PF",0.643,"CHI",0.646,0.378,0.398,0.264,0.269,0.623,0.199,0.236,0.383,0.201,0.212,0.515,0.596,0.163,0.149,0.848,0.08,0.257,0.197,0.049,0.11,0.064,0.224,0.442,0.264,"2007",FALSE,0,0,49,FALSE
"300","David Noel","PF",0.524,"MIL",0.829,0,0.224,0.063,0.081,0.489,0.042,0.06,0.321,0.05,0.07,0.387,0.461,0.049,0.044,0.86,0.08,0.08,0.08,0.056,0.102,0.024,0.086,0.208,0.065,"2007",FALSE,0,0,28,FALSE
"301","Steve Novak","SF",0.548,"HOU",0.427,0.012,0.054,0.017,0.023,0.48,0.032,0.044,0.333,0.005,0.006,0.455,0.544,0.003,0.002,1,0.008,0.022,0.017,0.005,0.02,0,0.009,0.057,0.018,"2007",FALSE,0,0,52,FALSE
"302","Dirk Nowitzki","PF",0.667,"DAL",0.951,0.951,0.798,0.651,0.617,0.669,0.179,0.195,0.416,0.625,0.659,0.515,0.588,0.659,0.567,0.904,0.233,0.567,0.453,0.226,0.211,0.165,0.36,0.461,0.677,"2007",TRUE,83,0.882,67,TRUE
"304","Jermaine O'Neal","C",0.667,"IND",0.841,0.841,0.696,0.482,0.525,0.581,0,0.008,0,0.518,0.64,0.439,0.484,0.454,0.46,0.767,0.293,0.504,0.432,0.143,0.203,0.484,0.438,0.625,0.473,"2007",FALSE,0,0,35,FALSE
"307","Lamar Odom","PF",0.643,"LAL",0.683,0.683,0.623,0.309,0.313,0.624,0.134,0.205,0.297,0.276,0.281,0.531,0.564,0.262,0.291,0.7,0.195,0.442,0.358,0.232,0.215,0.085,0.351,0.491,0.314,"2007",FALSE,0,0,42,FALSE
"309","Mehmet Okur","C",0.643,"UTA",0.976,0.976,0.754,0.474,0.488,0.616,0.321,0.379,0.384,0.376,0.409,0.498,0.581,0.392,0.398,0.765,0.306,0.416,0.378,0.134,0.146,0.101,0.269,0.693,0.496,"2007",FALSE,0,0,51,FALSE
"310","Kevin Ollie","PG",0.81,"PHI",0.646,0.28,0.26,0.078,0.086,0.577,0,0.002,0,0.084,0.104,0.438,0.481,0.049,0.046,0.822,0.015,0.066,0.048,0.112,0.085,0.003,0.101,0.205,0.07,"2007",FALSE,0,0,35,FALSE
"313","Travis Outlaw","PF",0.524,"POR",0.817,0.012,0.434,0.238,0.261,0.579,0.025,0.042,0.27,0.246,0.299,0.445,0.492,0.189,0.186,0.79,0.124,0.151,0.142,0.045,0.248,0.197,0.142,0.404,0.228,"2007",FALSE,0,0,32,FALSE
"314","Zaza Pachulia","C",0.524,"ATL",0.878,0.573,0.573,0.281,0.283,0.632,0,0.001,0,0.303,0.346,0.475,0.527,0.388,0.384,0.786,0.38,0.299,0.327,0.091,0.313,0.096,0.349,0.72,0.309,"2007",FALSE,0,0,30,FALSE
"316","Jannero Pargo","PG",0.643,"NOK",1,0.085,0.484,0.274,0.318,0.545,0.201,0.236,0.388,0.21,0.272,0.418,0.519,0.138,0.126,0.852,0.038,0.159,0.118,0.174,0.215,0.011,0.263,0.326,0.265,"2007",FALSE,0,0,39,FALSE
"317","Anthony Parker","SG",0.738,"TOR",0.89,0.89,0.69,0.317,0.316,0.636,0.286,0.295,0.441,0.222,0.24,0.5,0.623,0.175,0.163,0.835,0.115,0.221,0.185,0.131,0.297,0.029,0.153,0.364,0.319,"2007",FALSE,0,0,47,FALSE
"318","Smush Parker","PG",0.595,"LAL",1,0.976,0.695,0.331,0.361,0.581,0.274,0.34,0.365,0.241,0.273,0.479,0.562,0.149,0.18,0.646,0.086,0.16,0.135,0.196,0.484,0.027,0.33,0.569,0.32,"2007",FALSE,0,0,42,FALSE
"319","Tony Parker","PG",0.571,"SAS",0.939,0.939,0.707,0.551,0.504,0.693,0.037,0.043,0.395,0.578,0.597,0.525,0.586,0.362,0.36,0.783,0.065,0.214,0.163,0.361,0.333,0.016,0.412,0.369,0.505,"2007",FALSE,0,0.001,58,TRUE
"320","Ruben Patterson","SF",0.738,"MIL",0.988,0.646,0.71,0.459,0.399,0.731,0.007,0.021,0.158,0.491,0.478,0.557,0.611,0.319,0.387,0.641,0.363,0.248,0.288,0.199,0.447,0.066,0.429,0.625,0.422,"2007",FALSE,0,0,28,FALSE
"321","Chris Paul","PG",0.5,"NOK",0.78,0.78,0.666,0.368,0.401,0.583,0.124,0.161,0.35,0.344,0.411,0.455,0.518,0.386,0.367,0.818,0.103,0.224,0.183,0.489,0.48,0.008,0.347,0.415,0.39,"2007",FALSE,0,0,39,FALSE
"322","Sasha Pavlovic","SG",0.548,"CLE",0.817,0.341,0.434,0.215,0.225,0.604,0.149,0.167,0.405,0.169,0.193,0.474,0.571,0.132,0.13,0.794,0.044,0.134,0.103,0.09,0.224,0.045,0.22,0.391,0.213,"2007",FALSE,0,0,50,FALSE
"323","Gary Payton","PG",0.905,"MIA",0.829,0.341,0.425,0.139,0.168,0.524,0.08,0.139,0.26,0.117,0.137,0.461,0.486,0.05,0.059,0.667,0.034,0.113,0.086,0.173,0.175,0.008,0.142,0.315,0.126,"2007",FALSE,0,0,44,FALSE
"324","Kendrick Perkins","C",0.524,"BOS",0.878,0.646,0.446,0.128,0.124,0.655,0,0.003,0,0.137,0.15,0.496,0.546,0.079,0.103,0.6,0.216,0.257,0.243,0.081,0.093,0.255,0.244,0.577,0.114,"2007",FALSE,0,0,24,FALSE
"325","Morris Peterson","SF",0.69,"TOR",0.866,0.146,0.429,0.215,0.238,0.572,0.264,0.333,0.359,0.121,0.125,0.523,0.591,0.111,0.127,0.683,0.061,0.204,0.155,0.04,0.183,0.032,0.114,0.34,0.224,"2007",FALSE,0,0,47,FALSE
"327","Eric Piatkowski","SG",0.857,"PHO",0.134,0,0.021,0.009,0.012,0.48,0.017,0.02,0.389,0.002,0.004,0.286,0.556,0.003,0.002,1,0.004,0.007,0.006,0.003,0,0.003,0.011,0.016,0.01,"2007",FALSE,0,0,61,FALSE
"328","Paul Pierce","SG",0.69,"BOS",0.573,0.561,0.492,0.361,0.391,0.585,0.266,0.31,0.389,0.277,0.324,0.463,0.558,0.423,0.414,0.796,0.075,0.236,0.181,0.167,0.195,0.035,0.328,0.329,0.414,"2007",FALSE,0,0,24,FALSE
"329","Mickael Pietrus","SF",0.571,"GSW",0.878,0.463,0.548,0.277,0.27,0.651,0.231,0.271,0.388,0.201,0.195,0.558,0.63,0.18,0.216,0.648,0.155,0.244,0.214,0.053,0.195,0.146,0.226,0.593,0.283,"2007",FALSE,0,0,42,FALSE
"330","Kevinn Pinkney","PF",0.548,"BOS",0.073,0,0.028,0.012,0.012,0.592,0.002,0.002,0.5,0.011,0.014,0.44,0.514,0.008,0.009,0.667,0.013,0.008,0.01,0.004,0.012,0.008,0.009,0.032,0.011,"2007",FALSE,0,0,24,FALSE
"332","James Posey","SF",0.714,"MIA",0.866,0.232,0.543,0.18,0.199,0.575,0.241,0.292,0.375,0.093,0.098,0.514,0.603,0.107,0.101,0.827,0.126,0.289,0.233,0.081,0.289,0.061,0.119,0.52,0.194,"2007",FALSE,0,0,44,FALSE
"334","Leon Powe","C",0.548,"BOS",0.768,0.024,0.204,0.076,0.081,0.595,0,0.002,0,0.082,0.099,0.451,0.496,0.14,0.148,0.736,0.185,0.117,0.141,0.009,0.057,0.059,0.101,0.28,0.093,"2007",FALSE,0,0,24,FALSE
"336","Roger Powell","SF",0.571,"UTA",0.037,0,0.004,0,0.001,0,0,0.001,0,0,0.001,0,0,0.003,0.002,1,0.006,0,0.002,0,0,0,0.006,0.005,0.001,"2007",FALSE,0,0,51,FALSE
"337","Ronnie Price","PG",0.548,"SAC",0.707,0.012,0.159,0.065,0.079,0.52,0.052,0.073,0.323,0.048,0.06,0.43,0.501,0.049,0.057,0.673,0.029,0.056,0.046,0.041,0.114,0.011,0.071,0.173,0.068,"2007",FALSE,0,0,33,FALSE
"338","Tayshaun Prince","SF",0.619,"DET",1,1,0.849,0.444,0.459,0.613,0.201,0.237,0.386,0.393,0.444,0.48,0.557,0.228,0.23,0.768,0.275,0.283,0.28,0.195,0.207,0.146,0.211,0.313,0.413,"2007",FALSE,0,0,53,FALSE
"340","Chris Quinn","PG",0.548,"MIA",0.512,0.012,0.115,0.046,0.06,0.488,0.05,0.064,0.351,0.029,0.042,0.378,0.492,0.033,0.038,0.676,0.011,0.024,0.02,0.056,0.061,0,0.045,0.086,0.05,"2007",FALSE,0,0,44,FALSE
"341","Vladimir Radmanovic","PF",0.619,"LAL",0.671,0.183,0.279,0.13,0.145,0.565,0.1,0.133,0.339,0.098,0.112,0.475,0.541,0.07,0.075,0.726,0.101,0.126,0.118,0.057,0.102,0.048,0.149,0.337,0.127,"2007",FALSE,0,0,42,FALSE
"343","Zach Randolph","PF",0.595,"POR",0.829,0.817,0.686,0.58,0.592,0.623,0.035,0.054,0.292,0.61,0.698,0.473,0.524,0.521,0.495,0.819,0.38,0.486,0.45,0.126,0.215,0.04,0.463,0.496,0.568,"2007",FALSE,0,0,32,FALSE
"345","Allan Ray","SG",0.524,"BOS",0.573,0.061,0.201,0.097,0.119,0.515,0.119,0.131,0.414,0.054,0.081,0.364,0.532,0.056,0.057,0.764,0.034,0.051,0.045,0.037,0.081,0.008,0.091,0.229,0.102,"2007",FALSE,0,0,24,FALSE
"346","Michael Redd","SF",0.643,"MIL",0.646,0.646,0.576,0.461,0.472,0.62,0.291,0.345,0.382,0.375,0.406,0.501,0.58,0.456,0.428,0.829,0.08,0.153,0.128,0.107,0.256,0.024,0.263,0.21,0.5,"2007",FALSE,0,0,28,FALSE
"347","J.J. Redick","PG",0.524,"ORL",0.512,0,0.176,0.077,0.09,0.547,0.095,0.111,0.388,0.044,0.055,0.433,0.564,0.071,0.062,0.9,0.019,0.042,0.034,0.031,0.049,0,0.045,0.14,0.089,"2007",FALSE,0,0,40,FALSE
"350","Jason Richardson","SG",0.619,"GSW",0.622,0.598,0.474,0.296,0.338,0.556,0.274,0.34,0.365,0.204,0.244,0.453,0.547,0.122,0.144,0.657,0.136,0.187,0.169,0.148,0.22,0.085,0.177,0.348,0.287,"2007",FALSE,0,0,42,FALSE
"352","Quentin Richardson","SF",0.619,"NYK",0.598,0.573,0.459,0.221,0.251,0.557,0.241,0.291,0.376,0.136,0.162,0.456,0.563,0.11,0.123,0.692,0.124,0.285,0.23,0.093,0.146,0.019,0.151,0.358,0.225,"2007",FALSE,0,0,33,FALSE
"353","Luke Ridnour","PG",0.595,"SEA",0.866,0.707,0.592,0.291,0.32,0.577,0.122,0.157,0.353,0.262,0.314,0.453,0.52,0.169,0.164,0.805,0.054,0.135,0.107,0.316,0.337,0.051,0.336,0.488,0.275,"2007",FALSE,0,0,31,FALSE
"354","Anthony Roberson","PG",0.548,"GSW",0.244,0.012,0.064,0.043,0.048,0.564,0.052,0.062,0.382,0.024,0.028,0.469,0.582,0.003,0.003,0.667,0.004,0.019,0.014,0.009,0.049,0,0.028,0.073,0.039,"2007",FALSE,0,0,42,FALSE
"355","Lawrence Roberts","PF",0.571,"MEM",0.659,0.22,0.274,0.091,0.096,0.603,0,0.002,0,0.098,0.116,0.456,0.502,0.126,0.135,0.725,0.193,0.159,0.171,0.026,0.146,0.035,0.078,0.358,0.1,"2007",FALSE,0,0,22,FALSE
"357","Clifford Robinson","C",0.952,"NJN",0.61,0.012,0.27,0.078,0.1,0.496,0.062,0.074,0.379,0.058,0.086,0.368,0.477,0.021,0.037,0.444,0.059,0.09,0.08,0.044,0.049,0.061,0.065,0.264,0.072,"2007",FALSE,0,0,41,FALSE
"358","Nate Robinson","PG",0.524,"NYK",0.78,0.061,0.384,0.22,0.241,0.579,0.206,0.24,0.39,0.15,0.175,0.465,0.57,0.143,0.143,0.777,0.105,0.096,0.099,0.077,0.203,0.016,0.155,0.431,0.228,"2007",FALSE,0,0,33,FALSE
"359","Sergio Rodriguez","PG",0.476,"POR",0.817,0.012,0.244,0.098,0.11,0.564,0.06,0.096,0.282,0.08,0.087,0.5,0.526,0.028,0.027,0.808,0.038,0.071,0.059,0.187,0.142,0.005,0.166,0.194,0.087,"2007",FALSE,0,0,32,FALSE
"360","Rajon Rondo","PG",0.476,"BOS",0.951,0.305,0.518,0.182,0.207,0.557,0.015,0.033,0.207,0.189,0.237,0.432,0.471,0.157,0.189,0.647,0.141,0.216,0.191,0.255,0.52,0.021,0.295,0.488,0.177,"2007",FALSE,0,0,24,FALSE
"361","Jalen Rose","SF",0.81,"PHO",0.354,0,0.07,0.037,0.04,0.589,0.052,0.053,0.447,0.018,0.022,0.436,0.627,0.015,0.012,0.917,0.006,0.02,0.015,0.014,0.02,0.005,0.019,0.059,0.038,"2007",FALSE,0,0,61,FALSE
"362","Malik Rose","PF",0.762,"NYK",0.793,0.024,0.229,0.072,0.086,0.531,0.005,0.009,0.25,0.075,0.1,0.404,0.448,0.056,0.053,0.808,0.09,0.127,0.114,0.056,0.106,0.024,0.14,0.323,0.068,"2007",FALSE,0,0,33,FALSE
"363","Quinton Ross","SG",0.595,"LAC",0.988,0.524,0.481,0.171,0.174,0.623,0.005,0.011,0.2,0.182,0.208,0.474,0.522,0.09,0.09,0.782,0.115,0.129,0.124,0.074,0.285,0.085,0.071,0.482,0.15,"2007",FALSE,0,0,40,FALSE
"364","Brandon Roy","SG",0.524,"POR",0.695,0.671,0.57,0.338,0.352,0.608,0.137,0.165,0.377,0.306,0.349,0.475,0.547,0.267,0.248,0.838,0.111,0.191,0.163,0.198,0.272,0.027,0.25,0.375,0.337,"2007",FALSE,0,0,32,FALSE
"366","John Salmons","SG",0.643,"SAC",0.963,0.232,0.604,0.228,0.238,0.608,0.1,0.126,0.357,0.204,0.228,0.484,0.55,0.21,0.21,0.779,0.09,0.215,0.173,0.218,0.297,0.072,0.256,0.477,0.237,"2007",FALSE,0,0,33,FALSE
"367","Jamal Sampson","C",0.548,"DEN",0.268,0.037,0.035,0.009,0.006,0.857,0,0.001,0,0.009,0.007,0.692,0.714,0.008,0.014,0.429,0.029,0.033,0.031,0.004,0.008,0.019,0.022,0.046,0.008,"2007",FALSE,0,0,45,FALSE
"368","Brian Scalabrine","PF",0.667,"BOS",0.659,0.207,0.291,0.074,0.088,0.537,0.109,0.124,0.4,0.034,0.046,0.407,0.576,0.024,0.024,0.783,0.046,0.08,0.069,0.051,0.093,0.048,0.095,0.35,0.076,"2007",FALSE,0,0,24,FALSE
"370","Thabo Sefolosha","SG",0.524,"CHI",0.866,0.049,0.246,0.105,0.118,0.568,0.037,0.047,0.357,0.098,0.121,0.439,0.506,0.03,0.046,0.511,0.067,0.117,0.1,0.052,0.134,0.029,0.129,0.27,0.09,"2007",FALSE,0,0,49,FALSE
"374","James Singleton","PF",0.595,"LAC",0.646,0,0.106,0.029,0.038,0.488,0.007,0.016,0.214,0.028,0.038,0.397,0.427,0.029,0.03,0.759,0.069,0.07,0.069,0.015,0.061,0.045,0.037,0.121,0.03,"2007",FALSE,0,0,40,FALSE
"376","Uros Slokar","C",0.548,"TOR",0.244,0,0.02,0.014,0.012,0.717,0.002,0.002,0.5,0.014,0.014,0.542,0.62,0.012,0.013,0.692,0.013,0.007,0.009,0.001,0.004,0.005,0.019,0.03,0.013,"2007",FALSE,0,0,47,FALSE
"377","Craig Smith","PF",0.548,"MIN",1,0.061,0.435,0.238,0.213,0.708,0,0.007,0,0.256,0.258,0.538,0.59,0.153,0.191,0.624,0.285,0.265,0.272,0.042,0.207,0.048,0.159,0.601,0.215,"2007",FALSE,0,0,32,FALSE
"378","J.R. Smith","SG",0.5,"DEN",0.768,0.293,0.416,0.275,0.296,0.588,0.371,0.431,0.39,0.14,0.148,0.515,0.619,0.135,0.13,0.81,0.057,0.112,0.093,0.078,0.199,0.024,0.183,0.396,0.289,"2007",FALSE,0,0,45,FALSE
"380","Josh Smith","SF",0.5,"ATL",0.878,0.878,0.749,0.422,0.457,0.585,0.095,0.172,0.25,0.414,0.474,0.473,0.509,0.354,0.398,0.693,0.315,0.453,0.406,0.203,0.411,0.551,0.489,0.65,0.416,"2007",FALSE,0,0,30,FALSE
"382","Eric Snow","PG",0.786,"CLE",1,0.549,0.546,0.131,0.149,0.556,0,0.005,0,0.14,0.18,0.422,0.463,0.095,0.116,0.637,0.067,0.152,0.123,0.284,0.224,0.043,0.239,0.499,0.121,"2007",FALSE,0,0,50,FALSE
"383","Kirk Snyder","SF",0.548,"HOU",0.476,0.012,0.159,0.064,0.067,0.603,0.027,0.05,0.25,0.057,0.058,0.539,0.544,0.065,0.077,0.653,0.033,0.066,0.054,0.034,0.045,0.032,0.056,0.137,0.068,"2007",FALSE,0,0,52,FALSE
"384","Darius Songaila","PF",0.667,"WAS",0.451,0.012,0.198,0.114,0.104,0.699,0,0.002,0,0.123,0.126,0.529,0.582,0.061,0.056,0.852,0.084,0.089,0.088,0.033,0.069,0.027,0.093,0.283,0.1,"2007",FALSE,0,0,41,FALSE
"386","Vassilis Spanoulis","SG",0.571,"HOU",0.378,0,0.077,0.022,0.033,0.425,0.012,0.033,0.172,0.019,0.024,0.419,0.393,0.045,0.043,0.81,0.01,0.017,0.014,0.024,0.028,0.003,0.062,0.089,0.03,"2007",FALSE,0,0,52,FALSE
"387","Jerry Stackhouse","SF",0.762,"DAL",0.817,0.098,0.457,0.271,0.301,0.571,0.154,0.183,0.383,0.227,0.277,0.443,0.529,0.241,0.221,0.847,0.075,0.105,0.095,0.161,0.207,0.027,0.252,0.21,0.284,"2007",FALSE,0,0,67,FALSE
"388","DeShawn Stevenson","SG",0.595,"WAS",1,1,0.685,0.336,0.347,0.615,0.184,0.207,0.404,0.284,0.321,0.479,0.567,0.201,0.222,0.704,0.105,0.16,0.141,0.187,0.264,0.051,0.256,0.418,0.325,"2007",FALSE,0,0,41,FALSE
"389","Peja Stojakovic","SF",0.69,"NOK",0.159,0.159,0.12,0.08,0.09,0.564,0.085,0.095,0.405,0.051,0.063,0.438,0.567,0.041,0.039,0.816,0.021,0.043,0.035,0.009,0.033,0.011,0.041,0.078,0.082,"2007",FALSE,0,0,39,FALSE
"390","Damon Stoudamire","PG",0.786,"MEM",0.756,0.622,0.425,0.165,0.201,0.521,0.147,0.198,0.337,0.117,0.148,0.427,0.51,0.087,0.085,0.795,0.059,0.107,0.091,0.257,0.191,0.005,0.218,0.256,0.165,"2007",FALSE,0,0,22,FALSE
"391","Salim Stoudamire","SG",0.571,"ATL",0.744,0,0.293,0.171,0.196,0.555,0.139,0.175,0.361,0.126,0.152,0.448,0.536,0.081,0.07,0.897,0.011,0.068,0.048,0.052,0.085,0.005,0.119,0.237,0.166,"2007",FALSE,0,0,30,FALSE
"392","Amar'e Stoudemire","C",0.571,"PHO",1,0.951,0.761,0.587,0.486,0.767,0,0.003,0,0.632,0.593,0.577,0.639,0.604,0.602,0.781,0.424,0.56,0.514,0.072,0.317,0.293,0.5,0.795,0.59,"2007",FALSE,0,0.002,61,TRUE
"394","Stromile Swift","C",0.643,"MEM",0.659,0.22,0.291,0.156,0.159,0.62,0,0.006,0,0.168,0.192,0.472,0.517,0.128,0.138,0.724,0.163,0.164,0.163,0.015,0.122,0.165,0.149,0.394,0.148,"2007",FALSE,0,0,22,FALSE
"395","Wally Szczerbiak","SF",0.69,"BOS",0.39,0.232,0.255,0.156,0.179,0.553,0.109,0.12,0.415,0.122,0.159,0.415,0.524,0.149,0.13,0.897,0.031,0.081,0.064,0.047,0.073,0.008,0.116,0.175,0.169,"2007",FALSE,0,0,24,FALSE
"396","Donell Taylor","SG",0.571,"WAS",0.573,0.012,0.104,0.054,0.064,0.533,0.007,0.019,0.176,0.055,0.069,0.431,0.457,0.015,0.022,0.524,0.027,0.039,0.035,0.039,0.069,0.008,0.054,0.092,0.044,"2007",FALSE,0,0,41,FALSE
"398","Sebastian Telfair","PG",0.5,"BOS",0.951,0.366,0.447,0.17,0.218,0.495,0.092,0.144,0.289,0.145,0.195,0.402,0.456,0.119,0.113,0.818,0.033,0.09,0.071,0.187,0.175,0.029,0.211,0.447,0.169,"2007",FALSE,0,0,24,FALSE
"399","Jason Terry","SG",0.69,"DAL",0.988,0.976,0.806,0.497,0.489,0.645,0.403,0.418,0.438,0.366,0.391,0.508,0.622,0.212,0.205,0.804,0.078,0.189,0.151,0.363,0.329,0.045,0.328,0.458,0.477,"2007",FALSE,0,0,67,FALSE
"401","Kenny Thomas","PF",0.69,"SAC",0.756,0.646,0.4,0.141,0.139,0.643,0,0.001,0,0.152,0.17,0.483,0.536,0.052,0.078,0.513,0.256,0.241,0.246,0.065,0.175,0.043,0.194,0.38,0.117,"2007",FALSE,0,0,33,FALSE
"402","Kurt Thomas","C",0.81,"PHO",0.817,0.159,0.342,0.122,0.119,0.648,0,0.001,0,0.131,0.146,0.488,0.54,0.074,0.073,0.789,0.164,0.291,0.248,0.021,0.098,0.077,0.075,0.42,0.109,"2007",FALSE,0,0,61,FALSE
"403","Tim Thomas","PF",0.69,"LAC",0.927,0.293,0.581,0.289,0.333,0.552,0.338,0.402,0.382,0.17,0.207,0.444,0.564,0.135,0.148,0.708,0.12,0.313,0.247,0.147,0.224,0.074,0.228,0.615,0.295,"2007",FALSE,0,0,40,FALSE
"404","Tyrus Thomas","PF",0.476,"CHI",0.878,0.049,0.273,0.13,0.13,0.633,0,0.002,0,0.139,0.158,0.479,0.528,0.14,0.18,0.606,0.17,0.179,0.176,0.034,0.187,0.202,0.203,0.437,0.132,"2007",FALSE,0,0,49,FALSE
"405","Dijon Thompson","SF",0.548,"ATL",0.073,0,0.014,0.006,0.007,0.533,0,0.002,0,0.006,0.007,0.462,0.444,0.007,0.006,0.833,0.006,0.005,0.005,0.002,0,0,0.002,0.005,0.006,"2007",FALSE,0,0,30,FALSE
"406","Jamaal Tinsley","PG",0.667,"IND",0.878,0.878,0.635,0.335,0.409,0.519,0.152,0.218,0.316,0.297,0.393,0.409,0.471,0.228,0.246,0.72,0.115,0.179,0.157,0.424,0.476,0.066,0.431,0.512,0.327,"2007",FALSE,0,0,35,FALSE
"409","Ronny Turiaf","C",0.571,"LAL",0.878,0.012,0.308,0.142,0.123,0.732,0,0.001,0,0.153,0.151,0.551,0.61,0.118,0.138,0.664,0.168,0.17,0.169,0.054,0.069,0.207,0.112,0.544,0.135,"2007",FALSE,0,0,42,FALSE
"410","Hedo Turkoglu","SF",0.643,"ORL",0.89,0.89,0.642,0.334,0.379,0.559,0.271,0.317,0.388,0.246,0.306,0.435,0.539,0.226,0.225,0.781,0.109,0.234,0.192,0.2,0.285,0.043,0.308,0.596,0.343,"2007",FALSE,0,0,40,FALSE
"411","Ime Udoka","SF",0.69,"POR",0.915,0.915,0.607,0.229,0.237,0.615,0.221,0.247,0.406,0.154,0.166,0.502,0.609,0.087,0.092,0.742,0.182,0.183,0.182,0.096,0.289,0.045,0.157,0.558,0.222,"2007",FALSE,0,0,32,FALSE
"412","Beno Udrih","PG",0.571,"SAS",0.89,0.012,0.268,0.123,0.158,0.492,0.082,0.13,0.287,0.098,0.129,0.41,0.463,0.07,0.062,0.883,0.021,0.071,0.054,0.105,0.11,0.003,0.121,0.189,0.12,"2007",FALSE,0,0,58,FALSE
"413","Anderson Varejao","C",0.571,"CLE",0.988,0.073,0.547,0.185,0.185,0.635,0,0.01,0,0.199,0.221,0.487,0.529,0.218,0.276,0.616,0.365,0.352,0.356,0.064,0.309,0.138,0.144,0.725,0.193,"2007",FALSE,0,0,50,FALSE
"414","Jacque Vaughn","PG",0.738,"SAS",0.78,0.049,0.215,0.069,0.077,0.567,0.002,0.002,0.5,0.073,0.093,0.424,0.476,0.065,0.067,0.754,0.015,0.06,0.044,0.113,0.098,0.005,0.086,0.199,0.068,"2007",FALSE,0,0,58,FALSE
"415","Charlie Villanueva","PF",0.524,"MIL",0.476,0.207,0.279,0.174,0.176,0.627,0.072,0.097,0.337,0.157,0.168,0.508,0.564,0.097,0.092,0.82,0.119,0.165,0.149,0.031,0.098,0.032,0.116,0.291,0.163,"2007",FALSE,0,0,28,FALSE
"416","Marcus Vinicius","SF",0.524,"NOK",0.159,0,0.029,0.007,0.007,0.623,0.007,0.008,0.429,0.004,0.005,0.5,0.63,0.007,0.007,0.714,0.004,0.009,0.007,0.004,0.008,0.003,0.013,0.027,0.008,"2007",FALSE,0,0,39,FALSE
"418","Sasha Vujacic","SG",0.524,"LAL",0.89,0.049,0.265,0.102,0.123,0.523,0.149,0.182,0.373,0.047,0.06,0.421,0.56,0.057,0.05,0.878,0.054,0.078,0.07,0.055,0.167,0.003,0.065,0.278,0.111,"2007",FALSE,0,0,42,FALSE
"419","Dwyane Wade","SG",0.595,"MIA",0.622,0.61,0.547,0.456,0.443,0.655,0.052,0.089,0.266,0.469,0.498,0.511,0.558,0.571,0.55,0.807,0.098,0.187,0.156,0.33,0.435,0.165,0.466,0.315,0.493,"2007",FALSE,0,0.002,44,TRUE
"422","Antoine Walker","PF",0.714,"MIA",0.951,0.183,0.515,0.256,0.307,0.529,0.209,0.344,0.275,0.188,0.205,0.499,0.511,0.061,0.108,0.438,0.176,0.245,0.222,0.112,0.195,0.045,0.304,0.466,0.233,"2007",FALSE,0,0,44,FALSE
"423","Ben Wallace","C",0.762,"CHI",0.939,0.939,0.763,0.186,0.195,0.604,0.002,0.006,0.2,0.199,0.236,0.456,0.504,0.144,0.275,0.408,0.579,0.514,0.537,0.16,0.451,0.415,0.218,0.412,0.174,"2007",FALSE,0,0,49,FALSE
"424","Gerald Wallace","SF",0.571,"CHA",0.878,0.866,0.747,0.462,0.438,0.669,0.097,0.135,0.325,0.457,0.469,0.528,0.581,0.409,0.46,0.691,0.272,0.373,0.339,0.159,0.585,0.184,0.345,0.563,0.46,"2007",FALSE,0,0,33,FALSE
"425","Rasheed Wallace","C",0.762,"DET",0.915,0.878,0.685,0.345,0.388,0.564,0.259,0.334,0.351,0.263,0.309,0.463,0.539,0.143,0.141,0.788,0.172,0.45,0.355,0.109,0.305,0.314,0.203,0.606,0.327,"2007",FALSE,0,0,53,FALSE
"426","Luke Walton","SF",0.619,"LAL",0.732,0.732,0.561,0.255,0.256,0.632,0.119,0.14,0.387,0.225,0.244,0.499,0.574,0.143,0.149,0.745,0.166,0.214,0.197,0.221,0.244,0.056,0.254,0.315,0.242,"2007",FALSE,0,0,42,FALSE
"427","Hakim Warrick","PF",0.571,"MEM",1,0.524,0.609,0.361,0.328,0.699,0,0.009,0,0.388,0.397,0.53,0.582,0.396,0.399,0.771,0.249,0.288,0.275,0.064,0.175,0.08,0.347,0.625,0.369,"2007",FALSE,0,0,22,FALSE
"428","Earl Watson","PG",0.643,"SEA",0.939,0.305,0.609,0.254,0.316,0.511,0.229,0.316,0.329,0.178,0.23,0.42,0.5,0.143,0.151,0.735,0.065,0.15,0.121,0.375,0.402,0.061,0.36,0.41,0.256,"2007",FALSE,0,0,31,FALSE
"430","Martell Webster","SF",0.476,"POR",1,0.329,0.498,0.189,0.226,0.528,0.226,0.282,0.364,0.108,0.136,0.43,0.543,0.123,0.136,0.705,0.082,0.196,0.157,0.045,0.142,0.051,0.164,0.34,0.203,"2007",FALSE,0,0,32,FALSE
"431","Bonzi Wells","SF",0.714,"HOU",0.341,0.012,0.167,0.082,0.095,0.548,0.002,0.008,0.143,0.087,0.113,0.42,0.459,0.061,0.084,0.561,0.05,0.093,0.078,0.027,0.098,0.035,0.123,0.167,0.077,"2007",FALSE,0,0,52,FALSE
"432","David Wesley","SG",0.857,"CLE",0.427,0.061,0.1,0.021,0.035,0.391,0.022,0.043,0.237,0.014,0.021,0.351,0.392,0.026,0.029,0.714,0.006,0.032,0.023,0.032,0.049,0.011,0.037,0.086,0.026,"2007",FALSE,0,0,50,FALSE
"433","David West","PF",0.619,"NOK",0.634,0.634,0.538,0.365,0.364,0.635,0.02,0.028,0.32,0.384,0.433,0.481,0.534,0.247,0.234,0.824,0.241,0.296,0.277,0.098,0.171,0.101,0.211,0.385,0.335,"2007",FALSE,0,0,39,FALSE
"434","Delonte West","SG",0.548,"BOS",0.841,0.573,0.628,0.296,0.33,0.569,0.162,0.201,0.365,0.251,0.304,0.447,0.524,0.222,0.203,0.853,0.061,0.175,0.136,0.261,0.301,0.09,0.302,0.41,0.298,"2007",FALSE,0,0,24,FALSE
"435","James White","SG",0.571,"SAS",0.073,0.024,0.039,0.017,0.019,0.585,0.005,0.008,0.286,0.017,0.019,0.471,0.514,0.016,0.015,0.8,0.006,0.017,0.013,0.004,0.012,0.003,0.011,0.019,0.018,"2007",FALSE,0,0,58,FALSE
"436","Chris Wilcox","PF",0.571,"SEA",1,0.988,0.732,0.419,0.377,0.705,0,0.007,0,0.451,0.459,0.533,0.588,0.317,0.361,0.684,0.34,0.448,0.411,0.07,0.285,0.101,0.274,0.668,0.391,"2007",FALSE,0,0,31,FALSE
"437","Damien Wilkins","SF",0.643,"SEA",1,0.378,0.577,0.253,0.277,0.58,0.124,0.138,0.41,0.221,0.271,0.442,0.53,0.198,0.175,0.882,0.166,0.141,0.15,0.134,0.374,0.043,0.25,0.423,0.256,"2007",FALSE,0,0,31,FALSE
"438","Mike Wilks","PG",0.643,"SEA",0.573,0.049,0.151,0.064,0.065,0.624,0.012,0.017,0.333,0.063,0.071,0.484,0.54,0.044,0.043,0.786,0.029,0.039,0.035,0.068,0.061,0.011,0.067,0.143,0.06,"2007",FALSE,0,0,31,FALSE
"439","Aaron Williams","PF",0.833,"LAC",0.463,0.085,0.106,0.028,0.024,0.729,0,0.001,0,0.03,0.029,0.558,0.608,0.024,0.023,0.818,0.052,0.058,0.056,0.006,0.028,0.037,0.039,0.151,0.027,"2007",FALSE,0,0,40,FALSE
"440","Alvin Williams","PG",0.762,"LAC",0.024,0,0.003,0,0.001,0,0,0.001,0,0,0.001,0,0,0.003,0.004,0.5,0.002,0,0.001,0.003,0.008,0,0.006,0,0.001,"2007",FALSE,0,0,40,FALSE
"441","Deron Williams","PG",0.524,"UTA",0.976,0.976,0.835,0.478,0.498,0.608,0.204,0.288,0.322,0.429,0.467,0.498,0.549,0.3,0.305,0.767,0.078,0.224,0.175,0.64,0.317,0.035,0.53,0.685,0.458,"2007",FALSE,0,0,51,FALSE
"443","Jason Williams","PG",0.738,"MIA",0.744,0.671,0.528,0.227,0.262,0.551,0.249,0.333,0.339,0.14,0.155,0.493,0.557,0.124,0.106,0.913,0.034,0.122,0.092,0.277,0.236,0.003,0.216,0.183,0.234,"2007",FALSE,0,0,44,FALSE
"444","Justin Williams","C",0.524,"SAC",0.317,0.012,0.094,0.052,0.04,0.819,0,0.001,0,0.056,0.049,0.621,0.682,0.03,0.065,0.365,0.098,0.064,0.075,0.002,0.02,0.043,0.032,0.137,0.046,"2007",FALSE,0,0,33,FALSE
"445","Lou Williams","PG",0.476,"PHI",0.744,0,0.195,0.09,0.097,0.588,0.03,0.042,0.324,0.084,0.098,0.466,0.521,0.085,0.095,0.696,0.033,0.053,0.046,0.095,0.089,0.003,0.099,0.113,0.093,"2007",FALSE,0,0,35,FALSE
"446","Marcus Williams","PG",0.5,"NJN",0.963,0.024,0.372,0.201,0.242,0.527,0.114,0.184,0.282,0.169,0.205,0.446,0.488,0.095,0.087,0.847,0.055,0.133,0.107,0.223,0.118,0.005,0.306,0.259,0.189,"2007",FALSE,0,0,41,FALSE
"447","Marvin Williams","PF",0.476,"ATL",0.78,0.768,0.617,0.296,0.325,0.577,0.027,0.051,0.244,0.307,0.373,0.446,0.49,0.286,0.273,0.815,0.161,0.251,0.22,0.104,0.211,0.08,0.274,0.515,0.296,"2007",FALSE,0,0,30,FALSE
"448","Mo Williams","PG",0.571,"MIL",0.829,0.829,0.7,0.453,0.483,0.595,0.197,0.257,0.346,0.405,0.463,0.474,0.538,0.21,0.191,0.855,0.103,0.273,0.215,0.357,0.346,0.016,0.438,0.542,0.415,"2007",FALSE,0,0,28,FALSE
"449","Shammond Williams","PG",0.738,"LAL",0.366,0,0.098,0.034,0.04,0.543,0.05,0.056,0.4,0.016,0.02,0.417,0.581,0.005,0.006,0.667,0.021,0.029,0.026,0.027,0.049,0,0.028,0.054,0.033,"2007",FALSE,0,0,42,FALSE
"450","Shawne Williams","SG",0.476,"IND",0.561,0.037,0.157,0.073,0.074,0.625,0.047,0.059,0.365,0.058,0.061,0.519,0.587,0.015,0.021,0.55,0.063,0.05,0.054,0.019,0.024,0.021,0.052,0.186,0.064,"2007",FALSE,0,0,35,FALSE
"451","Shelden Williams","PF",0.548,"ATL",0.988,0.378,0.429,0.161,0.168,0.607,0.005,0.005,0.5,0.171,0.204,0.454,0.509,0.146,0.148,0.764,0.25,0.302,0.284,0.038,0.211,0.104,0.207,0.536,0.157,"2007",FALSE,0,0,30,FALSE
"452","Corliss Williamson","PF",0.786,"SAC",0.829,0.012,0.378,0.228,0.213,0.68,0,0.002,0,0.246,0.26,0.512,0.567,0.196,0.213,0.715,0.12,0.157,0.144,0.034,0.118,0.04,0.209,0.493,0.219,"2007",FALSE,0,0,33,FALSE
"454","Metta World Peace","SF",0.643,"SAC",0.854,0.793,0.748,0.443,0.479,0.587,0.231,0.293,0.358,0.38,0.44,0.468,0.539,0.406,0.427,0.74,0.195,0.35,0.297,0.202,0.606,0.114,0.315,0.553,0.465,"2007",FALSE,0,0,33,FALSE
"455","Antoine Wright","SG",0.524,"NJN",0.768,0.28,0.322,0.106,0.116,0.584,0.047,0.067,0.322,0.095,0.108,0.474,0.529,0.058,0.075,0.603,0.073,0.136,0.114,0.047,0.122,0.027,0.093,0.323,0.1,"2007",FALSE,0,0,41,FALSE
"456","Bracey Wright","SG",0.524,"MIN",0.232,0,0.054,0.023,0.028,0.533,0.015,0.023,0.3,0.019,0.023,0.45,0.5,0.017,0.019,0.722,0.013,0.014,0.014,0.013,0.037,0.003,0.013,0.016,0.024,"2007",FALSE,0,0,32,FALSE
"457","Dorell Wright","SF",0.5,"MIA",0.805,0.232,0.366,0.157,0.168,0.593,0.012,0.038,0.147,0.163,0.186,0.476,0.502,0.085,0.088,0.744,0.076,0.23,0.178,0.082,0.167,0.122,0.14,0.302,0.139,"2007",FALSE,0,0,44,FALSE
"  2","Arron Afflalo","SG",0.524,"DET",0.915,0.11,0.275,0.096,0.111,0.548,0.025,0.054,0.208,0.093,0.109,0.461,0.48,0.09,0.09,0.782,0.069,0.1,0.09,0.045,0.126,0.021,0.073,0.224,0.097,"2008",FALSE,0,0,59,FALSE
"  4","Blake Ahearn","PG",0.548,"MIA",0.146,0,0.05,0.015,0.026,0.351,0.025,0.038,0.294,0.005,0.013,0.217,0.39,0.04,0.032,0.968,0.002,0.018,0.012,0.016,0.024,0,0.034,0.054,0.025,"2008",FALSE,0,0,15,FALSE
"  5","LaMarcus Aldridge","PF",0.524,"POR",0.927,0.927,0.75,0.543,0.534,0.645,0.002,0.008,0.143,0.583,0.65,0.486,0.538,0.3,0.307,0.762,0.421,0.356,0.378,0.105,0.224,0.25,0.272,0.647,0.477,"2008",FALSE,0,0,41,FALSE
"  7","Ray Allen","SG",0.762,"BOS",0.89,0.89,0.743,0.425,0.454,0.593,0.448,0.51,0.398,0.27,0.301,0.485,0.597,0.284,0.244,0.907,0.143,0.192,0.175,0.193,0.264,0.043,0.274,0.396,0.45,"2008",FALSE,0,0,66,FALSE
"  8","Tony Allen","SG",0.619,"BOS",0.915,0.134,0.389,0.163,0.179,0.579,0.045,0.064,0.316,0.157,0.187,0.455,0.509,0.183,0.186,0.762,0.065,0.133,0.11,0.098,0.252,0.056,0.235,0.453,0.174,"2008",FALSE,0,0,66,FALSE
" 10","Morris Almond","SG",0.524,"UTA",0.11,0,0.011,0.004,0.007,0.356,0.002,0.005,0.25,0.003,0.006,0.273,0.333,0.005,0.006,0.667,0,0.002,0.001,0.003,0.004,0,0.004,0.013,0.005,"2008",FALSE,0,0,54,FALSE
" 11","Rafer Alston","PG",0.738,"HOU",0.902,0.902,0.715,0.352,0.425,0.525,0.356,0.459,0.351,0.23,0.292,0.427,0.523,0.13,0.141,0.715,0.054,0.23,0.17,0.337,0.398,0.048,0.345,0.375,0.342,"2008",FALSE,0,0,55,FALSE
" 14","Derek Anderson","SG",0.786,"CHA",0.341,0,0.112,0.045,0.058,0.501,0.047,0.059,0.365,0.029,0.041,0.384,0.502,0.037,0.039,0.737,0.017,0.043,0.034,0.038,0.049,0.003,0.054,0.132,0.05,"2008",FALSE,0,0,32,FALSE
" 15","Carmelo Anthony","SF",0.548,"DEN",0.939,0.939,0.794,0.704,0.682,0.656,0.144,0.185,0.354,0.697,0.743,0.509,0.568,0.614,0.607,0.786,0.34,0.39,0.373,0.223,0.398,0.104,0.545,0.682,0.698,"2008",FALSE,0,0.002,50,TRUE
" 17","Gilbert Arenas","PG",0.619,"WAS",0.159,0.098,0.12,0.075,0.09,0.531,0.055,0.088,0.282,0.058,0.067,0.475,0.504,0.098,0.099,0.771,0.011,0.045,0.033,0.057,0.093,0.003,0.106,0.081,0.089,"2008",FALSE,0,0,43,FALSE
" 19","Darrell Armstrong","PG",0.929,"NJN",0.61,0.024,0.155,0.039,0.051,0.485,0.057,0.078,0.333,0.018,0.023,0.415,0.52,0.026,0.031,0.667,0.033,0.05,0.044,0.063,0.114,0.005,0.088,0.143,0.043,"2008",FALSE,0,0,34,FALSE
" 21","Carlos Arroyo","PG",0.667,"ORL",0.756,0.244,0.359,0.152,0.16,0.601,0.072,0.095,0.345,0.133,0.149,0.485,0.548,0.115,0.105,0.853,0.019,0.102,0.074,0.188,0.106,0.005,0.166,0.229,0.152,"2008",FALSE,0,0,52,FALSE
" 22","Chucky Atkins","SG",0.786,"DEN",0.293,0,0.1,0.041,0.056,0.459,0.062,0.089,0.316,0.018,0.024,0.395,0.497,0.005,0.009,0.444,0.006,0.028,0.02,0.04,0.037,0.003,0.022,0.073,0.04,"2008",FALSE,0,0,50,FALSE
" 24","Kelenna Azubuike","SG",0.571,"GSW",0.988,0.207,0.49,0.252,0.27,0.593,0.177,0.22,0.364,0.198,0.221,0.485,0.561,0.131,0.142,0.717,0.205,0.215,0.212,0.064,0.183,0.09,0.125,0.429,0.244,"2008",FALSE,0,0,48,FALSE
" 25","Renaldo Balkman","SF",0.548,"NYK",0.793,0,0.269,0.088,0.086,0.652,0.002,0.014,0.083,0.094,0.098,0.517,0.547,0.054,0.098,0.432,0.159,0.132,0.141,0.034,0.179,0.08,0.08,0.356,0.079,"2008",FALSE,0,0,23,FALSE
" 27","Leandro Barbosa","SG",0.595,"PHO",1,0.146,0.685,0.456,0.47,0.616,0.408,0.476,0.389,0.32,0.338,0.514,0.603,0.231,0.219,0.822,0.076,0.19,0.151,0.186,0.305,0.048,0.252,0.526,0.453,"2008",FALSE,0,0,55,FALSE
" 28","J.J. Barea","PG",0.548,"DAL",0.537,0.11,0.13,0.069,0.078,0.557,0.052,0.061,0.389,0.052,0.065,0.431,0.532,0.037,0.036,0.8,0.008,0.043,0.031,0.05,0.057,0.003,0.075,0.129,0.067,"2008",FALSE,0,0,51,FALSE
" 29","Andrea Bargnani","PF",0.524,"TOR",0.951,0.646,0.527,0.271,0.334,0.515,0.224,0.295,0.345,0.198,0.262,0.409,0.498,0.188,0.174,0.84,0.096,0.236,0.188,0.076,0.093,0.098,0.19,0.569,0.28,"2008",FALSE,0,0,41,FALSE
" 30","Matt Barnes","PF",0.643,"GSW",0.89,0.22,0.4,0.181,0.203,0.564,0.132,0.204,0.293,0.139,0.147,0.513,0.537,0.078,0.081,0.747,0.18,0.228,0.212,0.119,0.195,0.096,0.183,0.429,0.172,"2008",FALSE,0,0,48,FALSE
" 31","Andre Barrett","PG",0.595,"LAC",0.049,0,0.007,0.002,0.002,0.533,0.002,0.003,0.333,0.001,0.001,0.5,0.556,0.001,0.002,0.5,0,0.001,0.001,0.006,0,0,0.002,0.003,0.002,"2008",FALSE,0,0,23,FALSE
" 32","Earl Barron","C",0.619,"MIA",0.561,0.183,0.252,0.128,0.15,0.539,0.002,0.015,0.077,0.136,0.177,0.417,0.45,0.081,0.09,0.701,0.128,0.13,0.129,0.025,0.077,0.021,0.103,0.307,0.115,"2008",FALSE,0,0,15,FALSE
" 33","Brent Barry","SF",0.857,"SAS",0.378,0.012,0.157,0.074,0.074,0.641,0.119,0.126,0.429,0.03,0.027,0.604,0.701,0.025,0.021,0.95,0.023,0.043,0.036,0.046,0.069,0.008,0.039,0.116,0.078,"2008",FALSE,0,0,56,FALSE
" 34","Brandon Bass","C",0.524,"DAL",0.963,0.012,0.441,0.238,0.227,0.665,0,0.005,0,0.256,0.276,0.503,0.554,0.214,0.203,0.822,0.229,0.225,0.227,0.05,0.089,0.128,0.177,0.404,0.231,"2008",FALSE,0,0,51,FALSE
" 36","Shane Battier","SF",0.69,"HOU",0.976,0.951,0.823,0.256,0.285,0.571,0.346,0.416,0.377,0.131,0.141,0.504,0.6,0.099,0.104,0.743,0.25,0.274,0.266,0.133,0.313,0.239,0.168,0.528,0.263,"2008",FALSE,0,0,55,FALSE
" 37","Marco Belinelli","SG",0.5,"GSW",0.402,0,0.068,0.035,0.043,0.516,0.04,0.046,0.39,0.021,0.029,0.385,0.526,0.009,0.009,0.778,0.006,0.011,0.009,0.013,0.02,0,0.026,0.04,0.034,"2008",FALSE,0,0,48,FALSE
" 38","Charlie Bell","SG",0.667,"MIL",0.829,0.061,0.461,0.179,0.224,0.508,0.184,0.245,0.341,0.116,0.152,0.413,0.508,0.093,0.09,0.805,0.059,0.135,0.109,0.18,0.211,0.005,0.164,0.326,0.181,"2008",FALSE,0,0,26,FALSE
" 39","Raja Bell","SG",0.738,"PHO",0.915,0.915,0.749,0.307,0.347,0.561,0.438,0.495,0.401,0.147,0.177,0.449,0.598,0.104,0.094,0.868,0.09,0.225,0.179,0.144,0.22,0.072,0.14,0.593,0.314,"2008",FALSE,0,0,55,FALSE
" 42","Chauncey Billups","PG",0.738,"DET",0.951,0.951,0.714,0.38,0.404,0.597,0.341,0.386,0.401,0.266,0.302,0.479,0.584,0.53,0.45,0.918,0.08,0.169,0.139,0.454,0.411,0.045,0.345,0.35,0.468,"2008",FALSE,0,0,59,FALSE
" 43","Steve Blake","PG",0.643,"POR",0.988,0.951,0.686,0.252,0.295,0.544,0.301,0.336,0.406,0.146,0.193,0.409,0.558,0.065,0.066,0.766,0.059,0.163,0.127,0.355,0.224,0.011,0.244,0.358,0.244,"2008",FALSE,0,0,41,FALSE
" 44","Andray Blatche","PF",0.5,"WAS",1,0.183,0.474,0.246,0.247,0.632,0.007,0.015,0.231,0.261,0.295,0.48,0.53,0.142,0.158,0.695,0.314,0.259,0.278,0.079,0.215,0.303,0.241,0.695,0.218,"2008",FALSE,0,0,43,FALSE
" 45","Mark Blount","C",0.762,"MIA",0.841,0.561,0.436,0.23,0.237,0.616,0.042,0.05,0.386,0.23,0.266,0.469,0.532,0.116,0.142,0.638,0.132,0.193,0.172,0.035,0.134,0.09,0.151,0.358,0.205,"2008",FALSE,0,0,15,FALSE
" 46","Keith Bogans","SG",0.643,"ORL",1,0.427,0.622,0.233,0.271,0.547,0.368,0.462,0.362,0.097,0.101,0.52,0.596,0.107,0.113,0.736,0.08,0.222,0.174,0.089,0.24,0.027,0.114,0.442,0.251,"2008",FALSE,0,0,52,FALSE
" 47","Andrew Bogut","C",0.548,"MIL",0.951,0.951,0.77,0.45,0.419,0.681,0,0.008,0,0.484,0.509,0.515,0.568,0.25,0.331,0.587,0.468,0.514,0.499,0.171,0.26,0.359,0.371,0.685,0.395,"2008",FALSE,0,0,26,FALSE
" 48","Matt Bonner","PF",0.643,"SAS",0.829,0.037,0.241,0.117,0.134,0.555,0.114,0.155,0.336,0.078,0.087,0.487,0.55,0.05,0.045,0.864,0.101,0.138,0.125,0.027,0.057,0.045,0.084,0.299,0.115,"2008",FALSE,0,0,56,FALSE
" 51","Carlos Boozer","PF",0.619,"UTA",0.988,0.988,0.8,0.686,0.597,0.729,0,0.001,0,0.738,0.731,0.547,0.608,0.384,0.404,0.738,0.377,0.643,0.552,0.2,0.407,0.109,0.453,0.79,0.603,"2008",FALSE,0,0.001,54,TRUE
" 52","Chris Bosh","C",0.548,"TOR",0.817,0.817,0.686,0.49,0.473,0.659,0.025,0.028,0.4,0.517,0.565,0.496,0.554,0.624,0.575,0.844,0.333,0.406,0.381,0.147,0.256,0.178,0.33,0.423,0.528,"2008",FALSE,0,0,41,FALSE
" 53","Bruce Bowen","SF",0.857,"SAS",0.988,0.988,0.693,0.168,0.197,0.543,0.224,0.243,0.419,0.087,0.12,0.394,0.569,0.06,0.071,0.652,0.063,0.2,0.153,0.078,0.22,0.059,0.099,0.477,0.171,"2008",FALSE,0,0,56,FALSE
" 54","Ryan Bowen","SF",0.762,"NOH",0.646,0.049,0.187,0.047,0.046,0.653,0,0.001,0,0.051,0.056,0.495,0.544,0.021,0.03,0.552,0.105,0.045,0.065,0.021,0.13,0.029,0.032,0.208,0.04,"2008",FALSE,0,0,56,FALSE
" 55","Earl Boykins","PG",0.738,"CHA",0.439,0,0.163,0.059,0.079,0.473,0.035,0.05,0.318,0.049,0.072,0.367,0.439,0.065,0.061,0.831,0.017,0.025,0.022,0.082,0.053,0,0.088,0.057,0.065,"2008",FALSE,0,0,32,FALSE
" 57","Corey Brewer","SF",0.5,"MIN",0.963,0.427,0.51,0.176,0.224,0.499,0.017,0.041,0.194,0.182,0.254,0.389,0.424,0.116,0.113,0.8,0.157,0.209,0.191,0.095,0.309,0.066,0.192,0.507,0.162,"2008",FALSE,0,0,22,FALSE
" 58","Ronnie Brewer","SG",0.524,"UTA",0.927,0.927,0.591,0.342,0.292,0.744,0.027,0.056,0.22,0.357,0.329,0.587,0.63,0.258,0.264,0.759,0.185,0.12,0.142,0.115,0.524,0.051,0.149,0.296,0.323,"2008",FALSE,0,0,54,FALSE
" 60","Aaron Brooks","PG",0.548,"HOU",0.622,0,0.172,0.09,0.104,0.551,0.09,0.123,0.33,0.059,0.065,0.491,0.548,0.056,0.05,0.857,0.025,0.043,0.037,0.075,0.053,0.013,0.095,0.186,0.093,"2008",FALSE,0,0,55,FALSE
" 62","Devin Brown","SG",0.69,"CLE",0.951,0.244,0.499,0.21,0.244,0.545,0.112,0.165,0.308,0.179,0.217,0.447,0.501,0.142,0.146,0.754,0.124,0.197,0.172,0.15,0.211,0.019,0.213,0.388,0.207,"2008",FALSE,0,0,45,FALSE
" 64","P.J. Brown","PF",0.905,"BOS",0.22,0,0.059,0.014,0.019,0.455,0,0.001,0,0.015,0.023,0.35,0.379,0.015,0.016,0.688,0.055,0.039,0.044,0.009,0.02,0.021,0.022,0.078,0.014,"2008",FALSE,0,0,66,FALSE
" 66","Kobe Bryant","SG",0.69,"LAL",1,1,0.903,0.75,0.778,0.612,0.373,0.468,0.361,0.65,0.719,0.49,0.559,0.824,0.763,0.84,0.18,0.42,0.338,0.379,0.614,0.106,0.554,0.612,0.82,"2008",TRUE,82,0.873,57,TRUE
" 67","Greg Buckner","SG",0.738,"MIN",0.378,0.049,0.147,0.044,0.054,0.513,0.037,0.056,0.3,0.031,0.038,0.448,0.499,0.025,0.023,0.864,0.019,0.055,0.042,0.034,0.085,0.005,0.062,0.17,0.044,"2008",FALSE,0,0,22,FALSE
" 68","Caron Butler","SF",0.643,"WAS",0.707,0.707,0.655,0.425,0.434,0.621,0.164,0.209,0.357,0.388,0.428,0.492,0.557,0.312,0.27,0.901,0.178,0.293,0.254,0.244,0.52,0.053,0.323,0.431,0.417,"2008",FALSE,0,0,43,FALSE
" 69","Rasual Butler","SF",0.667,"NOH",0.622,0.098,0.248,0.088,0.12,0.467,0.109,0.15,0.331,0.049,0.072,0.37,0.483,0.034,0.032,0.839,0.031,0.083,0.065,0.031,0.061,0.056,0.022,0.178,0.089,"2008",FALSE,0,0,56,FALSE
" 71","Jose Calderon","PG",0.619,"TOR",1,0.683,0.703,0.355,0.325,0.692,0.197,0.208,0.429,0.3,0.295,0.551,0.639,0.144,0.123,0.908,0.065,0.201,0.154,0.582,0.354,0.016,0.272,0.361,0.326,"2008",FALSE,0,0,41,FALSE
" 72","Marcus Camby","C",0.786,"DEN",0.963,0.963,0.781,0.277,0.292,0.6,0.015,0.023,0.3,0.291,0.347,0.455,0.506,0.189,0.208,0.708,0.44,0.801,0.678,0.223,0.346,0.758,0.254,0.582,0.255,"2008",FALSE,0,0,50,FALSE
" 73","Brian Cardinal","PF",0.714,"MEM",0.451,0.012,0.125,0.042,0.058,0.455,0.062,0.091,0.309,0.019,0.025,0.4,0.489,0.017,0.02,0.684,0.05,0.07,0.063,0.019,0.041,0.005,0.05,0.167,0.044,"2008",FALSE,0,0,22,FALSE
" 74","Rodney Carney","SF",0.548,"PHI",0.854,0.073,0.294,0.153,0.18,0.537,0.095,0.135,0.317,0.125,0.153,0.441,0.502,0.073,0.083,0.679,0.096,0.098,0.097,0.027,0.159,0.061,0.073,0.259,0.144,"2008",FALSE,0,0,40,FALSE
" 75","Matt Carroll","SG",0.643,"CHA",0.976,0.22,0.571,0.244,0.271,0.571,0.261,0.272,0.436,0.153,0.196,0.422,0.574,0.147,0.142,0.804,0.063,0.192,0.148,0.063,0.187,0.051,0.125,0.504,0.254,"2008",FALSE,0,0,32,FALSE
" 76","Anthony Carter","PG",0.762,"DEN",0.854,0.817,0.555,0.211,0.219,0.611,0.112,0.146,0.349,0.18,0.196,0.499,0.561,0.085,0.087,0.753,0.052,0.172,0.131,0.333,0.435,0.074,0.267,0.464,0.192,"2008",FALSE,0,0,50,FALSE
" 77","Vince Carter","SG",0.738,"NJN",0.927,0.878,0.838,0.568,0.592,0.608,0.244,0.308,0.359,0.509,0.572,0.482,0.549,0.463,0.441,0.816,0.214,0.339,0.296,0.334,0.378,0.088,0.39,0.65,0.573,"2008",FALSE,0,0,34,FALSE
" 79","Tyson Chandler","C",0.595,"NOH",0.963,0.963,0.788,0.365,0.278,0.831,0,0.001,0,0.392,0.341,0.624,0.692,0.231,0.303,0.593,0.616,0.602,0.607,0.07,0.183,0.223,0.293,0.655,0.328,"2008",FALSE,0,0,56,FALSE
" 80","Wilson Chandler","SF",0.476,"NYK",0.427,0.195,0.194,0.103,0.111,0.584,0.022,0.034,0.3,0.101,0.12,0.458,0.508,0.045,0.056,0.63,0.073,0.088,0.083,0.028,0.061,0.043,0.058,0.224,0.09,"2008",FALSE,0,0,23,FALSE
" 81","Josh Childress","SF",0.571,"ATL",0.927,0,0.644,0.316,0.264,0.761,0.055,0.068,0.367,0.317,0.289,0.595,0.656,0.294,0.283,0.807,0.333,0.198,0.244,0.101,0.289,0.114,0.211,0.348,0.317,"2008",FALSE,0,0,37,FALSE
" 82","Jarron Collins","C",0.69,"UTA",0.854,0.11,0.199,0.035,0.038,0.585,0,0.001,0,0.037,0.046,0.444,0.488,0.061,0.076,0.622,0.076,0.075,0.076,0.032,0.041,0.016,0.047,0.286,0.042,"2008",FALSE,0,0,54,FALSE
" 84","Mardy Collins","SG",0.548,"NYK",0.561,0.098,0.179,0.055,0.081,0.435,0.02,0.036,0.25,0.051,0.081,0.343,0.388,0.03,0.039,0.605,0.036,0.056,0.049,0.076,0.098,0.021,0.121,0.151,0.051,"2008",FALSE,0,0,23,FALSE
" 85","Nick Collison","PF",0.643,"SEA",0.951,0.427,0.629,0.311,0.295,0.669,0,0.002,0,0.335,0.36,0.504,0.558,0.163,0.172,0.737,0.486,0.473,0.477,0.097,0.191,0.16,0.254,0.674,0.271,"2008",FALSE,0,0,20,FALSE
" 86","Mike Conley","PG",0.476,"MEM",0.646,0.561,0.391,0.183,0.203,0.571,0.075,0.103,0.33,0.165,0.198,0.453,0.513,0.119,0.127,0.732,0.04,0.117,0.091,0.191,0.179,0.005,0.192,0.229,0.176,"2008",FALSE,0,0,22,FALSE
" 88","Daequan Cook","SG",0.476,"MIA",0.72,0.232,0.408,0.19,0.237,0.508,0.197,0.269,0.332,0.122,0.156,0.424,0.509,0.062,0.059,0.825,0.038,0.156,0.116,0.064,0.093,0.024,0.136,0.423,0.183,"2008",FALSE,0,0,15,FALSE
" 89","Jamal Crawford","SG",0.643,"NYK",0.976,0.976,0.903,0.551,0.64,0.547,0.438,0.558,0.356,0.41,0.506,0.439,0.526,0.435,0.392,0.864,0.071,0.169,0.135,0.342,0.329,0.045,0.414,0.388,0.581,"2008",FALSE,0,0,23,FALSE
" 91","Austin Croshere","PF",0.762,"GSW",0.537,0,0.129,0.059,0.063,0.593,0.055,0.069,0.361,0.041,0.043,0.513,0.584,0.038,0.033,0.906,0.063,0.071,0.068,0.026,0.033,0.016,0.047,0.162,0.061,"2008",FALSE,0,0,48,FALSE
" 93","Samuel Dalembert","C",0.619,"PHI",1,1,0.771,0.328,0.304,0.684,0,0.001,0,0.353,0.372,0.514,0.57,0.246,0.271,0.707,0.581,0.541,0.555,0.039,0.163,0.511,0.334,0.725,0.305,"2008",FALSE,0,0,40,FALSE
" 95","Antonio Daniels","PG",0.762,"WAS",0.866,0.768,0.612,0.198,0.206,0.612,0.042,0.084,0.23,0.196,0.21,0.504,0.531,0.225,0.225,0.776,0.044,0.179,0.133,0.292,0.28,0.005,0.196,0.21,0.211,"2008",FALSE,0,0,43,FALSE
" 96","Marquis Daniels","SG",0.643,"IND",0.902,0.012,0.438,0.233,0.258,0.573,0.067,0.115,0.265,0.223,0.259,0.466,0.504,0.128,0.143,0.698,0.126,0.145,0.139,0.118,0.321,0.048,0.241,0.326,0.214,"2008",FALSE,0,0,36,FALSE
" 98","Baron Davis","PG",0.667,"GSW",1,1,0.905,0.629,0.702,0.568,0.43,0.593,0.33,0.496,0.565,0.477,0.537,0.421,0.436,0.75,0.184,0.287,0.252,0.535,0.776,0.114,0.5,0.666,0.632,"2008",FALSE,0,0,48,FALSE
"101","Ricky Davis","SF",0.667,"MIA",1,0.573,0.839,0.406,0.447,0.577,0.336,0.376,0.405,0.297,0.36,0.447,0.558,0.205,0.203,0.787,0.105,0.296,0.231,0.237,0.354,0.037,0.412,0.504,0.399,"2008",FALSE,0,0,15,FALSE
"102","Carlos Delfino","SG",0.595,"TOR",1,0,0.546,0.243,0.291,0.529,0.299,0.354,0.382,0.136,0.179,0.412,0.547,0.153,0.16,0.744,0.126,0.291,0.235,0.125,0.28,0.029,0.162,0.477,0.261,"2008",FALSE,0,0,41,FALSE
"103","Luol Deng","SF",0.524,"CHI",0.768,0.72,0.602,0.415,0.412,0.639,0.02,0.025,0.364,0.438,0.493,0.482,0.537,0.27,0.273,0.77,0.26,0.256,0.258,0.133,0.232,0.077,0.259,0.315,0.378,"2008",FALSE,0,0,33,FALSE
"104","Boris Diaw","PF",0.595,"PHO",1,0.232,0.653,0.298,0.297,0.636,0.032,0.046,0.317,0.307,0.341,0.488,0.541,0.127,0.133,0.744,0.185,0.279,0.247,0.272,0.248,0.104,0.334,0.447,0.256,"2008",FALSE,0,0,55,FALSE
"105","Yakhouba Diawara","SG",0.595,"DEN",0.659,0.171,0.153,0.053,0.062,0.547,0.052,0.074,0.318,0.035,0.038,0.5,0.543,0.029,0.032,0.71,0.044,0.039,0.041,0.032,0.033,0.008,0.034,0.164,0.054,"2008",FALSE,0,0,50,FALSE
"106","Guillermo Diaz","SG",0.524,"LAC",0.073,0,0.005,0.001,0.002,0.333,0,0.001,0,0.001,0.002,0.333,0.278,0.004,0.005,0.6,0.004,0,0.001,0.001,0,0,0,0,0.002,"2008",FALSE,0,0,23,FALSE
"107","Dan Dickau","PG",0.69,"LAC",0.817,0.098,0.294,0.12,0.136,0.559,0.09,0.122,0.333,0.092,0.106,0.468,0.533,0.09,0.084,0.829,0.025,0.083,0.063,0.148,0.13,0.008,0.119,0.291,0.124,"2008",FALSE,0,0,23,FALSE
"109","Travis Diener","PG",0.595,"IND",0.805,0.256,0.384,0.154,0.198,0.493,0.184,0.263,0.318,0.088,0.111,0.431,0.507,0.085,0.073,0.901,0.05,0.088,0.075,0.216,0.142,0.011,0.119,0.288,0.161,"2008",FALSE,0,0,36,FALSE
"114","Keyon Dooling","PG",0.643,"ORL",0.878,0.012,0.378,0.191,0.195,0.624,0.055,0.073,0.338,0.183,0.202,0.492,0.549,0.216,0.199,0.845,0.013,0.093,0.066,0.114,0.146,0.013,0.131,0.353,0.205,"2008",FALSE,0,0,52,FALSE
"115","Quincy Douby","PG",0.548,"SAC",0.902,0,0.248,0.128,0.154,0.525,0.104,0.138,0.344,0.094,0.12,0.423,0.508,0.063,0.053,0.923,0.033,0.066,0.054,0.046,0.122,0.032,0.127,0.216,0.125,"2008",FALSE,0,0,38,FALSE
"116","Jared Dudley","PF",0.524,"CHA",0.89,0.171,0.392,0.158,0.16,0.624,0.022,0.046,0.22,0.16,0.173,0.502,0.534,0.115,0.121,0.737,0.231,0.164,0.187,0.07,0.224,0.027,0.108,0.345,0.149,"2008",FALSE,0,0,32,FALSE
"117","Chris Duhon","PG",0.595,"CHI",0.805,0.22,0.422,0.129,0.158,0.516,0.134,0.175,0.348,0.082,0.107,0.418,0.517,0.086,0.082,0.813,0.036,0.096,0.076,0.226,0.195,0.005,0.153,0.248,0.136,"2008",FALSE,0,0,33,FALSE
"118","Tim Duncan","C",0.738,"SAS",0.951,0.951,0.75,0.566,0.542,0.663,0,0.005,0,0.609,0.662,0.498,0.552,0.447,0.476,0.73,0.453,0.64,0.576,0.187,0.228,0.404,0.384,0.499,0.532,"2008",FALSE,0,0.02,56,TRUE
"119","Mike Dunleavy","SG",0.643,"IND",1,1,0.836,0.515,0.514,0.635,0.41,0.439,0.424,0.382,0.411,0.504,0.611,0.444,0.415,0.834,0.113,0.362,0.277,0.247,0.35,0.082,0.409,0.561,0.553,"2008",FALSE,0,0,36,FALSE
"121","Kevin Durant","SG",0.452,"SEA",0.976,0.976,0.783,0.568,0.629,0.573,0.147,0.231,0.288,0.549,0.655,0.455,0.501,0.517,0.461,0.873,0.134,0.276,0.227,0.165,0.317,0.199,0.5,0.329,0.573,"2008",FALSE,0,0,20,FALSE
"122","Monta Ellis","SG",0.524,"GSW",0.988,0.878,0.869,0.631,0.565,0.708,0.03,0.059,0.231,0.666,0.663,0.545,0.596,0.423,0.429,0.767,0.254,0.269,0.264,0.271,0.504,0.072,0.373,0.526,0.578,"2008",FALSE,0,0,48,FALSE
"126","Reggie Evans","PF",0.643,"PHI",0.988,0.744,0.532,0.147,0.159,0.585,0.002,0.001,1,0.157,0.195,0.438,0.49,0.159,0.264,0.467,0.428,0.384,0.399,0.056,0.35,0.021,0.233,0.574,0.15,"2008",FALSE,0,0,40,FALSE
"127","Jordan Farmar","PG",0.5,"LAL",1,0,0.478,0.281,0.29,0.615,0.284,0.347,0.371,0.184,0.183,0.546,0.613,0.07,0.08,0.679,0.075,0.143,0.12,0.193,0.313,0.013,0.233,0.283,0.264,"2008",FALSE,0,0,57,FALSE
"129","Raymond Felton","PG",0.548,"CHA",0.963,0.963,0.841,0.398,0.459,0.551,0.139,0.226,0.28,0.37,0.45,0.447,0.49,0.344,0.334,0.8,0.071,0.198,0.154,0.501,0.39,0.032,0.459,0.496,0.403,"2008",FALSE,0,0,32,FALSE
"131","Michael Finley","SG",0.81,"SAS",1,0.744,0.624,0.305,0.35,0.552,0.328,0.403,0.37,0.19,0.228,0.453,0.557,0.085,0.082,0.8,0.052,0.225,0.166,0.098,0.118,0.027,0.121,0.251,0.292,"2008",FALSE,0,0,56,FALSE
"132","Derek Fisher","PG",0.786,"LAL",1,1,0.637,0.328,0.358,0.581,0.279,0.312,0.406,0.236,0.283,0.453,0.564,0.22,0.193,0.883,0.046,0.145,0.111,0.205,0.35,0.008,0.194,0.507,0.338,"2008",FALSE,0,0,57,FALSE
"133","T.J. Ford","PG",0.571,"TOR",0.622,0.317,0.339,0.238,0.241,0.625,0.037,0.058,0.294,0.24,0.267,0.488,0.538,0.146,0.129,0.88,0.044,0.076,0.065,0.269,0.22,0,0.22,0.251,0.218,"2008",FALSE,0,0,41,FALSE
"134","Jeff Foster","C",0.738,"IND",0.939,0.634,0.533,0.198,0.172,0.733,0,0.003,0,0.213,0.209,0.554,0.611,0.114,0.149,0.593,0.505,0.401,0.437,0.111,0.228,0.085,0.134,0.596,0.175,"2008",FALSE,0,0,36,FALSE
"135","Randy Foye","PG",0.571,"MIN",0.476,0.378,0.356,0.191,0.213,0.572,0.152,0.167,0.412,0.143,0.177,0.436,0.55,0.07,0.067,0.815,0.025,0.114,0.084,0.141,0.146,0.008,0.17,0.275,0.18,"2008",FALSE,0,0,22,FALSE
"137","Richie Frahm","SG",0.714,"LAC",0.122,0.024,0.046,0.019,0.025,0.493,0.017,0.028,0.28,0.014,0.016,0.448,0.483,0,0.002,0,0.008,0.01,0.009,0.007,0.008,0,0.013,0.019,0.017,"2008",FALSE,0,0,23,FALSE
"138","Steve Francis","PG",0.714,"HOU",0.122,0.037,0.056,0.018,0.026,0.444,0.01,0.019,0.235,0.016,0.023,0.375,0.409,0.017,0.024,0.565,0.015,0.015,0.015,0.026,0.037,0.013,0.03,0.067,0.019,"2008",FALSE,0,0,55,FALSE
"139","Channing Frye","C",0.571,"POR",0.951,0.244,0.38,0.214,0.208,0.651,0.007,0.011,0.3,0.227,0.25,0.492,0.546,0.112,0.112,0.78,0.205,0.245,0.231,0.049,0.118,0.072,0.119,0.561,0.187,"2008",FALSE,0,0,41,FALSE
"140","Dan Gadzuric","C",0.69,"MIL",0.622,0.049,0.151,0.062,0.071,0.555,0,0.001,0,0.067,0.086,0.418,0.462,0.044,0.065,0.524,0.128,0.076,0.094,0.009,0.081,0.064,0.073,0.224,0.057,"2008",FALSE,0,0,26,FALSE
"142","Francisco Garcia","SF",0.619,"SAC",0.963,0.244,0.593,0.337,0.346,0.617,0.281,0.326,0.391,0.245,0.261,0.508,0.598,0.214,0.214,0.779,0.099,0.211,0.173,0.11,0.39,0.133,0.276,0.625,0.343,"2008",FALSE,0,0,38,FALSE
"143","Thomas Gardner","SG",0.524,"CHI",0.049,0,0.013,0.009,0.011,0.521,0.007,0.014,0.25,0.006,0.006,0.545,0.508,0,0.002,0,0.006,0.001,0.003,0.001,0,0,0.009,0.011,0.007,"2008",FALSE,0,0,33,FALSE
"144","Kevin Garnett","PF",0.738,"BOS",0.866,0.866,0.659,0.516,0.456,0.719,0,0.012,0,0.556,0.552,0.545,0.599,0.356,0.346,0.801,0.258,0.516,0.428,0.21,0.407,0.237,0.297,0.439,0.472,"2008",FALSE,15,0.532,66,TRUE
"145","Pat Garrity","PF",0.738,"ORL",0.378,0,0.08,0.026,0.037,0.451,0.02,0.042,0.216,0.02,0.024,0.442,0.431,0.005,0.005,0.8,0.017,0.035,0.029,0.011,0.024,0.003,0.037,0.094,0.023,"2008",FALSE,0,0,52,FALSE
"147","Rudy Gay","SF",0.5,"MEM",0.988,0.988,0.849,0.604,0.624,0.615,0.333,0.437,0.346,0.511,0.546,0.507,0.568,0.328,0.325,0.785,0.268,0.357,0.326,0.136,0.451,0.21,0.409,0.62,0.576,"2008",FALSE,0,0,22,FALSE
"148","Mickael Gelabale","SG",0.571,"SEA",0.476,0,0.132,0.067,0.072,0.585,0.04,0.042,0.432,0.055,0.068,0.442,0.544,0.019,0.019,0.778,0.031,0.042,0.038,0.028,0.041,0.024,0.058,0.084,0.059,"2008",FALSE,0,0,20,FALSE
"149","Devean George","SF",0.714,"DAL",0.646,0.049,0.232,0.072,0.095,0.476,0.055,0.077,0.324,0.054,0.078,0.374,0.457,0.032,0.035,0.706,0.054,0.108,0.09,0.03,0.077,0.035,0.052,0.243,0.069,"2008",FALSE,0,0,51,FALSE
"150","Daniel Gibson","PG",0.5,"CLE",0.707,0.317,0.5,0.194,0.214,0.576,0.294,0.302,0.44,0.086,0.111,0.421,0.621,0.112,0.108,0.81,0.057,0.103,0.088,0.125,0.191,0.037,0.164,0.439,0.214,"2008",FALSE,0,0,45,FALSE
"152","Manu Ginobili","SG",0.714,"SAS",0.902,0.28,0.651,0.438,0.453,0.613,0.388,0.439,0.401,0.309,0.336,0.499,0.6,0.503,0.455,0.86,0.12,0.289,0.231,0.285,0.443,0.088,0.431,0.466,0.509,"2008",FALSE,0,0.007,56,TRUE
"154","Ryan Gomes","PF",0.595,"MIN",1,0.902,0.689,0.379,0.394,0.609,0.147,0.202,0.33,0.347,0.382,0.491,0.547,0.251,0.236,0.83,0.254,0.34,0.31,0.125,0.264,0.027,0.207,0.415,0.365,"2008",FALSE,0,0,22,FALSE
"156","Ben Gordon","SG",0.571,"CHI",0.878,0.329,0.648,0.449,0.492,0.579,0.353,0.391,0.41,0.335,0.408,0.445,0.556,0.352,0.301,0.908,0.076,0.18,0.144,0.183,0.224,0.021,0.323,0.461,0.472,"2008",FALSE,0,0,33,FALSE
"158","Joey Graham","SF",0.595,"TOR",0.463,0.037,0.094,0.047,0.052,0.579,0.005,0.003,0.667,0.049,0.062,0.427,0.491,0.05,0.046,0.844,0.034,0.049,0.044,0.013,0.012,0,0.05,0.127,0.049,"2008",FALSE,0,0,41,FALSE
"159","Stephen Graham","SF",0.595,"IND",0.268,0,0.036,0.033,0.027,0.781,0.017,0.016,0.5,0.028,0.025,0.614,0.719,0.016,0.016,0.75,0.008,0.018,0.014,0.008,0.016,0.003,0.022,0.038,0.031,"2008",FALSE,0,0,36,FALSE
"160","Danny Granger","SF",0.571,"IND",0.976,0.976,0.814,0.519,0.555,0.595,0.425,0.477,0.404,0.381,0.441,0.468,0.574,0.426,0.389,0.852,0.178,0.39,0.318,0.143,0.386,0.223,0.369,0.782,0.553,"2008",FALSE,0,0,36,FALSE
"161","Aaron Gray","C",0.548,"CHI",0.744,0.012,0.174,0.1,0.094,0.673,0,0.001,0,0.107,0.114,0.507,0.561,0.074,0.102,0.566,0.134,0.097,0.11,0.035,0.085,0.043,0.123,0.315,0.093,"2008",FALSE,0,0,33,FALSE
"163","Jeff Green","SF",0.5,"SEA",0.976,0.634,0.638,0.309,0.345,0.569,0.052,0.086,0.276,0.311,0.38,0.444,0.49,0.234,0.245,0.744,0.193,0.276,0.248,0.102,0.187,0.13,0.341,0.534,0.296,"2008",FALSE,0,0,20,FALSE
"165","Willie Green","SG",0.619,"PHI",0.902,0.902,0.558,0.367,0.4,0.581,0.127,0.202,0.285,0.341,0.39,0.475,0.517,0.148,0.152,0.757,0.061,0.149,0.119,0.13,0.22,0.059,0.235,0.321,0.325,"2008",FALSE,0,0,40,FALSE
"168","Richard Hamilton","SG",0.69,"DET",0.878,0.878,0.686,0.483,0.474,0.645,0.154,0.159,0.44,0.455,0.501,0.492,0.572,0.243,0.227,0.833,0.143,0.159,0.154,0.257,0.297,0.027,0.284,0.461,0.439,"2008",FALSE,0,0,59,FALSE
"169","Anfernee Hardaway","SF",0.857,"MIA",0.195,0.098,0.092,0.021,0.028,0.489,0.02,0.021,0.421,0.015,0.023,0.341,0.481,0.011,0.009,0.889,0.006,0.032,0.023,0.03,0.077,0.003,0.028,0.065,0.021,"2008",FALSE,0,0,15,FALSE
"170","Matt Harpring","SF",0.738,"UTA",0.927,0,0.389,0.229,0.218,0.667,0.005,0.011,0.2,0.245,0.262,0.506,0.558,0.193,0.211,0.712,0.184,0.143,0.157,0.07,0.183,0.037,0.205,0.437,0.22,"2008",FALSE,0,0,54,FALSE
"171","Al Harrington","C",0.643,"GSW",0.988,0.72,0.62,0.388,0.425,0.579,0.381,0.46,0.375,0.258,0.29,0.482,0.574,0.194,0.195,0.774,0.205,0.33,0.287,0.113,0.301,0.043,0.194,0.717,0.389,"2008",FALSE,0,0,48,FALSE
"174","Mike Harris","PF",0.571,"HOU",0.207,0,0.045,0.026,0.025,0.667,0,0.002,0,0.028,0.029,0.519,0.556,0.011,0.013,0.615,0.046,0.03,0.035,0.003,0.024,0.008,0.019,0.043,0.022,"2008",FALSE,0,0,55,FALSE
"176","Jason Hart","PG",0.69,"UTA",0.695,0,0.172,0.056,0.083,0.429,0.027,0.035,0.355,0.049,0.084,0.315,0.392,0.05,0.046,0.844,0.01,0.05,0.036,0.074,0.122,0.008,0.06,0.202,0.058,"2008",FALSE,0,0,54,FALSE
"179","Spencer Hawes","C",0.452,"SAC",0.866,0.098,0.264,0.141,0.146,0.612,0.01,0.024,0.19,0.148,0.168,0.478,0.517,0.05,0.06,0.655,0.13,0.161,0.15,0.038,0.057,0.106,0.121,0.345,0.118,"2008",FALSE,0,0,38,FALSE
"180","Chuck Hayes","PF",0.571,"HOU",0.963,0.537,0.446,0.109,0.102,0.681,0,0.003,0,0.118,0.123,0.518,0.568,0.015,0.025,0.458,0.252,0.293,0.279,0.078,0.346,0.114,0.134,0.571,0.084,"2008",FALSE,0,0,55,FALSE
"181","Jarvis Hayes","SF",0.619,"DET",1,0.012,0.364,0.21,0.232,0.575,0.182,0.219,0.376,0.15,0.175,0.465,0.559,0.06,0.062,0.75,0.067,0.142,0.116,0.053,0.191,0.016,0.101,0.369,0.195,"2008",FALSE,0,0,59,FALSE
"183","Luther Head","SG",0.595,"HOU",0.89,0.207,0.39,0.199,0.22,0.576,0.197,0.254,0.351,0.132,0.142,0.504,0.572,0.087,0.083,0.815,0.034,0.116,0.088,0.119,0.179,0.024,0.151,0.202,0.197,"2008",FALSE,0,0,55,FALSE
"185","Nene Hilario","PF",0.595,"DEN",0.195,0.012,0.075,0.028,0.033,0.544,0,0.001,0,0.03,0.039,0.414,0.453,0.036,0.05,0.551,0.057,0.057,0.057,0.013,0.037,0.037,0.045,0.124,0.03,"2008",FALSE,0,0,50,FALSE
"186","Grant Hill","SF",0.833,"PHO",0.854,0.829,0.629,0.346,0.328,0.671,0.082,0.117,0.317,0.338,0.343,0.535,0.584,0.225,0.202,0.867,0.141,0.277,0.231,0.174,0.264,0.149,0.207,0.412,0.325,"2008",FALSE,0,0,55,FALSE
"187","Kirk Hinrich","PG",0.643,"CHI",0.915,0.878,0.674,0.319,0.367,0.552,0.209,0.271,0.35,0.256,0.314,0.442,0.519,0.156,0.146,0.831,0.054,0.214,0.159,0.388,0.354,0.051,0.338,0.604,0.304,"2008",FALSE,0,0,33,FALSE
"189","Al Horford","C",0.5,"ATL",0.988,0.939,0.719,0.322,0.307,0.665,0,0.006,0,0.347,0.374,0.502,0.554,0.205,0.218,0.731,0.474,0.533,0.513,0.107,0.244,0.202,0.295,0.72,0.29,"2008",FALSE,0,0,37,FALSE
"190","Robert Horry","PF",0.881,"SAS",0.549,0.061,0.165,0.037,0.055,0.425,0.045,0.079,0.257,0.021,0.028,0.408,0.439,0.024,0.029,0.643,0.067,0.073,0.071,0.04,0.085,0.051,0.047,0.148,0.04,"2008",FALSE,0,0,56,FALSE
"191","Eddie House","PG",0.69,"BOS",0.951,0.024,0.419,0.21,0.244,0.545,0.291,0.336,0.393,0.104,0.131,0.429,0.577,0.044,0.037,0.917,0.036,0.147,0.109,0.131,0.24,0.027,0.164,0.307,0.206,"2008",FALSE,0,0,66,FALSE
"192","Dwight Howard","C",0.524,"ORL",1,1,0.874,0.564,0.448,0.799,0,0.005,0,0.607,0.547,0.601,0.666,0.7,0.923,0.59,0.533,0.876,0.759,0.095,0.301,0.468,0.567,0.739,0.599,"2008",FALSE,0,0.048,52,TRUE
"193","Josh Howard","SF",0.643,"DAL",0.927,0.927,0.78,0.548,0.574,0.607,0.167,0.237,0.319,0.52,0.585,0.482,0.536,0.413,0.395,0.813,0.229,0.409,0.348,0.141,0.24,0.085,0.246,0.544,0.534,"2008",FALSE,0,0,51,FALSE
"195","Troy Hudson","PG",0.738,"GSW",0.11,0,0.026,0.009,0.014,0.387,0.01,0.014,0.333,0.005,0.011,0.263,0.394,0.008,0.006,1,0,0.007,0.005,0.008,0.012,0,0.015,0.011,0.01,"2008",FALSE,0,0,48,FALSE
"197","Kris Humphries","PF",0.524,"TOR",0.854,0,0.262,0.156,0.153,0.644,0,0.002,0,0.168,0.187,0.486,0.537,0.099,0.128,0.605,0.172,0.168,0.169,0.024,0.102,0.074,0.101,0.288,0.14,"2008",FALSE,0,0,41,FALSE
"198","Lindsey Hunter","PG",0.881,"DET",0.293,0,0.061,0.021,0.029,0.459,0.017,0.029,0.269,0.016,0.021,0.395,0.442,0.009,0.009,0.778,0.008,0.009,0.008,0.028,0.053,0.005,0.028,0.081,0.02,"2008",FALSE,0,0,59,FALSE
"200","Andre Iguodala","SF",0.571,"PHI",1,1,0.918,0.563,0.588,0.608,0.251,0.347,0.329,0.501,0.547,0.496,0.55,0.483,0.521,0.721,0.163,0.358,0.292,0.336,0.695,0.13,0.461,0.504,0.576,"2008",FALSE,0,0,40,FALSE
"201","Zydrunas Ilgauskas","C",0.762,"CLE",0.89,0.89,0.629,0.403,0.405,0.632,0,0.001,0,0.434,0.495,0.475,0.527,0.258,0.25,0.802,0.503,0.416,0.446,0.089,0.138,0.319,0.291,0.666,0.363,"2008",FALSE,0,0,45,FALSE
"203","Allen Iverson","SG",0.762,"DEN",1,1,0.969,0.689,0.716,0.611,0.236,0.31,0.345,0.642,0.723,0.482,0.542,0.853,0.82,0.809,0.09,0.195,0.159,0.503,0.65,0.032,0.528,0.294,0.764,"2008",FALSE,0,0,50,FALSE
"204","Royal Ivey","PG",0.619,"MIL",0.915,0.244,0.407,0.144,0.174,0.525,0.087,0.121,0.327,0.119,0.153,0.421,0.489,0.112,0.12,0.726,0.073,0.079,0.077,0.137,0.183,0.019,0.162,0.447,0.148,"2008",FALSE,0,0,26,FALSE
"205","Jarrett Jack","SG",0.571,"POR",1,0.195,0.631,0.258,0.285,0.575,0.162,0.214,0.342,0.21,0.243,0.47,0.537,0.284,0.255,0.867,0.059,0.202,0.153,0.269,0.248,0.003,0.384,0.348,0.287,"2008",FALSE,0,0,41,FALSE
"207","Luke Jackson","SF",0.619,"MIA",0.171,0.012,0.065,0.025,0.037,0.433,0.027,0.034,0.367,0.016,0.028,0.3,0.438,0.021,0.024,0.696,0.013,0.026,0.022,0.015,0.033,0,0.019,0.059,0.028,"2008",FALSE,0,0,15,FALSE
"208","Stephen Jackson","SF",0.69,"GSW",0.89,0.89,0.808,0.472,0.554,0.54,0.453,0.565,0.363,0.318,0.397,0.435,0.534,0.407,0.381,0.832,0.128,0.249,0.208,0.258,0.374,0.077,0.425,0.461,0.518,"2008",FALSE,0,0,48,FALSE
"209","Casey Jacobsen","SG",0.619,"MEM",0.646,0,0.155,0.038,0.053,0.452,0.04,0.081,0.222,0.024,0.024,0.535,0.454,0.017,0.017,0.765,0.023,0.053,0.042,0.017,0.02,0.003,0.034,0.092,0.038,"2008",FALSE,0,0,22,FALSE
"211","LeBron James","SF",0.548,"CLE",0.915,0.902,0.857,0.768,0.756,0.645,0.281,0.405,0.315,0.709,0.724,0.531,0.576,0.726,0.793,0.712,0.254,0.456,0.387,0.463,0.561,0.215,0.55,0.445,0.794,"2008",FALSE,1,0.348,45,TRUE
"213","Antawn Jamison","PF",0.738,"WAS",0.963,0.963,0.866,0.598,0.652,0.581,0.299,0.4,0.339,0.518,0.6,0.468,0.531,0.44,0.451,0.76,0.411,0.587,0.527,0.103,0.431,0.09,0.244,0.526,0.596,"2008",FALSE,0,0.001,43,TRUE
"214","Marko Jaric","SG",0.69,"MIN",0.915,0.683,0.62,0.22,0.243,0.573,0.114,0.143,0.362,0.188,0.226,0.451,0.526,0.16,0.168,0.742,0.073,0.183,0.145,0.267,0.394,0.085,0.276,0.485,0.219,"2008",FALSE,0,0,22,FALSE
"215","Al Jefferson","C",0.548,"MIN",1,1,0.826,0.697,0.663,0.667,0,0.006,0,0.75,0.81,0.502,0.556,0.376,0.405,0.721,0.589,0.599,0.595,0.101,0.301,0.316,0.36,0.598,0.609,"2008",FALSE,0,0,22,FALSE
"216","Richard Jefferson","SF",0.643,"NJN",1,1,0.906,0.599,0.611,0.621,0.192,0.24,0.362,0.564,0.629,0.486,0.55,0.717,0.699,0.798,0.178,0.247,0.224,0.216,0.309,0.056,0.429,0.606,0.656,"2008",FALSE,0,0,34,FALSE
"217","Jared Jeffries","SF",0.619,"NYK",0.89,0.232,0.375,0.104,0.124,0.533,0.01,0.028,0.16,0.108,0.138,0.424,0.452,0.065,0.096,0.527,0.226,0.124,0.159,0.057,0.146,0.061,0.138,0.356,0.095,"2008",FALSE,0,0,23,FALSE
"218","Yi Jianlian","PF",0.476,"MIL",0.805,0.598,0.466,0.212,0.239,0.561,0.015,0.024,0.286,0.222,0.281,0.427,0.474,0.161,0.149,0.841,0.203,0.236,0.225,0.047,0.146,0.149,0.194,0.412,0.2,"2008",FALSE,0,0,26,FALSE
"222","DerMarr Johnson","SF",0.643,"SAS",0.061,0,0.008,0.007,0.006,0.667,0.007,0.01,0.333,0.004,0.003,0.8,0.674,0,0.002,0,0,0.001,0.001,0.001,0.004,0,0,0.011,0.006,"2008",FALSE,0,0,56,FALSE
"223","Joe Johnson","SG",0.619,"ATL",1,1,0.946,0.626,0.689,0.576,0.42,0.501,0.381,0.497,0.594,0.454,0.543,0.418,0.39,0.834,0.159,0.282,0.24,0.407,0.341,0.048,0.481,0.453,0.628,"2008",FALSE,0,0,37,FALSE
"226","Dahntay Jones","SG",0.643,"SAC",0.305,0,0.058,0.022,0.024,0.579,0.002,0.007,0.167,0.023,0.027,0.468,0.492,0.045,0.052,0.667,0.013,0.028,0.023,0.01,0.033,0.016,0.022,0.075,0.029,"2008",FALSE,0,0,38,FALSE
"227","Damon Jones","SG",0.738,"CLE",0.817,0.037,0.378,0.146,0.167,0.555,0.286,0.312,0.417,0.037,0.049,0.414,0.638,0.026,0.029,0.714,0.01,0.067,0.047,0.108,0.077,0.003,0.078,0.178,0.154,"2008",FALSE,0,0,45,FALSE
"228","Dwayne Jones","PF",0.571,"CLE",0.683,0,0.134,0.024,0.022,0.709,0,0.001,0,0.026,0.026,0.543,0.591,0.037,0.06,0.483,0.132,0.071,0.092,0.009,0.041,0.066,0.037,0.237,0.028,"2008",FALSE,0,0,45,FALSE
"229","Eddie Jones","SG",0.857,"DAL",0.573,0.402,0.261,0.064,0.083,0.489,0.085,0.131,0.293,0.033,0.036,0.5,0.512,0.013,0.014,0.714,0.034,0.113,0.086,0.059,0.106,0.021,0.062,0.194,0.062,"2008",FALSE,0,0,51,FALSE
"230","Fred Jones","SG",0.667,"NYK",0.854,0.317,0.497,0.176,0.199,0.561,0.184,0.217,0.385,0.112,0.135,0.45,0.563,0.124,0.13,0.746,0.057,0.139,0.111,0.143,0.195,0.048,0.168,0.377,0.188,"2008",FALSE,0,0,23,FALSE
"231","James Jones","SF",0.643,"POR",0.707,0.037,0.361,0.138,0.15,0.583,0.226,0.231,0.444,0.054,0.069,0.426,0.64,0.114,0.101,0.878,0.082,0.117,0.105,0.029,0.098,0.04,0.06,0.259,0.163,"2008",FALSE,0,0,41,FALSE
"232","Solomon Jones","PF",0.548,"ATL",0.427,0,0.041,0.012,0.014,0.533,0,0.002,0,0.012,0.016,0.429,0.444,0.015,0.021,0.55,0.036,0.023,0.027,0,0.012,0.013,0.024,0.075,0.012,"2008",FALSE,0,0,37,FALSE
"233","Chris Kaman","C",0.595,"LAC",0.683,0.671,0.59,0.327,0.322,0.644,0,0.005,0,0.352,0.393,0.486,0.537,0.267,0.273,0.762,0.331,0.534,0.465,0.092,0.134,0.412,0.353,0.482,0.31,"2008",FALSE,0,0,23,FALSE
"234","Jason Kapono","SF",0.619,"TOR",0.988,0.085,0.433,0.235,0.229,0.651,0.142,0.133,0.483,0.194,0.214,0.489,0.606,0.049,0.044,0.86,0.059,0.088,0.078,0.056,0.138,0.005,0.125,0.353,0.205,"2008",FALSE,0,0,41,FALSE
"235","Coby Karl","SG",0.571,"LAL",0.207,0,0.02,0.009,0.012,0.461,0.01,0.015,0.308,0.005,0.007,0.385,0.47,0.011,0.01,0.8,0.006,0.011,0.009,0.008,0.016,0.005,0.011,0.011,0.011,"2008",FALSE,0,0,57,FALSE
"236","Viktor Khryapa","PF",0.595,"CHI",0.11,0,0.03,0.012,0.014,0.516,0,0.001,0,0.012,0.017,0.4,0.43,0.011,0.014,0.571,0.011,0.014,0.013,0.007,0.024,0,0.013,0.03,0.011,"2008",FALSE,0,0,33,FALSE
"238","Tarence Kinsey","SG",0.548,"MEM",0.134,0,0.027,0.015,0.017,0.561,0.007,0.008,0.429,0.014,0.017,0.419,0.512,0.007,0.006,0.833,0.006,0.009,0.008,0.002,0.012,0,0.006,0.03,0.014,"2008",FALSE,0,0,22,FALSE
"239","Andrei Kirilenko","SF",0.619,"UTA",0.878,0.878,0.628,0.266,0.25,0.675,0.109,0.131,0.379,0.24,0.241,0.54,0.607,0.262,0.264,0.77,0.231,0.216,0.222,0.245,0.35,0.29,0.302,0.445,0.28,"2008",FALSE,0,0,54,FALSE
"240","Linas Kleiza","SF",0.548,"DEN",0.963,0.159,0.535,0.301,0.303,0.629,0.234,0.313,0.339,0.226,0.215,0.568,0.603,0.217,0.219,0.77,0.176,0.239,0.218,0.082,0.179,0.051,0.192,0.488,0.311,"2008",FALSE,0,0,50,FALSE
"241","Brevin Knight","PG",0.762,"LAC",0.902,0.476,0.474,0.133,0.157,0.539,0,0.007,0,0.144,0.19,0.411,0.449,0.082,0.073,0.873,0.029,0.126,0.093,0.282,0.407,0.029,0.153,0.431,0.119,"2008",FALSE,0,0,23,FALSE
"243","Nenad Krstic","C",0.571,"NJN",0.549,0.463,0.23,0.119,0.138,0.547,0,0.002,0,0.128,0.168,0.413,0.456,0.069,0.071,0.754,0.067,0.164,0.131,0.023,0.037,0.045,0.088,0.299,0.105,"2008",FALSE,0,0,34,FALSE
"244","Raef LaFrentz","C",0.738,"POR",0.476,0,0.082,0.026,0.028,0.591,0,0.005,0,0.028,0.032,0.474,0.492,0.015,0.02,0.579,0.054,0.039,0.044,0.005,0.049,0.045,0.022,0.159,0.023,"2008",FALSE,0,0,41,FALSE
"245","Carl Landry","PF",0.571,"HOU",0.512,0,0.201,0.131,0.101,0.821,0,0.001,0,0.14,0.123,0.619,0.684,0.095,0.112,0.661,0.184,0.11,0.135,0.018,0.069,0.019,0.056,0.264,0.121,"2008",FALSE,0,0,55,FALSE
"248","Acie Law","PG",0.548,"ATL",0.683,0.073,0.245,0.092,0.109,0.535,0.017,0.038,0.206,0.092,0.114,0.433,0.462,0.05,0.049,0.792,0.023,0.045,0.037,0.097,0.118,0,0.121,0.197,0.083,"2008",FALSE,0,0,37,FALSE
"249","David Lee","PF",0.571,"NYK",0.988,0.354,0.667,0.33,0.284,0.736,0,0.002,0,0.355,0.347,0.554,0.613,0.257,0.244,0.819,0.463,0.479,0.473,0.082,0.224,0.077,0.209,0.566,0.309,"2008",FALSE,0,0,23,FALSE
"250","Rashard Lewis","PF",0.667,"ORL",0.988,0.988,0.871,0.499,0.522,0.607,0.562,0.624,0.409,0.302,0.328,0.498,0.616,0.288,0.267,0.838,0.185,0.338,0.286,0.168,0.402,0.101,0.302,0.577,0.521,"2008",FALSE,0,0,52,FALSE
"251","Kyle Lowry","PG",0.5,"MEM",1,0.11,0.591,0.248,0.272,0.576,0.09,0.158,0.257,0.229,0.255,0.487,0.514,0.321,0.358,0.698,0.078,0.208,0.163,0.254,0.374,0.059,0.274,0.499,0.279,"2008",FALSE,0,0,22,FALSE
"254","Corey Maggette","SF",0.667,"LAC",0.854,0.793,0.708,0.443,0.46,0.611,0.194,0.229,0.384,0.395,0.45,0.477,0.552,0.731,0.701,0.812,0.149,0.314,0.258,0.162,0.289,0.019,0.42,0.566,0.546,"2008",FALSE,0,0,23,FALSE
"257","Stephon Marbury","PG",0.714,"NYK",0.293,0.232,0.228,0.107,0.122,0.559,0.07,0.084,0.378,0.086,0.108,0.435,0.524,0.11,0.119,0.716,0.033,0.042,0.039,0.097,0.085,0.005,0.103,0.154,0.118,"2008",FALSE,0,0,23,FALSE
"259","Sean Marks","C",0.762,"PHO",0.232,0,0.037,0.022,0.02,0.713,0.002,0.005,0.25,0.023,0.022,0.564,0.608,0.016,0.02,0.632,0.017,0.027,0.024,0.003,0.012,0.027,0.017,0.062,0.021,"2008",FALSE,0,0,55,FALSE
"261","Darrick Martin","PG",0.857,"TOR",0.207,0,0.04,0.01,0.02,0.311,0.005,0.018,0.125,0.008,0.015,0.296,0.284,0.007,0.006,0.833,0.006,0.004,0.005,0.018,0.024,0,0.002,0.032,0.01,"2008",FALSE,0,0,41,FALSE
"262","Kenyon Martin","PF",0.714,"DEN",0.866,0.866,0.611,0.364,0.322,0.717,0.005,0.012,0.182,0.389,0.388,0.544,0.599,0.163,0.218,0.58,0.201,0.354,0.301,0.077,0.358,0.226,0.196,0.633,0.31,"2008",FALSE,0,0,50,FALSE
"263","Kevin Martin","SG",0.571,"SAC",0.744,0.695,0.627,0.403,0.421,0.608,0.266,0.3,0.402,0.323,0.365,0.478,0.572,0.664,0.595,0.869,0.092,0.223,0.178,0.111,0.252,0.013,0.282,0.404,0.51,"2008",FALSE,0,0,38,FALSE
"265","Roger Mason","PG",0.643,"WAS",0.976,0.11,0.483,0.257,0.276,0.591,0.323,0.369,0.398,0.142,0.154,0.498,0.613,0.082,0.073,0.873,0.033,0.112,0.085,0.115,0.163,0.048,0.149,0.377,0.256,"2008",FALSE,0,0,43,FALSE
"266","Jason Maxiell","C",0.571,"DET",1,0.085,0.5,0.232,0.205,0.717,0,0.001,0,0.25,0.251,0.539,0.598,0.226,0.278,0.633,0.338,0.254,0.283,0.04,0.085,0.25,0.153,0.493,0.23,"2008",FALSE,0,0,59,FALSE
"267","Rashad McCants","SG",0.548,"MIN",0.915,0.293,0.572,0.414,0.434,0.604,0.353,0.394,0.407,0.298,0.336,0.481,0.588,0.153,0.159,0.748,0.096,0.155,0.135,0.139,0.268,0.048,0.371,0.631,0.393,"2008",FALSE,0,0,22,FALSE
"269","Antonio McDyess","PF",0.786,"DET",0.951,0.951,0.647,0.283,0.276,0.651,0,0.002,0,0.305,0.337,0.49,0.542,0.128,0.16,0.622,0.39,0.459,0.435,0.076,0.248,0.141,0.162,0.663,0.241,"2008",FALSE,0,0,59,FALSE
"270","Tracy McGrady","SG",0.667,"HOU",0.805,0.756,0.691,0.53,0.601,0.559,0.214,0.333,0.292,0.481,0.571,0.457,0.502,0.324,0.368,0.684,0.08,0.295,0.222,0.332,0.276,0.08,0.345,0.245,0.504,"2008",FALSE,0,0.015,55,TRUE
"271","Dominic McGuire","SG",0.524,"WAS",0.854,0.012,0.197,0.038,0.047,0.505,0.002,0.007,0.167,0.04,0.055,0.392,0.426,0.019,0.033,0.438,0.101,0.085,0.091,0.034,0.081,0.069,0.086,0.205,0.033,"2008",FALSE,0,0,43,FALSE
"272","Jeff McInnis","PG",0.786,"CHA",0.659,0.317,0.399,0.104,0.115,0.579,0.007,0.021,0.158,0.109,0.13,0.457,0.489,0.03,0.031,0.767,0.031,0.079,0.063,0.189,0.093,0.008,0.164,0.323,0.085,"2008",FALSE,0,0,32,FALSE
"275","C.J. Miles","SG",0.476,"UTA",0.732,0.159,0.195,0.109,0.109,0.639,0.075,0.087,0.39,0.086,0.09,0.522,0.602,0.054,0.053,0.788,0.031,0.062,0.051,0.046,0.13,0.021,0.058,0.264,0.105,"2008",FALSE,0,0,54,FALSE
"276","Darko Milicic","C",0.524,"MEM",0.854,0.78,0.471,0.212,0.23,0.584,0,0.001,0,0.228,0.281,0.439,0.487,0.089,0.124,0.554,0.243,0.295,0.277,0.05,0.13,0.303,0.218,0.499,0.178,"2008",FALSE,0,0,22,FALSE
"277","Andre Miller","PG",0.738,"PHI",1,1,0.854,0.55,0.532,0.656,0.007,0.038,0.088,0.589,0.633,0.504,0.549,0.34,0.343,0.772,0.182,0.227,0.212,0.485,0.427,0.016,0.444,0.488,0.494,"2008",FALSE,0,0,40,FALSE
"278","Brad Miller","C",0.738,"SAC",0.878,0.878,0.711,0.326,0.335,0.617,0.07,0.102,0.311,0.322,0.36,0.484,0.536,0.347,0.318,0.848,0.319,0.51,0.445,0.227,0.28,0.197,0.353,0.666,0.34,"2008",FALSE,0,0,38,FALSE
"279","Mike Miller","SG",0.643,"MEM",0.854,0.854,0.7,0.4,0.379,0.669,0.386,0.405,0.432,0.27,0.262,0.557,0.662,0.217,0.218,0.774,0.098,0.413,0.305,0.206,0.142,0.043,0.392,0.391,0.405,"2008",FALSE,0,0,22,FALSE
"280","Paul Millsap","PF",0.524,"UTA",1,0.024,0.482,0.245,0.231,0.672,0,0.005,0,0.263,0.281,0.508,0.56,0.205,0.236,0.677,0.319,0.291,0.301,0.07,0.293,0.194,0.188,0.725,0.233,"2008",FALSE,0,0,54,FALSE
"281","Yao Ming","C",0.643,"HOU",0.671,0.671,0.579,0.418,0.392,0.676,0,0.002,0,0.45,0.479,0.508,0.563,0.456,0.418,0.85,0.329,0.419,0.388,0.111,0.102,0.295,0.394,0.461,0.427,"2008",FALSE,0,0,55,FALSE
"282","Cuttino Mobley","SG",0.762,"LAC",0.939,0.463,0.765,0.365,0.4,0.577,0.167,0.217,0.349,0.323,0.382,0.457,0.524,0.216,0.205,0.819,0.096,0.223,0.18,0.174,0.317,0.09,0.265,0.41,0.347,"2008",FALSE,0,0,23,FALSE
"284","Jamario Moon","SF",0.643,"TOR",0.951,0.915,0.613,0.27,0.265,0.647,0.1,0.138,0.328,0.249,0.255,0.528,0.578,0.083,0.087,0.741,0.176,0.389,0.316,0.077,0.325,0.287,0.11,0.41,0.233,"2008",FALSE,0,0,41,FALSE
"285","Mikki Moore","PF",0.762,"SAC",1,0.963,0.675,0.273,0.225,0.769,0,0.002,0,0.293,0.275,0.579,0.641,0.177,0.187,0.736,0.306,0.332,0.323,0.072,0.142,0.122,0.237,0.836,0.246,"2008",FALSE,0,0,38,FALSE
"288","Troy Murphy","PF",0.643,"IND",0.915,0.744,0.596,0.305,0.319,0.607,0.234,0.266,0.398,0.23,0.258,0.484,0.58,0.254,0.248,0.797,0.207,0.432,0.355,0.142,0.199,0.085,0.207,0.585,0.323,"2008",FALSE,0,0,36,FALSE
"291","Bostjan Nachbar","PF",0.643,"NJN",0.915,0.012,0.47,0.237,0.28,0.536,0.234,0.296,0.359,0.157,0.196,0.435,0.532,0.204,0.202,0.786,0.107,0.203,0.17,0.076,0.179,0.056,0.183,0.491,0.261,"2008",FALSE,0,0,34,FALSE
"292","Eduardo Najera","PF",0.738,"DEN",0.951,0.037,0.471,0.168,0.169,0.631,0.132,0.166,0.361,0.126,0.125,0.548,0.606,0.083,0.092,0.708,0.216,0.222,0.22,0.082,0.28,0.106,0.127,0.536,0.164,"2008",FALSE,0,0,50,FALSE
"293","Steve Nash","PG",0.786,"PHO",0.988,0.988,0.787,0.469,0.443,0.672,0.445,0.43,0.47,0.318,0.328,0.527,0.663,0.294,0.252,0.906,0.054,0.252,0.184,0.771,0.215,0.013,0.636,0.305,0.484,"2008",FALSE,0,0.014,55,TRUE
"294","Juan Carlos Navarro","SG",0.643,"MEM",1,0.366,0.599,0.298,0.353,0.536,0.388,0.488,0.361,0.158,0.188,0.455,0.56,0.164,0.15,0.849,0.065,0.175,0.137,0.152,0.195,0.003,0.289,0.253,0.316,"2008",FALSE,0,0,22,FALSE
"295","Jameer Nelson","PG",0.595,"ORL",0.841,0.756,0.555,0.274,0.277,0.625,0.159,0.174,0.416,0.228,0.253,0.488,0.58,0.165,0.155,0.828,0.054,0.214,0.159,0.329,0.256,0.011,0.304,0.45,0.267,"2008",FALSE,0,0,52,FALSE
"296","Rasho Nesterovic","C",0.738,"TOR",0.866,0.476,0.421,0.249,0.215,0.733,0.002,0.003,0.333,0.266,0.262,0.552,0.612,0.049,0.05,0.755,0.249,0.211,0.224,0.07,0.081,0.138,0.129,0.356,0.195,"2008",FALSE,0,0,41,FALSE
"299","Joakim Noah","C",0.524,"CHI",0.902,0.378,0.434,0.171,0.169,0.643,0,0.001,0,0.184,0.206,0.484,0.536,0.177,0.2,0.691,0.333,0.24,0.272,0.072,0.276,0.17,0.192,0.466,0.172,"2008",FALSE,0,0,33,FALSE
"300","Andres Nocioni","SF",0.667,"CHI",1,0.329,0.572,0.367,0.404,0.576,0.313,0.391,0.364,0.263,0.299,0.476,0.56,0.259,0.25,0.807,0.092,0.292,0.224,0.082,0.102,0.114,0.287,0.66,0.381,"2008",FALSE,0,0,33,FALSE
"301","Steve Novak","SF",0.571,"HOU",0.427,0,0.075,0.047,0.047,0.64,0.085,0.08,0.479,0.016,0.017,0.484,0.719,0.004,0.004,0.75,0.008,0.031,0.023,0.005,0.008,0.008,0.009,0.046,0.048,"2008",FALSE,0,0,55,FALSE
"302","Dirk Nowitzki","PF",0.69,"DAL",0.939,0.939,0.784,0.609,0.605,0.639,0.197,0.248,0.359,0.573,0.617,0.504,0.567,0.632,0.56,0.879,0.182,0.56,0.431,0.229,0.207,0.189,0.345,0.534,0.642,"2008",FALSE,0,0.004,51,TRUE
"304","Jermaine O'Neal","C",0.69,"IND",0.512,0.415,0.341,0.218,0.236,0.585,0,0.006,0,0.234,0.286,0.444,0.488,0.16,0.168,0.742,0.157,0.2,0.185,0.08,0.081,0.231,0.228,0.348,0.202,"2008",FALSE,0,0,36,FALSE
"306","Fabricio Oberto","PF",0.762,"SAS",1,0.78,0.465,0.174,0.136,0.811,0,0.001,0,0.187,0.166,0.61,0.676,0.049,0.063,0.607,0.293,0.275,0.281,0.082,0.15,0.053,0.11,0.547,0.14,"2008",FALSE,0,0,56,FALSE
"307","Lamar Odom","PF",0.667,"LAL",0.939,0.939,0.827,0.403,0.366,0.7,0.077,0.128,0.274,0.402,0.385,0.566,0.604,0.303,0.337,0.698,0.377,0.618,0.535,0.235,0.305,0.191,0.336,0.598,0.386,"2008",FALSE,0,0,57,FALSE
"309","Mehmet Okur","C",0.667,"UTA",0.878,0.878,0.676,0.362,0.387,0.593,0.284,0.332,0.388,0.271,0.309,0.475,0.569,0.245,0.237,0.804,0.252,0.421,0.363,0.125,0.224,0.077,0.224,0.636,0.37,"2008",FALSE,0,0,54,FALSE
"310","Kevin Ollie","SG",0.833,"PHI",0.488,0,0.085,0.028,0.032,0.56,0,0.001,0,0.03,0.038,0.426,0.467,0.016,0.015,0.8,0.008,0.015,0.012,0.033,0.041,0,0.011,0.075,0.025,"2008",FALSE,0,0,40,FALSE
"312","Travis Outlaw","PF",0.548,"POR",1,0.073,0.619,0.403,0.444,0.577,0.1,0.114,0.396,0.392,0.487,0.437,0.503,0.288,0.302,0.741,0.184,0.278,0.246,0.091,0.24,0.168,0.231,0.466,0.386,"2008",FALSE,0,0,41,FALSE
"313","Andre Owens","PG",0.643,"IND",0.378,0.085,0.111,0.039,0.049,0.499,0.045,0.045,0.45,0.023,0.038,0.328,0.509,0.033,0.035,0.735,0.025,0.034,0.031,0.04,0.053,0.008,0.052,0.1,0.043,"2008",FALSE,0,0,36,FALSE
"314","Zaza Pachulia","C",0.548,"ATL",0.756,0.061,0.267,0.103,0.113,0.583,0,0.003,0,0.111,0.136,0.442,0.486,0.143,0.157,0.706,0.17,0.158,0.162,0.031,0.098,0.035,0.149,0.377,0.114,"2008",FALSE,0,0,37,FALSE
"315","Jannero Pargo","SG",0.667,"NOH",0.976,0.061,0.424,0.246,0.3,0.52,0.162,0.21,0.349,0.197,0.263,0.406,0.488,0.094,0.083,0.877,0.05,0.103,0.085,0.165,0.203,0.013,0.2,0.332,0.227,"2008",FALSE,0,0,56,FALSE
"316","Anthony Parker","SG",0.762,"TOR",1,1,0.746,0.382,0.382,0.635,0.331,0.343,0.438,0.273,0.296,0.499,0.619,0.135,0.129,0.816,0.096,0.282,0.218,0.157,0.321,0.045,0.188,0.423,0.362,"2008",FALSE,0,0,41,FALSE
"318","Tony Parker","PG",0.595,"SAS",0.841,0.829,0.654,0.498,0.48,0.659,0.042,0.074,0.258,0.518,0.551,0.51,0.558,0.328,0.357,0.715,0.057,0.19,0.144,0.353,0.224,0.021,0.353,0.251,0.457,"2008",FALSE,0,0,56,FALSE
"319","Ruben Patterson","SF",0.762,"LAC",0.244,0.061,0.093,0.038,0.04,0.604,0,0.002,0,0.041,0.047,0.464,0.503,0.032,0.044,0.558,0.046,0.04,0.042,0.015,0.085,0.019,0.058,0.1,0.036,"2008",FALSE,0,0,23,FALSE
"320","Chris Paul","PG",0.524,"NOH",0.976,0.976,0.851,0.609,0.594,0.651,0.229,0.281,0.369,0.56,0.588,0.516,0.582,0.439,0.401,0.851,0.119,0.257,0.21,0.795,0.882,0.011,0.433,0.499,0.595,"2008",FALSE,28,0.71,56,TRUE
"321","Sasha Pavlovic","SG",0.571,"CLE",0.622,0.549,0.336,0.141,0.185,0.483,0.085,0.129,0.298,0.117,0.163,0.388,0.449,0.07,0.079,0.688,0.067,0.092,0.084,0.07,0.118,0.016,0.119,0.315,0.134,"2008",FALSE,0,0,45,FALSE
"322","Oleksiy Pecherov","C",0.524,"WAS",0.427,0,0.091,0.043,0.058,0.469,0.042,0.068,0.283,0.028,0.037,0.415,0.467,0.026,0.032,0.645,0.04,0.045,0.043,0.006,0.024,0.013,0.037,0.081,0.044,"2008",FALSE,0,0,43,FALSE
"323","Kendrick Perkins","C",0.548,"BOS",0.951,0.951,0.541,0.207,0.16,0.82,0,0.001,0,0.223,0.196,0.617,0.683,0.151,0.188,0.623,0.277,0.327,0.31,0.072,0.126,0.303,0.269,0.652,0.191,"2008",FALSE,0,0,66,FALSE
"325","Morris Peterson","SG",0.714,"NOH",0.927,0.927,0.508,0.208,0.237,0.556,0.281,0.324,0.394,0.106,0.129,0.445,0.584,0.086,0.087,0.765,0.069,0.169,0.135,0.058,0.191,0.019,0.088,0.337,0.215,"2008",FALSE,0,0,56,FALSE
"326","Johan Petro","C",0.524,"SEA",0.878,0.341,0.371,0.178,0.202,0.559,0,0.001,0,0.191,0.247,0.42,0.466,0.085,0.09,0.736,0.187,0.27,0.242,0.027,0.142,0.112,0.157,0.466,0.153,"2008",FALSE,0,0,20,FALSE
"327","Eric Piatkowski","SF",0.881,"PHO",0.195,0,0.032,0.012,0.015,0.485,0.027,0.029,0.423,0.001,0.004,0.143,0.589,0.005,0.004,1,0.002,0.011,0.008,0.009,0,0.003,0.013,0.03,0.014,"2008",FALSE,0,0,55,FALSE
"328","Paul Pierce","SF",0.714,"BOS",0.976,0.976,0.813,0.492,0.505,0.619,0.356,0.412,0.392,0.381,0.413,0.499,0.588,0.541,0.499,0.843,0.101,0.356,0.269,0.312,0.411,0.096,0.476,0.539,0.554,"2008",FALSE,0,0.001,66,TRUE
"329","Mickael Pietrus","SF",0.595,"GSW",0.805,0.195,0.372,0.164,0.178,0.585,0.164,0.207,0.361,0.108,0.115,0.51,0.583,0.087,0.101,0.673,0.128,0.174,0.158,0.042,0.268,0.114,0.103,0.539,0.167,"2008",FALSE,0,0,48,FALSE
"331","James Posey","PF",0.738,"BOS",0.902,0.024,0.515,0.167,0.191,0.557,0.264,0.315,0.38,0.07,0.076,0.496,0.607,0.123,0.118,0.809,0.057,0.29,0.21,0.098,0.293,0.051,0.14,0.491,0.192,"2008",FALSE,0,0,66,FALSE
"332","Leon Powe","C",0.571,"BOS",0.683,0.061,0.229,0.149,0.124,0.763,0,0.001,0,0.16,0.151,0.575,0.636,0.181,0.199,0.71,0.182,0.131,0.148,0.013,0.061,0.043,0.093,0.342,0.157,"2008",FALSE,0,0,66,FALSE
"333","Josh Powell","C",0.595,"LAC",0.78,0.305,0.348,0.14,0.145,0.613,0,0.003,0,0.151,0.176,0.465,0.511,0.083,0.09,0.724,0.22,0.214,0.216,0.04,0.057,0.061,0.14,0.35,0.125,"2008",FALSE,0,0,23,FALSE
"334","Kasib Powell","SF",0.619,"MIA",0.134,0.049,0.086,0.034,0.044,0.491,0.02,0.037,0.242,0.028,0.035,0.435,0.457,0.008,0.009,0.667,0.015,0.036,0.029,0.015,0.037,0.005,0.011,0.049,0.03,"2008",FALSE,0,0,15,FALSE
"335","Ronnie Price","PG",0.571,"UTA",0.744,0.037,0.166,0.085,0.094,0.575,0.065,0.085,0.347,0.065,0.073,0.481,0.55,0.034,0.039,0.684,0.015,0.038,0.03,0.067,0.13,0.008,0.065,0.224,0.081,"2008",FALSE,0,0,54,FALSE
"336","Tayshaun Prince","SF",0.643,"DET",1,1,0.763,0.407,0.433,0.597,0.132,0.165,0.363,0.383,0.448,0.463,0.529,0.245,0.248,0.768,0.208,0.287,0.26,0.23,0.171,0.088,0.196,0.243,0.381,"2008",FALSE,0,0,59,FALSE
"337","Gabe Pruitt","PG",0.5,"BOS",0.183,0,0.027,0.014,0.018,0.479,0.007,0.014,0.25,0.011,0.015,0.407,0.441,0.001,0.002,0.5,0.002,0.007,0.005,0.011,0.02,0,0.011,0.027,0.011,"2008",FALSE,0,0,66,FALSE
"338","Joel Przybilla","C",0.667,"POR",0.939,0.817,0.515,0.139,0.115,0.768,0,0.001,0,0.15,0.14,0.578,0.64,0.11,0.126,0.68,0.373,0.451,0.424,0.023,0.053,0.247,0.205,0.631,0.131,"2008",FALSE,0,0,41,FALSE
"339","Chris Quinn","PG",0.571,"MIA",0.732,0.305,0.379,0.153,0.172,0.565,0.159,0.179,0.403,0.098,0.121,0.439,0.566,0.112,0.101,0.867,0.021,0.106,0.077,0.153,0.187,0.011,0.119,0.243,0.164,"2008",FALSE,0,0,15,FALSE
"340","Vladimir Radmanovic","SF",0.643,"LAL",0.793,0.5,0.42,0.191,0.201,0.604,0.236,0.264,0.406,0.107,0.114,0.507,0.624,0.069,0.067,0.8,0.107,0.158,0.141,0.106,0.187,0.032,0.157,0.396,0.192,"2008",FALSE,0,0,57,FALSE
"342","Zach Randolph","C",0.619,"NYK",0.841,0.829,0.635,0.47,0.487,0.612,0.055,0.09,0.275,0.483,0.552,0.474,0.522,0.295,0.297,0.772,0.352,0.522,0.464,0.12,0.24,0.043,0.401,0.523,0.43,"2008",FALSE,0,0,23,FALSE
"344","Michael Redd","SG",0.667,"MIL",0.878,0.866,0.765,0.532,0.572,0.589,0.323,0.405,0.362,0.437,0.499,0.475,0.55,0.532,0.504,0.82,0.163,0.222,0.202,0.212,0.264,0.035,0.39,0.323,0.576,"2008",FALSE,0,0,26,FALSE
"345","J.J. Redick","SG",0.548,"ORL",0.415,0,0.078,0.046,0.05,0.592,0.042,0.049,0.395,0.032,0.037,0.477,0.581,0.036,0.035,0.794,0.002,0.022,0.015,0.014,0.016,0,0.032,0.078,0.049,"2008",FALSE,0,0,52,FALSE
"347","Jason Richardson","SF",0.643,"CHA",1,1,0.891,0.627,0.676,0.588,0.604,0.676,0.406,0.421,0.49,0.466,0.582,0.329,0.341,0.752,0.153,0.358,0.288,0.222,0.472,0.152,0.358,0.65,0.631,"2008",FALSE,0,0,32,FALSE
"349","Quentin Richardson","SF",0.643,"NYK",0.793,0.793,0.521,0.192,0.255,0.479,0.172,0.242,0.322,0.135,0.192,0.381,0.468,0.079,0.091,0.682,0.107,0.257,0.206,0.1,0.179,0.04,0.149,0.412,0.186,"2008",FALSE,0,0,23,FALSE
"350","Luke Ridnour","PG",0.619,"SEA",0.744,0.061,0.346,0.142,0.169,0.532,0.052,0.08,0.296,0.131,0.168,0.424,0.476,0.103,0.094,0.857,0.025,0.08,0.061,0.207,0.15,0.037,0.172,0.323,0.139,"2008",FALSE,0,0,20,FALSE
"351","Nate Robinson","PG",0.548,"NYK",0.878,0.207,0.533,0.32,0.36,0.564,0.241,0.33,0.332,0.243,0.276,0.478,0.539,0.204,0.202,0.786,0.098,0.17,0.145,0.182,0.244,0.003,0.222,0.501,0.322,"2008",FALSE,0,0,23,FALSE
"352","Sergio Rodriguez","PG",0.5,"POR",0.878,0,0.178,0.067,0.09,0.469,0.042,0.065,0.293,0.054,0.078,0.377,0.439,0.033,0.039,0.658,0.025,0.045,0.038,0.106,0.098,0,0.114,0.154,0.064,"2008",FALSE,0,0,41,FALSE
"353","Rajon Rondo","PG",0.5,"BOS",0.939,0.939,0.653,0.339,0.328,0.656,0.012,0.021,0.263,0.36,0.391,0.499,0.551,0.142,0.18,0.611,0.149,0.242,0.21,0.338,0.524,0.035,0.317,0.504,0.287,"2008",FALSE,0,0,66,FALSE
"354","Malik Rose","PF",0.786,"NYK",0.598,0.037,0.14,0.064,0.083,0.489,0.005,0.008,0.286,0.067,0.098,0.37,0.413,0.049,0.052,0.725,0.059,0.071,0.067,0.024,0.065,0.019,0.086,0.216,0.06,"2008",FALSE,0,0,23,FALSE
"355","Quinton Ross","SG",0.619,"LAC",0.927,0.537,0.426,0.127,0.154,0.521,0.022,0.024,0.429,0.127,0.177,0.389,0.449,0.053,0.062,0.667,0.103,0.117,0.112,0.076,0.175,0.088,0.062,0.356,0.11,"2008",FALSE,0,0,23,FALSE
"356","Brandon Roy","SG",0.548,"POR",0.902,0.902,0.79,0.514,0.538,0.605,0.182,0.243,0.34,0.477,0.539,0.48,0.539,0.372,0.384,0.753,0.155,0.265,0.227,0.369,0.321,0.043,0.293,0.396,0.5,"2008",FALSE,0,0,41,FALSE
"358","Kareem Rush","SG",0.643,"IND",0.866,0.183,0.426,0.221,0.262,0.535,0.254,0.296,0.389,0.131,0.173,0.41,0.544,0.04,0.043,0.714,0.036,0.148,0.11,0.076,0.171,0.051,0.134,0.291,0.208,"2008",FALSE,0,0,36,FALSE
"359","John Salmons","SG",0.667,"SAC",0.988,0.5,0.712,0.368,0.368,0.636,0.097,0.135,0.325,0.356,0.383,0.504,0.557,0.283,0.267,0.823,0.145,0.271,0.228,0.179,0.378,0.082,0.366,0.461,0.358,"2008",FALSE,0,0,38,FALSE
"361","Brian Scalabrine","PF",0.69,"BOS",0.585,0.11,0.145,0.028,0.043,0.412,0.037,0.052,0.326,0.015,0.027,0.292,0.431,0.02,0.021,0.75,0.042,0.057,0.052,0.034,0.037,0.021,0.056,0.17,0.031,"2008",FALSE,0,0,66,FALSE
"362","Luis Scola","PF",0.643,"HOU",1,0.476,0.573,0.334,0.308,0.687,0,0.003,0,0.359,0.376,0.517,0.572,0.208,0.242,0.668,0.333,0.349,0.343,0.091,0.244,0.051,0.226,0.633,0.299,"2008",FALSE,0,0,55,FALSE
"363","Thabo Sefolosha","SG",0.548,"CHI",0.841,0.268,0.406,0.174,0.194,0.571,0.072,0.099,0.33,0.157,0.188,0.453,0.513,0.099,0.107,0.721,0.096,0.204,0.167,0.111,0.248,0.08,0.2,0.345,0.164,"2008",FALSE,0,0,33,FALSE
"365","Ramon Sessions","PG",0.5,"MIL",0.207,0.085,0.127,0.049,0.054,0.581,0.007,0.008,0.429,0.05,0.062,0.436,0.499,0.042,0.042,0.78,0.015,0.05,0.038,0.109,0.069,0.008,0.078,0.07,0.048,"2008",FALSE,0,0,26,FALSE
"366","Bobby Simmons","SF",0.643,"MIL",0.854,0.256,0.431,0.202,0.228,0.561,0.149,0.193,0.351,0.155,0.183,0.458,0.536,0.07,0.072,0.757,0.128,0.158,0.148,0.069,0.203,0.013,0.168,0.377,0.188,"2008",FALSE,0,0,26,FALSE
"369","Brian Skinner","C",0.738,"PHO",0.805,0,0.239,0.089,0.091,0.62,0.005,0.003,0.667,0.094,0.11,0.462,0.522,0.044,0.065,0.524,0.12,0.174,0.156,0.013,0.085,0.205,0.084,0.302,0.077,"2008",FALSE,0,0,55,FALSE
"370","Craig Smith","PF",0.571,"MIN",0.939,0.134,0.438,0.287,0.243,0.751,0,0.01,0,0.309,0.293,0.572,0.626,0.176,0.206,0.665,0.235,0.228,0.231,0.052,0.146,0.045,0.192,0.585,0.257,"2008",FALSE,0,0,22,FALSE
"371","J.R. Smith","SG",0.524,"DEN",0.902,0,0.402,0.301,0.31,0.615,0.391,0.44,0.403,0.16,0.16,0.542,0.642,0.169,0.183,0.719,0.082,0.108,0.099,0.11,0.252,0.032,0.241,0.388,0.32,"2008",FALSE,0,0,50,FALSE
"372","Jason Smith","PF",0.5,"PHI",0.927,0.012,0.313,0.136,0.143,0.607,0.01,0.016,0.286,0.143,0.167,0.463,0.512,0.071,0.084,0.659,0.147,0.152,0.15,0.017,0.089,0.133,0.103,0.383,0.12,"2008",FALSE,0,0,40,FALSE
"374","Josh Smith","PF",0.524,"ATL",0.988,0.988,0.813,0.501,0.521,0.609,0.062,0.112,0.253,0.513,0.583,0.477,0.52,0.44,0.483,0.71,0.308,0.502,0.436,0.234,0.5,0.604,0.528,0.725,0.492,"2008",FALSE,0,0,37,FALSE
"375","Eric Snow","PG",0.81,"CLE",0.268,0.061,0.086,0.006,0.017,0.211,0,0.002,0,0.006,0.02,0.167,0.176,0.013,0.023,0.455,0.008,0.016,0.013,0.036,0.041,0.011,0.022,0.081,0.008,"2008",FALSE,0,0,45,FALSE
"377","Darius Songaila","C",0.69,"WAS",0.976,0.159,0.44,0.207,0.215,0.611,0,0.002,0,0.223,0.262,0.46,0.509,0.089,0.075,0.918,0.155,0.189,0.177,0.116,0.215,0.043,0.185,0.488,0.175,"2008",FALSE,0,0,43,FALSE
"378","Jerry Stackhouse","SG",0.786,"DAL",0.707,0.159,0.4,0.206,0.242,0.54,0.149,0.208,0.326,0.159,0.193,0.447,0.513,0.175,0.152,0.892,0.063,0.099,0.087,0.125,0.114,0.027,0.185,0.221,0.218,"2008",FALSE,0,0,51,FALSE
"379","DeShawn Stevenson","SG",0.619,"WAS",1,1,0.726,0.291,0.359,0.515,0.393,0.466,0.383,0.149,0.207,0.39,0.541,0.208,0.203,0.797,0.071,0.197,0.154,0.216,0.264,0.04,0.22,0.296,0.324,"2008",FALSE,0,0,43,FALSE
"380","Peja Stojakovic","SF",0.714,"NOH",0.939,0.939,0.767,0.436,0.472,0.587,0.575,0.591,0.441,0.229,0.283,0.438,0.613,0.172,0.144,0.929,0.122,0.265,0.216,0.082,0.232,0.027,0.131,0.342,0.446,"2008",FALSE,0,0,56,FALSE
"381","Awvee Storey","SG",0.714,"MIL",0.317,0,0.073,0.038,0.041,0.584,0,0.008,0,0.041,0.046,0.476,0.487,0.019,0.03,0.483,0.059,0.023,0.035,0.014,0.028,0.003,0.022,0.111,0.032,"2008",FALSE,0,0,26,FALSE
"383","Salim Stoudamire","PG",0.595,"ATL",0.427,0,0.114,0.063,0.083,0.481,0.072,0.096,0.341,0.037,0.054,0.379,0.491,0.054,0.051,0.82,0.008,0.02,0.016,0.024,0.028,0.013,0.045,0.092,0.071,"2008",FALSE,0,0,37,FALSE
"384","Amar'e Stoudemire","C",0.595,"PHO",0.963,0.963,0.758,0.691,0.557,0.787,0.012,0.035,0.161,0.738,0.666,0.601,0.658,0.735,0.711,0.805,0.34,0.537,0.47,0.101,0.26,0.434,0.375,0.792,0.702,"2008",FALSE,0,0.021,55,TRUE
"385","D.J. Strawberry","SG",0.524,"PHO",0.402,0,0.076,0.028,0.042,0.42,0.015,0.028,0.24,0.024,0.038,0.343,0.387,0.012,0.02,0.474,0.017,0.019,0.018,0.026,0.049,0.016,0.024,0.097,0.026,"2008",FALSE,0,0,55,FALSE
"386","Rodney Stuckey","PG",0.5,"DET",0.695,0.024,0.306,0.148,0.176,0.535,0.007,0.018,0.188,0.156,0.206,0.41,0.449,0.168,0.16,0.814,0.061,0.096,0.084,0.137,0.199,0.016,0.168,0.305,0.154,"2008",FALSE,0,0,59,FALSE
"390","Sebastian Telfair","PG",0.524,"MIN",0.732,0.622,0.547,0.216,0.256,0.535,0.08,0.129,0.281,0.199,0.249,0.432,0.478,0.103,0.108,0.743,0.031,0.118,0.088,0.305,0.24,0.029,0.239,0.461,0.196,"2008",FALSE,0,0,22,FALSE
"391","Jason Terry","SG",0.714,"DAL",1,0.415,0.73,0.456,0.464,0.623,0.338,0.41,0.375,0.349,0.364,0.519,0.594,0.253,0.229,0.857,0.057,0.177,0.136,0.227,0.358,0.048,0.198,0.458,0.448,"2008",FALSE,0,0,51,FALSE
"395","Tim Thomas","PF",0.714,"LAC",0.768,0.622,0.549,0.281,0.324,0.551,0.206,0.306,0.306,0.216,0.245,0.479,0.524,0.152,0.157,0.752,0.119,0.259,0.211,0.147,0.163,0.077,0.211,0.518,0.275,"2008",FALSE,0,0,23,FALSE
"396","Tyrus Thomas","PF",0.5,"CHI",0.902,0.329,0.376,0.18,0.202,0.564,0.002,0.007,0.167,0.193,0.245,0.426,0.471,0.171,0.179,0.741,0.195,0.238,0.224,0.077,0.195,0.191,0.166,0.458,0.177,"2008",FALSE,0,0,33,FALSE
"397","Al Thornton","PF",0.571,"LAC",0.963,0.378,0.611,0.362,0.401,0.572,0.107,0.147,0.331,0.344,0.418,0.447,0.504,0.283,0.296,0.743,0.187,0.258,0.234,0.084,0.187,0.114,0.276,0.526,0.355,"2008",FALSE,0,0,23,FALSE
"398","Jamaal Tinsley","PG",0.69,"IND",0.476,0.439,0.366,0.17,0.213,0.507,0.1,0.159,0.284,0.142,0.182,0.422,0.47,0.095,0.103,0.72,0.046,0.116,0.092,0.28,0.268,0.027,0.28,0.261,0.164,"2008",FALSE,0,0,36,FALSE
"399","Alando Tucker","SF",0.548,"PHO",0.073,0,0.014,0.008,0.01,0.485,0.002,0.005,0.25,0.007,0.01,0.389,0.429,0.007,0.006,0.833,0.008,0.004,0.005,0,0,0.003,0,0.005,0.008,"2008",FALSE,0,0,55,FALSE
"400","Ronny Turiaf","C",0.595,"LAL",0.951,0.256,0.413,0.182,0.183,0.632,0,0.001,0,0.196,0.223,0.475,0.527,0.185,0.191,0.753,0.182,0.21,0.2,0.11,0.114,0.287,0.155,0.536,0.182,"2008",FALSE,0,0,57,FALSE
"401","Hedo Turkoglu","SF",0.667,"ORL",1,1,0.856,0.538,0.561,0.608,0.413,0.468,0.4,0.406,0.453,0.485,0.582,0.429,0.402,0.829,0.159,0.385,0.308,0.351,0.301,0.066,0.53,0.658,0.566,"2008",FALSE,0,0,52,FALSE
"402","Ime Udoka","PF",0.714,"SAS",0.89,0,0.372,0.154,0.173,0.565,0.152,0.186,0.37,0.102,0.118,0.467,0.561,0.058,0.06,0.759,0.069,0.191,0.149,0.054,0.228,0.045,0.125,0.342,0.149,"2008",FALSE,0,0,56,FALSE
"403","Beno Udrih","PG",0.595,"SAC",0.793,0.622,0.589,0.317,0.326,0.617,0.132,0.155,0.387,0.286,0.322,0.482,0.557,0.165,0.151,0.85,0.065,0.182,0.142,0.242,0.228,0.027,0.319,0.372,0.294,"2008",FALSE,0,0,38,FALSE
"404","Anderson Varejao","C",0.595,"CLE",0.585,0.159,0.374,0.132,0.136,0.615,0,0.002,0,0.142,0.165,0.464,0.512,0.065,0.084,0.598,0.256,0.263,0.261,0.046,0.15,0.069,0.127,0.361,0.113,"2008",FALSE,0,0,45,FALSE
"405","Jacque Vaughn","PG",0.762,"SAS",0.902,0.11,0.322,0.117,0.13,0.571,0.007,0.011,0.3,0.123,0.154,0.432,0.481,0.081,0.082,0.763,0.025,0.061,0.048,0.137,0.093,0.003,0.116,0.261,0.108,"2008",FALSE,0,0,56,FALSE
"406","Charlie Villanueva","PF",0.548,"MIL",0.927,0.378,0.518,0.342,0.375,0.58,0.137,0.209,0.297,0.311,0.355,0.475,0.521,0.163,0.162,0.783,0.277,0.319,0.305,0.067,0.122,0.093,0.231,0.469,0.313,"2008",FALSE,0,0,26,FALSE
"407","Marcus Vinicius","SF",0.548,"NOH",0.159,0,0.02,0.009,0.009,0.6,0.012,0.014,0.417,0.004,0.005,0.5,0.639,0.007,0.011,0.455,0.002,0.007,0.005,0.002,0.004,0.003,0.006,0.011,0.01,"2008",FALSE,0,0,56,FALSE
"409","Sasha Vujacic","SG",0.548,"LAL",0.878,0,0.362,0.212,0.222,0.605,0.294,0.305,0.437,0.105,0.12,0.476,0.641,0.101,0.094,0.835,0.036,0.134,0.101,0.062,0.146,0.013,0.112,0.288,0.223,"2008",FALSE,0,0,57,FALSE
"410","Dwyane Wade","SG",0.619,"MIA",0.622,0.598,0.553,0.425,0.431,0.625,0.055,0.087,0.286,0.434,0.485,0.485,0.533,0.468,0.48,0.758,0.086,0.168,0.14,0.304,0.354,0.098,0.483,0.369,0.443,"2008",FALSE,0,0,15,FALSE
"412","Antoine Walker","PF",0.738,"MIN",0.561,0.012,0.252,0.132,0.173,0.484,0.152,0.212,0.324,0.078,0.105,0.401,0.493,0.046,0.068,0.53,0.107,0.111,0.11,0.039,0.134,0.021,0.099,0.216,0.13,"2008",FALSE,0,0,22,FALSE
"414","Gerald Wallace","PF",0.595,"CHA",0.756,0.72,0.673,0.395,0.418,0.599,0.177,0.249,0.321,0.351,0.387,0.491,0.542,0.414,0.44,0.731,0.111,0.313,0.244,0.186,0.533,0.154,0.388,0.509,0.424,"2008",FALSE,0,0,32,FALSE
"415","Rasheed Wallace","C",0.786,"DET",0.939,0.927,0.664,0.364,0.4,0.576,0.279,0.356,0.356,0.275,0.313,0.476,0.552,0.152,0.154,0.767,0.161,0.424,0.334,0.118,0.37,0.343,0.185,0.574,0.346,"2008",FALSE,0,0.001,59,TRUE
"416","Luke Walton","SF",0.643,"LAL",0.902,0.378,0.489,0.208,0.22,0.6,0.07,0.095,0.333,0.195,0.222,0.475,0.532,0.102,0.112,0.706,0.163,0.205,0.19,0.187,0.244,0.048,0.216,0.358,0.189,"2008",FALSE,0,0,57,FALSE
"417","Hakim Warrick","PF",0.595,"MEM",0.915,0.366,0.496,0.317,0.301,0.669,0.032,0.054,0.271,0.328,0.341,0.521,0.569,0.242,0.267,0.704,0.235,0.231,0.233,0.046,0.146,0.074,0.183,0.42,0.301,"2008",FALSE,0,0,22,FALSE
"418","Darius Washington","SG",0.524,"SAS",0.22,0,0.041,0.02,0.022,0.584,0.01,0.014,0.333,0.018,0.02,0.472,0.532,0.009,0.013,0.538,0.008,0.016,0.013,0.013,0.02,0,0.03,0.043,0.019,"2008",FALSE,0,0,56,FALSE
"420","C.J. Watson","PG",0.548,"GSW",0.39,0,0.104,0.042,0.046,0.568,0.022,0.029,0.346,0.035,0.042,0.453,0.522,0.03,0.03,0.793,0.025,0.019,0.021,0.03,0.061,0,0.039,0.051,0.042,"2008",FALSE,0,0,48,FALSE
"421","Earl Watson","PG",0.667,"SEA",0.951,0.89,0.642,0.328,0.344,0.605,0.122,0.149,0.371,0.302,0.347,0.472,0.541,0.147,0.149,0.766,0.082,0.181,0.147,0.456,0.28,0.029,0.377,0.426,0.296,"2008",FALSE,0,0,20,FALSE
"423","Martell Webster","SF",0.5,"POR",0.915,0.854,0.603,0.268,0.302,0.563,0.306,0.358,0.388,0.16,0.191,0.454,0.573,0.161,0.171,0.735,0.103,0.24,0.193,0.077,0.171,0.074,0.179,0.429,0.282,"2008",FALSE,0,0,41,FALSE
"425","David West","PF",0.643,"NOH",0.927,0.927,0.812,0.608,0.601,0.643,0.015,0.028,0.24,0.648,0.722,0.487,0.538,0.397,0.363,0.85,0.344,0.492,0.441,0.152,0.252,0.263,0.356,0.561,0.552,"2008",FALSE,0,0,56,FALSE
"427","Mario West","SG",0.548,"ATL",0.78,0.024,0.076,0.02,0.023,0.572,0,0.005,0,0.022,0.025,0.467,0.477,0.022,0.027,0.654,0.05,0.022,0.031,0.011,0.049,0.011,0.019,0.164,0.021,"2008",FALSE,0,0,37,FALSE
"428","Chris Wilcox","PF",0.595,"SEA",0.756,0.671,0.492,0.323,0.294,0.699,0,0.003,0,0.348,0.358,0.526,0.582,0.212,0.255,0.645,0.241,0.305,0.283,0.064,0.187,0.096,0.222,0.469,0.292,"2008",FALSE,0,0,20,FALSE
"429","Damien Wilkins","SF",0.667,"SEA",0.927,0.378,0.522,0.262,0.31,0.537,0.124,0.175,0.323,0.23,0.292,0.427,0.489,0.14,0.148,0.736,0.138,0.172,0.16,0.129,0.252,0.051,0.192,0.345,0.246,"2008",FALSE,0,0,20,FALSE
"432","Deron Williams","PG",0.548,"UTA",1,1,0.866,0.547,0.514,0.676,0.206,0.237,0.395,0.503,0.512,0.533,0.604,0.437,0.423,0.803,0.065,0.208,0.159,0.741,0.366,0.061,0.601,0.539,0.546,"2008",FALSE,0,0.003,54,TRUE
"433","Jason Williams","PG",0.762,"MIA",0.817,0.646,0.534,0.204,0.253,0.512,0.241,0.31,0.353,0.119,0.155,0.415,0.524,0.091,0.082,0.863,0.023,0.117,0.085,0.264,0.337,0.013,0.196,0.251,0.208,"2008",FALSE,0,0,15,FALSE
"435","Lou Williams","PG",0.5,"PHI",0.976,0,0.527,0.309,0.346,0.565,0.137,0.173,0.359,0.275,0.338,0.441,0.512,0.3,0.298,0.783,0.078,0.125,0.109,0.217,0.329,0.035,0.269,0.35,0.325,"2008",FALSE,0,0,40,FALSE
"436","Marcus Williams","PG",0.524,"NJN",0.646,0.085,0.242,0.107,0.135,0.505,0.134,0.16,0.38,0.059,0.085,0.377,0.523,0.049,0.048,0.787,0.027,0.086,0.066,0.12,0.102,0.008,0.162,0.14,0.111,"2008",FALSE,0,0,34,FALSE
"438","Marvin Williams","SF",0.5,"ATL",0.976,0.976,0.783,0.41,0.422,0.616,0.002,0.011,0.1,0.44,0.512,0.466,0.513,0.444,0.421,0.822,0.228,0.336,0.299,0.118,0.329,0.088,0.274,0.606,0.418,"2008",FALSE,0,0,37,FALSE
"439","Mo Williams","PG",0.595,"MIL",0.805,0.805,0.682,0.426,0.423,0.64,0.221,0.261,0.385,0.366,0.388,0.512,0.587,0.22,0.2,0.856,0.071,0.192,0.15,0.36,0.317,0.027,0.392,0.507,0.401,"2008",FALSE,0,0,26,FALSE
"441","Shawne Williams","SF",0.5,"IND",0.793,0.037,0.274,0.154,0.171,0.569,0.107,0.155,0.314,0.121,0.133,0.494,0.539,0.101,0.109,0.717,0.103,0.121,0.115,0.051,0.106,0.069,0.125,0.356,0.154,"2008",FALSE,0,0,36,FALSE
"444","Metta World Peace","SF",0.667,"SAC",0.695,0.659,0.615,0.422,0.443,0.604,0.209,0.249,0.38,0.366,0.418,0.475,0.552,0.28,0.303,0.719,0.193,0.225,0.214,0.171,0.541,0.101,0.319,0.429,0.412,"2008",FALSE,0,0,38,FALSE
"447","Dorell Wright","SF",0.524,"MIA",0.537,0.415,0.312,0.138,0.135,0.651,0.01,0.012,0.364,0.145,0.159,0.493,0.55,0.075,0.071,0.826,0.092,0.171,0.144,0.052,0.118,0.109,0.062,0.213,0.123,"2008",FALSE,0,0,15,FALSE
"448","Julian Wright","SF",0.476,"NOH",0.695,0.012,0.181,0.087,0.078,0.711,0.025,0.027,0.417,0.083,0.082,0.552,0.624,0.044,0.053,0.635,0.063,0.083,0.076,0.034,0.118,0.032,0.073,0.116,0.079,"2008",FALSE,0,0,56,FALSE
"450","Nick Young","SG",0.524,"WAS",0.915,0.024,0.328,0.203,0.22,0.585,0.1,0.113,0.4,0.177,0.213,0.45,0.534,0.134,0.128,0.815,0.044,0.091,0.075,0.054,0.142,0.019,0.203,0.35,0.198,"2008",FALSE,0,0,43,FALSE
"451","Thaddeus Young","PF",0.452,"PHI",0.902,0.268,0.44,0.255,0.225,0.719,0.015,0.021,0.316,0.268,0.266,0.548,0.606,0.101,0.106,0.738,0.229,0.191,0.204,0.05,0.297,0.021,0.138,0.34,0.215,"2008",FALSE,0,0,40,FALSE
"  3","Arron Afflalo","SG",0.548,"DET",0.902,0.098,0.349,0.127,0.138,0.583,0.107,0.121,0.402,0.092,0.109,0.456,0.564,0.077,0.073,0.817,0.057,0.103,0.088,0.038,0.114,0.035,0.093,0.388,0.128,"2009",FALSE,0,0,39,FALSE
"  4","Maurice Ager","SG",0.571,"NJN",0.244,0,0.027,0.015,0.02,0.465,0,0.007,0,0.016,0.021,0.405,0.388,0.005,0.008,0.5,0.006,0.007,0.007,0.003,0.004,0.005,0.009,0.046,0.012,"2009",FALSE,0,0,34,FALSE
"  5","Blake Ahearn","PG",0.571,"SAS",0.037,0,0.005,0.002,0.003,0.444,0.005,0.005,0.5,0,0.001,0,0.556,0.003,0.002,1,0,0.001,0.001,0.002,0.004,0,0.002,0.008,0.003,"2009",FALSE,0,0,54,FALSE
"  6","Alexis Ajinca","PF",0.476,"CHA",0.378,0.049,0.052,0.024,0.032,0.483,0,0.002,0,0.026,0.038,0.373,0.402,0.026,0.029,0.714,0.017,0.021,0.02,0.003,0.028,0.016,0.026,0.092,0.025,"2009",FALSE,0,0,35,FALSE
"  7","LaMarcus Aldridge","PF",0.548,"POR",0.988,0.988,0.85,0.581,0.572,0.645,0.017,0.032,0.25,0.618,0.685,0.489,0.54,0.345,0.344,0.781,0.447,0.368,0.395,0.135,0.313,0.205,0.261,0.558,0.519,"2009",FALSE,0,0,54,FALSE
"  8","Joe Alexander","SF",0.524,"MIL",0.72,0,0.203,0.099,0.113,0.555,0.04,0.052,0.348,0.089,0.112,0.432,0.499,0.077,0.085,0.699,0.084,0.071,0.075,0.036,0.061,0.077,0.112,0.288,0.098,"2009",FALSE,0,0,34,FALSE
"  9","Malik Allen","PF",0.714,"MIL",0.598,0.037,0.164,0.071,0.078,0.572,0,0.001,0,0.076,0.095,0.432,0.477,0.013,0.022,0.476,0.067,0.068,0.067,0.03,0.028,0.032,0.043,0.24,0.055,"2009",FALSE,0,0,34,FALSE
" 10","Ray Allen","SG",0.786,"BOS",0.963,0.963,0.814,0.483,0.479,0.64,0.495,0.549,0.409,0.312,0.312,0.542,0.639,0.313,0.256,0.952,0.126,0.211,0.182,0.187,0.28,0.035,0.289,0.423,0.506,"2009",FALSE,0,0,62,FALSE
" 11","Tony Allen","SG",0.643,"BOS",0.561,0.024,0.251,0.132,0.131,0.643,0.015,0.03,0.222,0.136,0.145,0.51,0.548,0.104,0.112,0.725,0.042,0.081,0.068,0.057,0.22,0.061,0.166,0.264,0.127,"2009",FALSE,0,0,62,FALSE
" 12","Morris Almond","SG",0.548,"UTA",0.305,0.012,0.072,0.032,0.037,0.543,0.012,0.019,0.294,0.029,0.036,0.438,0.487,0.028,0.027,0.808,0.017,0.027,0.024,0.006,0.016,0.011,0.034,0.084,0.032,"2009",FALSE,0,0,48,FALSE
" 14","Lou Amundson","PF",0.619,"PHO",0.927,0,0.295,0.13,0.115,0.715,0,0.001,0,0.139,0.14,0.538,0.596,0.07,0.123,0.442,0.245,0.141,0.176,0.024,0.13,0.173,0.121,0.415,0.113,"2009",FALSE,0,0,46,FALSE
" 15","Chris Andersen","C",0.714,"DEN",0.866,0.012,0.413,0.155,0.134,0.731,0.005,0.011,0.2,0.164,0.159,0.56,0.612,0.172,0.186,0.718,0.312,0.277,0.289,0.027,0.167,0.465,0.149,0.469,0.16,"2009",FALSE,0,0,54,FALSE
" 16","Ryan Anderson","PF",0.476,"NJN",0.805,0.366,0.371,0.155,0.187,0.524,0.172,0.213,0.365,0.095,0.123,0.417,0.531,0.13,0.119,0.845,0.199,0.206,0.203,0.045,0.179,0.053,0.136,0.423,0.172,"2009",FALSE,0,0,34,FALSE
" 17","Carmelo Anthony","SF",0.571,"DEN",0.805,0.805,0.644,0.517,0.555,0.591,0.157,0.192,0.371,0.491,0.585,0.455,0.521,0.491,0.481,0.793,0.203,0.342,0.294,0.191,0.305,0.064,0.429,0.526,0.531,"2009",FALSE,0,0,54,FALSE
" 19","Gilbert Arenas","PG",0.643,"WAS",0.024,0.024,0.018,0.006,0.011,0.348,0.005,0.008,0.286,0.004,0.009,0.25,0.338,0.016,0.016,0.75,0.002,0.008,0.006,0.017,0,0.003,0.002,0.011,0.009,"2009",FALSE,0,0,19,FALSE
" 20","Trevor Ariza","SF",0.548,"LAL",1,0.244,0.566,0.265,0.274,0.613,0.152,0.216,0.319,0.222,0.228,0.526,0.568,0.159,0.174,0.71,0.212,0.239,0.23,0.125,0.557,0.064,0.188,0.447,0.257,"2009",FALSE,0,0,65,FALSE
" 21","Hilton Armstrong","C",0.571,"NOH",0.854,0.354,0.309,0.133,0.113,0.748,0,0.002,0,0.144,0.138,0.566,0.623,0.082,0.101,0.633,0.155,0.113,0.127,0.025,0.106,0.12,0.172,0.488,0.119,"2009",FALSE,0,0,49,FALSE
" 22","Darrell Arthur","PF",0.476,"MEM",0.927,0.78,0.414,0.185,0.201,0.584,0,0.002,0,0.199,0.245,0.44,0.487,0.053,0.062,0.667,0.207,0.236,0.226,0.037,0.211,0.138,0.101,0.555,0.149,"2009",FALSE,0,0,24,FALSE
" 24","D.J. Augustin","PG",0.5,"CHA",0.878,0.146,0.54,0.258,0.286,0.573,0.269,0.278,0.439,0.165,0.212,0.424,0.574,0.275,0.24,0.893,0.033,0.115,0.087,0.215,0.171,0.005,0.256,0.377,0.3,"2009",FALSE,0,0,35,FALSE
" 25","Kelenna Azubuike","SF",0.595,"GSW",0.902,0.622,0.672,0.379,0.389,0.619,0.234,0.237,0.448,0.31,0.358,0.469,0.578,0.245,0.236,0.808,0.214,0.256,0.242,0.101,0.232,0.133,0.205,0.493,0.375,"2009",FALSE,0,0,29,FALSE
" 26","Renaldo Balkman","PF",0.571,"DEN",0.646,0.122,0.221,0.106,0.091,0.744,0.005,0.008,0.286,0.112,0.107,0.568,0.626,0.056,0.067,0.646,0.164,0.116,0.133,0.029,0.191,0.061,0.075,0.264,0.093,"2009",FALSE,0,0,54,FALSE
" 28","Leandro Barbosa","SG",0.619,"PHO",0.854,0.134,0.483,0.354,0.349,0.643,0.224,0.271,0.375,0.287,0.293,0.532,0.602,0.226,0.2,0.881,0.065,0.146,0.118,0.139,0.333,0.019,0.2,0.31,0.351,"2009",FALSE,0,0,46,FALSE
" 29","J.J. Barea","SG",0.571,"DAL",0.963,0.183,0.453,0.238,0.256,0.589,0.137,0.174,0.357,0.199,0.227,0.474,0.546,0.093,0.096,0.753,0.069,0.14,0.116,0.231,0.15,0.013,0.226,0.326,0.218,"2009",FALSE,0,0,50,FALSE
" 30","Andrea Bargnani","PF",0.548,"TOR",0.951,0.72,0.694,0.417,0.441,0.6,0.296,0.328,0.409,0.325,0.376,0.468,0.569,0.292,0.274,0.831,0.134,0.344,0.272,0.081,0.138,0.258,0.291,0.652,0.424,"2009",FALSE,0,0,33,FALSE
" 31","Matt Barnes","PF",0.667,"PHO",0.939,0.488,0.589,0.276,0.31,0.564,0.291,0.385,0.343,0.175,0.188,0.505,0.567,0.134,0.14,0.743,0.151,0.34,0.275,0.182,0.211,0.069,0.28,0.563,0.278,"2009",FALSE,0,0,46,FALSE
" 32","Brent Barry","SG",0.881,"HOU",0.683,0.012,0.243,0.068,0.079,0.543,0.122,0.148,0.374,0.022,0.023,0.512,0.61,0.025,0.021,0.95,0.033,0.076,0.061,0.067,0.098,0.008,0.103,0.121,0.073,"2009",FALSE,0,0,53,FALSE
" 33","Brandon Bass","C",0.548,"DAL",0.988,0,0.446,0.244,0.234,0.661,0,0.007,0,0.262,0.283,0.502,0.551,0.241,0.216,0.867,0.247,0.236,0.24,0.037,0.11,0.146,0.185,0.377,0.242,"2009",FALSE,0,0,50,FALSE
" 34","Maceo Baston","PF",0.786,"IND",0.329,0,0.061,0.024,0.021,0.724,0,0.001,0,0.026,0.025,0.556,0.603,0.022,0.028,0.63,0.042,0.03,0.034,0.006,0.024,0.027,0.026,0.105,0.024,"2009",FALSE,0,0,36,FALSE
" 35","Tony Battie","PF",0.762,"ORL",0.939,0.037,0.34,0.153,0.149,0.652,0.005,0.01,0.222,0.162,0.177,0.497,0.547,0.071,0.084,0.659,0.176,0.185,0.182,0.027,0.106,0.066,0.099,0.302,0.131,"2009",FALSE,0,0,59,FALSE
" 36","Shane Battier","SG",0.714,"HOU",0.732,0.72,0.575,0.14,0.163,0.547,0.226,0.267,0.384,0.056,0.066,0.462,0.598,0.073,0.069,0.821,0.099,0.231,0.186,0.118,0.195,0.144,0.106,0.307,0.154,"2009",FALSE,0,0,53,FALSE
" 37","Nicolas Batum","SF",0.476,"POR",0.963,0.927,0.412,0.156,0.166,0.595,0.154,0.19,0.369,0.103,0.109,0.513,0.591,0.056,0.053,0.808,0.161,0.135,0.144,0.064,0.203,0.106,0.108,0.375,0.15,"2009",FALSE,0,0,54,FALSE
" 38","Jerryd Bayless","PG",0.476,"POR",0.646,0,0.185,0.067,0.087,0.487,0.017,0.03,0.259,0.065,0.091,0.383,0.427,0.11,0.106,0.806,0.015,0.049,0.037,0.067,0.065,0.005,0.121,0.218,0.081,"2009",FALSE,0,0,54,FALSE
" 39","Michael Beasley","PF",0.476,"MIA",0.988,0.232,0.569,0.437,0.44,0.629,0.082,0.091,0.407,0.436,0.494,0.478,0.544,0.246,0.248,0.772,0.21,0.327,0.287,0.071,0.167,0.098,0.261,0.496,0.397,"2009",FALSE,0,0,43,FALSE
" 40","Marco Belinelli","SG",0.524,"GSW",0.512,0.28,0.25,0.135,0.146,0.589,0.129,0.148,0.397,0.092,0.105,0.473,0.582,0.053,0.053,0.769,0.019,0.061,0.046,0.076,0.146,0.003,0.127,0.197,0.131,"2009",FALSE,0,0,29,FALSE
" 41","Charlie Bell","SG",0.69,"MIL",0.854,0.28,0.505,0.21,0.241,0.552,0.216,0.271,0.363,0.135,0.16,0.458,0.552,0.087,0.082,0.825,0.061,0.101,0.088,0.13,0.203,0.019,0.164,0.372,0.207,"2009",FALSE,0,0,34,FALSE
" 43","Mike Bibby","PG",0.714,"ATL",0.963,0.963,0.776,0.423,0.462,0.58,0.415,0.483,0.39,0.281,0.325,0.468,0.576,0.179,0.176,0.789,0.073,0.238,0.182,0.337,0.398,0.029,0.276,0.391,0.415,"2009",FALSE,0,0,47,FALSE
" 44","Andris Biedrins","C",0.524,"GSW",0.756,0.707,0.527,0.298,0.245,0.771,0,0.001,0,0.32,0.3,0.579,0.642,0.157,0.222,0.551,0.426,0.467,0.453,0.104,0.256,0.255,0.237,0.636,0.26,"2009",FALSE,0,0,29,FALSE
" 46","Steve Blake","PG",0.667,"POR",0.841,0.841,0.619,0.268,0.298,0.571,0.348,0.37,0.427,0.143,0.18,0.429,0.596,0.083,0.077,0.84,0.054,0.144,0.113,0.299,0.28,0.011,0.233,0.34,0.267,"2009",FALSE,0,0,54,FALSE
" 47","Andray Blatche","C",0.524,"WAS",0.866,0.439,0.482,0.287,0.29,0.628,0.012,0.024,0.238,0.304,0.343,0.479,0.528,0.151,0.167,0.704,0.241,0.25,0.247,0.101,0.215,0.197,0.252,0.569,0.252,"2009",FALSE,0,0,19,FALSE
" 48","Mark Blount","C",0.786,"MIA",0.244,0,0.059,0.029,0.036,0.513,0.027,0.03,0.407,0.02,0.029,0.373,0.506,0.011,0.013,0.615,0.019,0.031,0.027,0.003,0.004,0.019,0.03,0.046,0.028,"2009",FALSE,0,0,43,FALSE
" 51","Matt Bonner","PF",0.667,"SAS",0.988,0.817,0.546,0.257,0.247,0.661,0.294,0.302,0.44,0.154,0.151,0.552,0.673,0.022,0.024,0.739,0.185,0.287,0.252,0.07,0.191,0.069,0.08,0.512,0.236,"2009",FALSE,0,0,54,FALSE
" 55","Chris Bosh","C",0.571,"TOR",0.939,0.939,0.829,0.595,0.581,0.649,0.03,0.055,0.245,0.627,0.685,0.497,0.547,0.667,0.635,0.817,0.411,0.552,0.504,0.164,0.272,0.205,0.375,0.509,0.617,"2009",FALSE,0,0,33,FALSE
" 56","Bruce Bowen","SF",0.881,"SAS",0.976,0.122,0.426,0.076,0.086,0.563,0.104,0.111,0.429,0.039,0.05,0.416,0.594,0.019,0.027,0.538,0.031,0.128,0.095,0.034,0.146,0.035,0.054,0.332,0.076,"2009",FALSE,0,0,54,FALSE
" 59","Corey Brewer","SF",0.524,"MIN",0.183,0.098,0.087,0.036,0.041,0.548,0.012,0.014,0.417,0.033,0.044,0.41,0.488,0.019,0.02,0.737,0.034,0.031,0.032,0.021,0.061,0.008,0.028,0.1,0.033,"2009",FALSE,0,0,24,FALSE
" 60","Ronnie Brewer","SF",0.548,"UTA",0.988,0.976,0.737,0.407,0.381,0.677,0.055,0.096,0.259,0.415,0.419,0.537,0.58,0.327,0.362,0.702,0.193,0.198,0.196,0.154,0.561,0.08,0.237,0.345,0.392,"2009",FALSE,0,0,48,FALSE
" 61","Aaron Brooks","PG",0.571,"HOU",0.976,0.427,0.566,0.306,0.36,0.539,0.281,0.349,0.366,0.211,0.267,0.428,0.529,0.197,0.177,0.866,0.063,0.123,0.103,0.204,0.187,0.021,0.269,0.41,0.316,"2009",FALSE,0,0,53,FALSE
" 65","Devin Brown","SG",0.714,"NOH",0.768,0.061,0.246,0.107,0.144,0.473,0.07,0.109,0.289,0.086,0.122,0.384,0.443,0.103,0.103,0.78,0.059,0.087,0.078,0.046,0.13,0.013,0.116,0.218,0.116,"2009",FALSE,0,0,49,FALSE
" 68","Kobe Bryant","SG",0.714,"LAL",1,1,0.838,0.774,0.788,0.623,0.294,0.379,0.351,0.71,0.776,0.496,0.558,0.639,0.58,0.856,0.172,0.337,0.28,0.343,0.488,0.098,0.453,0.509,0.777,"2009",FALSE,2,0.577,65,TRUE
" 69","Greg Buckner","SF",0.762,"MEM",0.768,0,0.249,0.059,0.073,0.512,0.032,0.058,0.255,0.05,0.061,0.444,0.472,0.026,0.026,0.8,0.061,0.097,0.085,0.049,0.118,0.021,0.082,0.291,0.055,"2009",FALSE,0,0,24,FALSE
" 70","Caron Butler","SG",0.667,"WAS",0.817,0.817,0.732,0.475,0.499,0.604,0.162,0.237,0.31,0.443,0.494,0.487,0.536,0.456,0.414,0.858,0.226,0.294,0.271,0.249,0.431,0.053,0.453,0.445,0.492,"2009",FALSE,0,0,19,FALSE
" 71","Rasual Butler","SF",0.69,"NOH",1,0.902,0.74,0.337,0.37,0.577,0.348,0.405,0.39,0.216,0.25,0.468,0.579,0.114,0.113,0.782,0.094,0.22,0.177,0.064,0.207,0.162,0.127,0.429,0.326,"2009",FALSE,0,0,49,FALSE
" 73","Will Bynum","PG",0.619,"DET",0.695,0.012,0.227,0.151,0.157,0.608,0.007,0.021,0.158,0.159,0.182,0.474,0.512,0.126,0.122,0.798,0.036,0.056,0.049,0.135,0.138,0.005,0.164,0.229,0.145,"2009",FALSE,0,0,39,FALSE
" 74","Jose Calderon","PG",0.643,"TOR",0.829,0.829,0.66,0.309,0.296,0.663,0.204,0.228,0.406,0.248,0.249,0.538,0.623,0.2,0.158,0.981,0.031,0.177,0.127,0.521,0.301,0.019,0.308,0.307,0.308,"2009",FALSE,0,0,33,FALSE
" 75","Marcus Camby","C",0.81,"LAC",0.756,0.671,0.545,0.246,0.228,0.683,0.002,0.005,0.25,0.263,0.277,0.514,0.57,0.175,0.187,0.725,0.308,0.525,0.451,0.109,0.207,0.351,0.2,0.348,0.226,"2009",FALSE,0,0,19,FALSE
" 76","Brian Cardinal","PF",0.738,"MIN",0.78,0.049,0.257,0.063,0.078,0.513,0.075,0.104,0.326,0.036,0.043,0.455,0.526,0.04,0.036,0.857,0.075,0.102,0.093,0.065,0.15,0.035,0.103,0.364,0.067,"2009",FALSE,0,0,24,FALSE
" 77","Rodney Carney","SG",0.571,"MIN",0.817,0.073,0.339,0.17,0.195,0.555,0.197,0.255,0.35,0.101,0.111,0.492,0.566,0.066,0.068,0.758,0.069,0.089,0.082,0.022,0.183,0.077,0.093,0.253,0.17,"2009",FALSE,0,0,24,FALSE
" 79","Anthony Carter","PG",0.786,"DEN",0.951,0.061,0.506,0.162,0.178,0.577,0.052,0.099,0.239,0.152,0.168,0.49,0.511,0.075,0.08,0.731,0.076,0.164,0.134,0.313,0.39,0.035,0.334,0.383,0.145,"2009",FALSE,0,0,54,FALSE
" 80","Vince Carter","SG",0.762,"NJN",0.976,0.976,0.834,0.569,0.619,0.583,0.376,0.442,0.385,0.455,0.538,0.459,0.548,0.443,0.422,0.817,0.141,0.334,0.268,0.323,0.333,0.101,0.358,0.631,0.587,"2009",FALSE,0,0,34,FALSE
" 81","Mario Chalmers","PG",0.524,"MIA",1,1,0.743,0.269,0.305,0.56,0.284,0.351,0.367,0.171,0.198,0.467,0.562,0.196,0.199,0.767,0.071,0.19,0.149,0.346,0.65,0.021,0.356,0.647,0.289,"2009",FALSE,0,0,43,FALSE
" 83","Wilson Chandler","SF",0.5,"NYK",1,0.854,0.774,0.44,0.485,0.576,0.256,0.354,0.328,0.366,0.417,0.476,0.534,0.226,0.221,0.795,0.174,0.352,0.291,0.146,0.289,0.199,0.3,0.674,0.418,"2009",FALSE,0,0,32,FALSE
" 88","Nick Collison","C",0.667,"OKC",0.866,0.488,0.518,0.235,0.197,0.757,0,0.002,0,0.253,0.24,0.57,0.631,0.13,0.14,0.721,0.346,0.306,0.32,0.057,0.207,0.133,0.157,0.644,0.206,"2009",FALSE,0,0,23,FALSE
" 89","Mike Conley","PG",0.5,"MEM",1,0.744,0.71,0.312,0.336,0.589,0.219,0.245,0.406,0.245,0.289,0.458,0.559,0.213,0.203,0.817,0.048,0.249,0.18,0.304,0.366,0.021,0.308,0.394,0.316,"2009",FALSE,0,0,24,FALSE
" 91","Daequan Cook","SF",0.5,"MIA",0.915,0.049,0.519,0.234,0.297,0.5,0.381,0.446,0.387,0.093,0.141,0.356,0.549,0.065,0.058,0.875,0.036,0.169,0.124,0.061,0.159,0.027,0.091,0.337,0.242,"2009",FALSE,0,0,43,FALSE
" 93","Joe Crawford","SF",0.524,"NYK",0.024,0,0.007,0.003,0.005,0.4,0.002,0.005,0.25,0.002,0.003,0.333,0.389,0.003,0.002,1,0.002,0.003,0.003,0.001,0.004,0,0,0.005,0.003,"2009",FALSE,0,0,32,FALSE
" 97","Samuel Dalembert","C",0.643,"PHI",1,1,0.576,0.209,0.2,0.664,0,0.002,0,0.225,0.244,0.5,0.553,0.12,0.128,0.734,0.409,0.484,0.458,0.015,0.134,0.388,0.252,0.668,0.185,"2009",FALSE,0,0,41,FALSE
"100","Marquis Daniels","SF",0.667,"IND",0.659,0.524,0.481,0.301,0.317,0.601,0.045,0.102,0.2,0.305,0.338,0.489,0.516,0.123,0.133,0.721,0.153,0.167,0.162,0.098,0.252,0.069,0.203,0.323,0.259,"2009",FALSE,0,0,36,FALSE
"102","Baron Davis","PG",0.69,"LAC",0.793,0.732,0.636,0.343,0.441,0.493,0.246,0.37,0.302,0.266,0.356,0.406,0.469,0.21,0.216,0.757,0.088,0.191,0.156,0.43,0.439,0.093,0.416,0.52,0.342,"2009",FALSE,0,0,19,FALSE
"103","Glen Davis","C",0.548,"BOS",0.927,0.195,0.463,0.192,0.207,0.589,0.005,0.006,0.4,0.205,0.251,0.443,0.493,0.172,0.183,0.73,0.231,0.179,0.197,0.059,0.215,0.051,0.153,0.62,0.187,"2009",FALSE,0,0,62,FALSE
"104","Paul Davis","PF",0.571,"LAC",0.329,0.012,0.091,0.039,0.045,0.544,0,0.001,0,0.042,0.055,0.412,0.453,0.036,0.035,0.794,0.054,0.039,0.044,0.01,0.041,0.008,0.028,0.119,0.038,"2009",FALSE,0,0,19,FALSE
"105","Ricky Davis","SG",0.69,"LAC",0.439,0.11,0.222,0.08,0.113,0.452,0.087,0.125,0.315,0.05,0.076,0.358,0.456,0.041,0.037,0.861,0.017,0.051,0.039,0.07,0.077,0.013,0.084,0.17,0.082,"2009",FALSE,0,0,19,FALSE
"106","Luol Deng","SF",0.548,"CHI",0.598,0.561,0.471,0.256,0.272,0.597,0.02,0.023,0.4,0.267,0.322,0.45,0.506,0.201,0.197,0.796,0.153,0.214,0.193,0.081,0.244,0.066,0.155,0.229,0.244,"2009",FALSE,0,0,41,FALSE
"108","Yakhouba Diawara","SF",0.619,"MIA",0.768,0.256,0.241,0.074,0.1,0.467,0.127,0.184,0.313,0.026,0.03,0.463,0.52,0.013,0.02,0.526,0.05,0.056,0.054,0.023,0.053,0.016,0.034,0.202,0.075,"2009",FALSE,0,0,43,FALSE
"109","Travis Diener","PG",0.619,"IND",0.671,0,0.204,0.072,0.082,0.551,0.114,0.133,0.39,0.029,0.034,0.459,0.602,0.016,0.015,0.8,0.011,0.079,0.056,0.105,0.106,0.013,0.045,0.113,0.073,"2009",FALSE,0,0,36,FALSE
"112","Juan Dixon","PG",0.714,"WAS",0.61,0.073,0.231,0.098,0.118,0.527,0.062,0.085,0.333,0.079,0.102,0.42,0.492,0.045,0.04,0.872,0.015,0.059,0.044,0.101,0.142,0.016,0.151,0.199,0.092,"2009",FALSE,0,0,19,FALSE
"113","Keyon Dooling","PG",0.667,"NJN",0.939,0.22,0.587,0.252,0.275,0.581,0.246,0.265,0.421,0.169,0.205,0.446,0.577,0.168,0.158,0.825,0.046,0.13,0.101,0.232,0.289,0.021,0.226,0.364,0.264,"2009",FALSE,0,0,34,FALSE
"116","Chris Douglas-Roberts","SG",0.524,"NJN",0.537,0.037,0.166,0.078,0.081,0.613,0.007,0.014,0.25,0.081,0.092,0.476,0.521,0.067,0.064,0.823,0.027,0.036,0.033,0.045,0.049,0.019,0.067,0.092,0.076,"2009",FALSE,0,0,34,FALSE
"117","Goran Dragic","PG",0.524,"PHO",0.671,0.012,0.206,0.085,0.103,0.524,0.05,0.061,0.37,0.071,0.096,0.4,0.487,0.066,0.067,0.769,0.063,0.07,0.067,0.095,0.118,0.008,0.157,0.235,0.087,"2009",FALSE,0,0,46,FALSE
"119","Chris Duhon","PG",0.619,"NYK",0.963,0.951,0.823,0.278,0.313,0.561,0.316,0.367,0.391,0.166,0.201,0.449,0.572,0.237,0.215,0.856,0.086,0.2,0.161,0.486,0.293,0.019,0.476,0.34,0.311,"2009",FALSE,0,0,32,FALSE
"120","Tim Duncan","C",0.762,"SAS",0.915,0.915,0.714,0.54,0.509,0.672,0,0.002,0,0.581,0.623,0.505,0.56,0.442,0.497,0.692,0.384,0.595,0.523,0.227,0.154,0.335,0.356,0.466,0.512,"2009",FALSE,0,0.002,54,TRUE
"121","Mike Dunleavy","SG",0.667,"IND",0.22,0.171,0.14,0.09,0.107,0.535,0.08,0.102,0.356,0.063,0.08,0.43,0.522,0.07,0.067,0.815,0.027,0.054,0.044,0.038,0.049,0.024,0.082,0.097,0.096,"2009",FALSE,0,0,36,FALSE
"122","Kevin Durant","SF",0.476,"OKC",0.902,0.902,0.817,0.639,0.64,0.635,0.241,0.26,0.422,0.587,0.654,0.486,0.567,0.598,0.539,0.863,0.147,0.402,0.315,0.176,0.39,0.141,0.485,0.361,0.661,"2009",FALSE,0,0,23,FALSE
"123","Monta Ellis","SG",0.548,"GSW",0.305,0.305,0.252,0.188,0.198,0.601,0.02,0.029,0.308,0.194,0.228,0.46,0.511,0.103,0.097,0.83,0.027,0.093,0.071,0.08,0.159,0.021,0.144,0.181,0.167,"2009",FALSE,0,0,29,FALSE
"124","Francisco Elson","C",0.762,"MIL",0.72,0.28,0.277,0.08,0.078,0.655,0.002,0.005,0.25,0.085,0.093,0.497,0.549,0.044,0.04,0.846,0.191,0.128,0.15,0.027,0.146,0.096,0.103,0.388,0.071,"2009",FALSE,0,0,34,FALSE
"126","Maurice Evans","SF",0.714,"ATL",0.976,0.305,0.521,0.201,0.222,0.576,0.244,0.28,0.395,0.114,0.132,0.47,0.592,0.079,0.075,0.822,0.168,0.154,0.159,0.046,0.203,0.027,0.093,0.439,0.203,"2009",FALSE,0,0,47,FALSE
"127","Reggie Evans","PF",0.667,"PHI",0.963,0.085,0.322,0.076,0.082,0.592,0,0.001,0,0.082,0.1,0.446,0.493,0.138,0.18,0.594,0.258,0.224,0.236,0.022,0.167,0.021,0.149,0.434,0.093,"2009",FALSE,0,0,41,FALSE
"128","Jordan Farmar","PG",0.524,"LAL",0.793,0,0.337,0.156,0.19,0.521,0.122,0.165,0.336,0.117,0.15,0.421,0.5,0.06,0.079,0.584,0.042,0.094,0.076,0.133,0.232,0.027,0.188,0.283,0.147,"2009",FALSE,0,0,65,FALSE
"129","Desmon Farmer","SG",0.643,"SAS",0.037,0,0.015,0.004,0.006,0.381,0.007,0.014,0.25,0.001,0.001,0.5,0.437,0.003,0.002,1,0,0.006,0.004,0.002,0,0,0.009,0.016,0.005,"2009",FALSE,0,0,54,FALSE
"130","Raymond Felton","PG",0.571,"CHA",1,0.988,0.873,0.427,0.498,0.544,0.147,0.234,0.285,0.399,0.494,0.437,0.483,0.29,0.28,0.805,0.103,0.254,0.203,0.475,0.512,0.08,0.491,0.515,0.41,"2009",FALSE,0,0,35,FALSE
"131","Rudy Fernandez","SG",0.548,"POR",0.951,0.049,0.564,0.259,0.29,0.567,0.396,0.449,0.399,0.113,0.131,0.47,0.613,0.159,0.147,0.839,0.09,0.159,0.135,0.137,0.28,0.032,0.185,0.299,0.288,"2009",FALSE,0,0,54,FALSE
"133","Michael Finley","SF",0.833,"SAS",0.988,0.939,0.661,0.291,0.317,0.583,0.326,0.36,0.411,0.177,0.209,0.459,0.591,0.067,0.064,0.823,0.05,0.242,0.176,0.098,0.15,0.045,0.131,0.221,0.277,"2009",FALSE,0,0,54,FALSE
"134","Derek Fisher","PG",0.81,"LAL",1,1,0.691,0.282,0.317,0.565,0.299,0.341,0.397,0.179,0.218,0.446,0.569,0.146,0.134,0.846,0.048,0.162,0.123,0.224,0.386,0.016,0.155,0.504,0.287,"2009",FALSE,0,0,65,FALSE
"135","T.J. Ford","PG",0.595,"IND",0.902,0.598,0.639,0.399,0.42,0.603,0.087,0.117,0.337,0.393,0.456,0.467,0.524,0.324,0.289,0.872,0.113,0.199,0.169,0.337,0.362,0.043,0.388,0.485,0.391,"2009",FALSE,0,0,36,FALSE
"136","Jeff Foster","C",0.762,"IND",0.902,0.317,0.517,0.171,0.162,0.668,0.005,0.008,0.286,0.182,0.195,0.506,0.56,0.127,0.15,0.658,0.411,0.291,0.332,0.112,0.215,0.13,0.19,0.617,0.16,"2009",FALSE,0,0,36,FALSE
"137","Randy Foye","SG",0.595,"MIN",0.854,0.744,0.706,0.386,0.451,0.543,0.276,0.348,0.36,0.3,0.38,0.428,0.514,0.304,0.28,0.846,0.065,0.179,0.14,0.26,0.293,0.069,0.323,0.542,0.402,"2009",FALSE,0,0,24,FALSE
"139","Channing Frye","PF",0.595,"POR",0.768,0.012,0.211,0.109,0.123,0.564,0.027,0.037,0.333,0.106,0.132,0.436,0.493,0.034,0.037,0.722,0.078,0.098,0.092,0.021,0.069,0.043,0.062,0.286,0.093,"2009",FALSE,0,0,54,FALSE
"140","Dan Gadzuric","C",0.714,"MIL",0.817,0.317,0.266,0.113,0.112,0.64,0,0.002,0,0.122,0.136,0.483,0.533,0.049,0.07,0.544,0.182,0.159,0.167,0.034,0.13,0.114,0.088,0.437,0.096,"2009",FALSE,0,0,34,FALSE
"141","Danilo Gallinari","SG",0.476,"NYK",0.341,0.024,0.117,0.054,0.058,0.597,0.08,0.081,0.444,0.025,0.03,0.453,0.64,0.034,0.028,0.963,0.025,0.042,0.036,0.013,0.057,0.011,0.032,0.129,0.06,"2009",FALSE,0,0,32,FALSE
"142","Francisco Garcia","SF",0.643,"SAC",0.793,0.439,0.559,0.285,0.306,0.592,0.219,0.249,0.398,0.215,0.25,0.466,0.567,0.193,0.183,0.82,0.107,0.161,0.142,0.129,0.325,0.178,0.241,0.528,0.291,"2009",FALSE,0,0,17,FALSE
"143","Thomas Gardner","SG",0.548,"ATL",0.195,0,0.028,0.009,0.017,0.333,0.01,0.026,0.174,0.005,0.007,0.385,0.34,0.003,0.004,0.5,0,0.007,0.005,0.002,0.016,0.003,0.006,0.011,0.008,"2009",FALSE,0,0,47,FALSE
"144","Kevin Garnett","PF",0.762,"BOS",0.695,0.695,0.502,0.38,0.341,0.708,0.005,0.009,0.25,0.407,0.413,0.534,0.591,0.147,0.136,0.841,0.149,0.404,0.317,0.124,0.256,0.181,0.194,0.345,0.317,"2009",FALSE,0,0,62,FALSE
"145","Marc Gasol","C",0.571,"MEM",1,0.915,0.714,0.338,0.304,0.707,0,0.001,0,0.364,0.372,0.53,0.589,0.364,0.386,0.733,0.384,0.401,0.395,0.123,0.256,0.239,0.353,0.714,0.344,"2009",FALSE,0,0,24,FALSE
"146","Pau Gasol","C",0.667,"LAL",0.988,0.988,0.849,0.573,0.481,0.756,0.002,0.002,0.5,0.615,0.588,0.567,0.63,0.454,0.452,0.781,0.501,0.514,0.51,0.244,0.211,0.215,0.338,0.464,0.54,"2009",FALSE,0,0,65,FALSE
"147","Rudy Gay","SF",0.524,"MEM",0.963,0.951,0.834,0.553,0.581,0.604,0.211,0.273,0.351,0.507,0.575,0.477,0.541,0.349,0.354,0.767,0.208,0.326,0.286,0.116,0.398,0.157,0.438,0.596,0.527,"2009",FALSE,0,0,24,FALSE
"148","Devean George","SF",0.738,"DAL",0.524,0.207,0.2,0.052,0.065,0.507,0.055,0.086,0.289,0.033,0.037,0.485,0.509,0.022,0.023,0.773,0.048,0.053,0.051,0.013,0.093,0.029,0.037,0.154,0.052,"2009",FALSE,0,0,50,FALSE
"149","Daniel Gibson","PG",0.524,"CLE",0.915,0,0.508,0.199,0.243,0.521,0.269,0.319,0.382,0.102,0.138,0.402,0.548,0.087,0.088,0.767,0.059,0.123,0.101,0.113,0.179,0.043,0.131,0.439,0.207,"2009",FALSE,0,0,66,FALSE
"152","Manu Ginobili","SG",0.738,"SAS",0.537,0.085,0.334,0.216,0.226,0.605,0.172,0.236,0.33,0.16,0.159,0.546,0.582,0.222,0.195,0.884,0.046,0.173,0.129,0.135,0.26,0.043,0.19,0.243,0.241,"2009",FALSE,0,0,54,FALSE
"153","Ryan Gomes","SF",0.619,"MIN",1,0.927,0.74,0.406,0.448,0.575,0.264,0.322,0.372,0.327,0.389,0.456,0.54,0.193,0.186,0.807,0.203,0.284,0.256,0.116,0.256,0.059,0.276,0.493,0.386,"2009",FALSE,0,0,24,FALSE
"155","Ben Gordon","SG",0.595,"CHI",1,0.927,0.849,0.578,0.605,0.607,0.43,0.476,0.41,0.442,0.504,0.476,0.579,0.437,0.393,0.864,0.099,0.229,0.185,0.24,0.289,0.059,0.431,0.496,0.6,"2009",FALSE,0,0,41,FALSE
"156","Eric Gordon","SG",0.476,"LAC",0.951,0.793,0.758,0.397,0.415,0.608,0.326,0.38,0.389,0.291,0.318,0.496,0.588,0.396,0.36,0.854,0.086,0.155,0.131,0.185,0.317,0.093,0.353,0.464,0.442,"2009",FALSE,0,0,19,FALSE
"157","Marcin Gortat","PF",0.571,"ORL",0.768,0.037,0.225,0.103,0.086,0.756,0.002,0.001,1,0.109,0.105,0.565,0.633,0.034,0.046,0.578,0.184,0.189,0.187,0.012,0.073,0.141,0.054,0.299,0.084,"2009",FALSE,0,0,59,FALSE
"158","Joey Graham","SF",0.619,"TOR",0.951,0.122,0.436,0.223,0.221,0.641,0.007,0.018,0.188,0.237,0.262,0.491,0.538,0.175,0.165,0.825,0.182,0.196,0.191,0.041,0.142,0.032,0.159,0.515,0.211,"2009",FALSE,0,0,33,FALSE
"159","Stephen Graham","SG",0.619,"IND",0.634,0.073,0.194,0.103,0.118,0.552,0.05,0.074,0.303,0.089,0.107,0.453,0.503,0.066,0.064,0.806,0.04,0.074,0.063,0.028,0.041,0.011,0.097,0.221,0.1,"2009",FALSE,0,0,36,FALSE
"160","Danny Granger","SF",0.595,"IND",0.817,0.805,0.686,0.552,0.588,0.596,0.453,0.508,0.404,0.405,0.466,0.47,0.576,0.534,0.473,0.878,0.094,0.29,0.223,0.157,0.28,0.258,0.356,0.558,0.61,"2009",FALSE,0,0,36,FALSE
"161","Aaron Gray","C",0.571,"CHI",0.683,0.22,0.202,0.078,0.077,0.647,0,0.001,0,0.084,0.094,0.488,0.539,0.045,0.061,0.576,0.161,0.135,0.144,0.04,0.057,0.048,0.086,0.364,0.069,"2009",FALSE,0,0,41,FALSE
"162","Gerald Green","SG",0.548,"DAL",0.463,0.146,0.106,0.076,0.083,0.585,0.035,0.052,0.304,0.068,0.076,0.485,0.531,0.036,0.033,0.844,0.027,0.04,0.035,0.013,0.041,0.013,0.071,0.137,0.07,"2009",FALSE,0,0,50,FALSE
"163","Jeff Green","PF",0.524,"OKC",0.951,0.951,0.813,0.46,0.491,0.595,0.239,0.279,0.389,0.395,0.463,0.463,0.546,0.32,0.316,0.788,0.229,0.396,0.339,0.133,0.329,0.088,0.373,0.544,0.456,"2009",FALSE,0,0,23,FALSE
"164","Willie Green","SG",0.643,"PHI",0.988,0.732,0.517,0.277,0.303,0.58,0.127,0.182,0.317,0.245,0.28,0.473,0.526,0.082,0.087,0.729,0.055,0.096,0.082,0.136,0.215,0.035,0.138,0.415,0.242,"2009",FALSE,0,0,41,FALSE
"165","Donte Greene","SF",0.476,"SAC",0.671,0.049,0.205,0.074,0.109,0.435,0.065,0.113,0.26,0.053,0.077,0.375,0.423,0.038,0.035,0.853,0.036,0.067,0.056,0.026,0.065,0.037,0.08,0.183,0.074,"2009",FALSE,0,0,17,FALSE
"167","Malik Hairston","SG",0.5,"SAS",0.183,0,0.044,0.023,0.023,0.653,0,0.001,0,0.025,0.027,0.5,0.544,0.003,0.007,0.286,0.021,0.017,0.018,0.011,0.024,0.019,0.026,0.051,0.018,"2009",FALSE,0,0,54,FALSE
"168","Richard Hamilton","SG",0.714,"DET",0.817,0.622,0.645,0.451,0.48,0.596,0.174,0.214,0.368,0.412,0.481,0.464,0.533,0.295,0.271,0.848,0.084,0.162,0.135,0.255,0.163,0.011,0.287,0.474,0.433,"2009",FALSE,0,0,39,FALSE
"169","Matt Harpring","SG",0.762,"UTA",0.768,0.024,0.196,0.107,0.111,0.615,0,0.002,0,0.116,0.135,0.464,0.512,0.073,0.074,0.764,0.09,0.075,0.08,0.024,0.118,0.024,0.062,0.275,0.098,"2009",FALSE,0,0,48,FALSE
"171","Devin Harris","PG",0.595,"NJN",0.841,0.841,0.706,0.44,0.478,0.584,0.159,0.248,0.291,0.407,0.462,0.477,0.521,0.656,0.622,0.82,0.057,0.2,0.151,0.409,0.463,0.035,0.457,0.442,0.519,"2009",FALSE,0,0,34,FALSE
"174","Trenton Hassell","SF",0.69,"NJN",0.646,0.378,0.31,0.083,0.088,0.6,0.005,0.009,0.25,0.087,0.103,0.459,0.506,0.026,0.026,0.8,0.096,0.095,0.095,0.044,0.085,0.043,0.065,0.248,0.069,"2009",FALSE,0,0,34,FALSE
"175","Spencer Hawes","C",0.476,"SAC",0.939,0.622,0.639,0.361,0.368,0.621,0.1,0.13,0.348,0.347,0.386,0.486,0.546,0.119,0.14,0.662,0.283,0.398,0.359,0.128,0.179,0.247,0.345,0.671,0.309,"2009",FALSE,0,0,17,FALSE
"176","Chuck Hayes","C",0.595,"HOU",0.866,0.012,0.243,0.041,0.052,0.496,0,0.005,0,0.044,0.061,0.385,0.413,0.009,0.02,0.368,0.141,0.175,0.163,0.036,0.138,0.051,0.054,0.361,0.032,"2009",FALSE,0,0,53,FALSE
"177","Jarvis Hayes","SF",0.643,"NJN",0.902,0.012,0.519,0.249,0.266,0.593,0.234,0.275,0.385,0.17,0.188,0.489,0.586,0.048,0.053,0.692,0.052,0.238,0.175,0.046,0.211,0.019,0.106,0.437,0.227,"2009",FALSE,0,0,34,FALSE
"180","Walter Herrmann","SF",0.69,"DET",0.72,0,0.178,0.079,0.095,0.528,0.102,0.135,0.342,0.043,0.049,0.471,0.55,0.025,0.026,0.76,0.054,0.078,0.07,0.019,0.028,0.011,0.037,0.116,0.079,"2009",FALSE,0,0,39,FALSE
"183","Nene Hilario","C",0.619,"DEN",0.939,0.927,0.71,0.414,0.326,0.805,0.002,0.006,0.2,0.444,0.397,0.607,0.671,0.352,0.379,0.723,0.35,0.412,0.391,0.093,0.386,0.269,0.317,0.749,0.397,"2009",FALSE,0,0,54,FALSE
"184","George Hill","PG",0.524,"SAS",0.939,0.085,0.359,0.145,0.171,0.537,0.06,0.082,0.329,0.131,0.169,0.421,0.483,0.151,0.15,0.781,0.057,0.127,0.103,0.117,0.183,0.056,0.159,0.404,0.155,"2009",FALSE,0,0,54,FALSE
"185","Grant Hill","SF",0.857,"PHO",1,0.829,0.692,0.377,0.343,0.697,0.06,0.086,0.316,0.381,0.377,0.547,0.6,0.239,0.23,0.808,0.122,0.339,0.265,0.16,0.366,0.144,0.272,0.491,0.348,"2009",FALSE,0,0,46,FALSE
"187","Kirk Hinrich","SG",0.667,"CHI",0.622,0.049,0.379,0.177,0.193,0.583,0.172,0.191,0.408,0.119,0.141,0.456,0.577,0.09,0.088,0.791,0.031,0.106,0.08,0.169,0.268,0.051,0.188,0.34,0.178,"2009",FALSE,0,0,41,FALSE
"189","Al Horford","C",0.524,"ATL",0.817,0.817,0.635,0.302,0.273,0.7,0,0.001,0,0.325,0.334,0.526,0.583,0.197,0.211,0.727,0.277,0.476,0.408,0.14,0.215,0.253,0.222,0.512,0.273,"2009",FALSE,0,0,47,FALSE
"190","Eddie House","PG",0.714,"BOS",0.988,0,0.419,0.241,0.258,0.593,0.376,0.384,0.444,0.102,0.124,0.445,0.643,0.056,0.055,0.792,0.021,0.145,0.103,0.079,0.248,0.019,0.119,0.305,0.244,"2009",FALSE,0,0,62,FALSE
"191","Dwight Howard","C",0.548,"ORL",0.963,0.963,0.798,0.542,0.451,0.763,0,0.002,0,0.583,0.551,0.573,0.636,0.667,0.873,0.594,0.642,0.752,0.714,0.096,0.313,0.614,0.517,0.728,0.573,"2009",FALSE,1,0.271,59,TRUE
"192","Josh Howard","SF",0.667,"DAL",0.634,0.622,0.471,0.341,0.36,0.601,0.144,0.19,0.345,0.307,0.347,0.48,0.542,0.228,0.226,0.782,0.113,0.203,0.172,0.071,0.224,0.08,0.192,0.364,0.331,"2009",FALSE,0,0,50,FALSE
"196","Lindsey Hunter","PG",0.905,"CHI",0.341,0,0.075,0.026,0.038,0.439,0.04,0.054,0.333,0.011,0.019,0.324,0.474,0.004,0.005,0.6,0.004,0.01,0.008,0.032,0.081,0.003,0.041,0.075,0.026,"2009",FALSE,0,0,41,FALSE
"198","Andre Iguodala","SF",0.595,"PHI",1,1,0.925,0.524,0.528,0.631,0.199,0.295,0.307,0.481,0.5,0.521,0.563,0.499,0.536,0.724,0.176,0.376,0.308,0.373,0.533,0.096,0.478,0.41,0.544,"2009",FALSE,0,0,41,FALSE
"199","Zydrunas Ilgauskas","C",0.786,"CLE",0.793,0.793,0.5,0.331,0.333,0.629,0.037,0.044,0.385,0.34,0.386,0.477,0.537,0.184,0.179,0.799,0.3,0.331,0.32,0.055,0.114,0.223,0.194,0.493,0.296,"2009",FALSE,0,0,66,FALSE
"200","Didier Ilunga-Mbenga","C",0.667,"LAL",0.28,0,0.051,0.026,0.026,0.632,0,0.001,0,0.028,0.032,0.482,0.527,0.009,0.008,0.875,0.017,0.022,0.02,0.008,0.041,0.064,0.028,0.089,0.022,"2009",FALSE,0,0,65,FALSE
"202","Royal Ivey","SG",0.643,"PHI",0.866,0,0.244,0.067,0.096,0.443,0.097,0.129,0.342,0.031,0.053,0.319,0.472,0.045,0.044,0.791,0.036,0.057,0.05,0.037,0.146,0.019,0.05,0.205,0.075,"2009",FALSE,0,0,41,FALSE
"203","Jarrett Jack","SG",0.595,"IND",1,0.646,0.769,0.373,0.393,0.604,0.194,0.249,0.353,0.32,0.356,0.487,0.553,0.296,0.271,0.852,0.084,0.23,0.18,0.29,0.358,0.045,0.397,0.482,0.379,"2009",FALSE,0,0,36,FALSE
"204","Bobby Jackson","PG",0.833,"SAC",0.866,0.122,0.42,0.187,0.223,0.531,0.149,0.222,0.305,0.138,0.162,0.462,0.511,0.114,0.104,0.851,0.08,0.157,0.131,0.123,0.252,0.011,0.142,0.27,0.188,"2009",FALSE,0,0,17,FALSE
"205","Darnell Jackson","PF",0.548,"CLE",0.622,0.024,0.122,0.036,0.04,0.573,0,0.002,0,0.039,0.047,0.44,0.478,0.032,0.036,0.686,0.061,0.055,0.057,0.007,0.041,0.011,0.03,0.208,0.035,"2009",FALSE,0,0,66,FALSE
"206","Stephen Jackson","SF",0.714,"GSW",0.72,0.72,0.662,0.399,0.459,0.552,0.256,0.344,0.338,0.323,0.39,0.448,0.518,0.389,0.366,0.826,0.134,0.231,0.198,0.327,0.358,0.082,0.494,0.412,0.432,"2009",FALSE,0,0,29,FALSE
"208","LeBron James","SF",0.571,"CLE",0.988,0.988,0.864,0.763,0.742,0.652,0.328,0.433,0.344,0.684,0.693,0.535,0.589,0.786,0.784,0.78,0.203,0.503,0.401,0.504,0.557,0.247,0.519,0.375,0.814,"2009",TRUE,109,0.969,66,TRUE
"210","Antawn Jamison","PF",0.762,"WAS",0.988,0.988,0.876,0.652,0.663,0.624,0.279,0.36,0.351,0.585,0.633,0.501,0.563,0.451,0.465,0.754,0.375,0.521,0.471,0.131,0.386,0.066,0.269,0.588,0.636,"2009",FALSE,0,0,19,FALSE
"211","Marko Jaric","SG",0.714,"MEM",0.646,0,0.171,0.046,0.067,0.441,0.027,0.032,0.393,0.039,0.066,0.316,0.41,0.038,0.042,0.707,0.044,0.042,0.042,0.064,0.118,0.029,0.106,0.167,0.048,"2009",FALSE,0,0,24,FALSE
"213","Al Jefferson","C",0.571,"MIN",0.61,0.61,0.52,0.469,0.449,0.663,0,0.005,0,0.505,0.548,0.499,0.552,0.246,0.259,0.738,0.329,0.373,0.358,0.068,0.159,0.221,0.198,0.38,0.408,"2009",FALSE,0,0,24,FALSE
"214","Dontell Jefferson","SG",0.595,"CHA",0.073,0,0.024,0.011,0.01,0.667,0.002,0.002,0.5,0.01,0.011,0.5,0.581,0.008,0.009,0.667,0.002,0.011,0.008,0.008,0.016,0.003,0.013,0.024,0.01,"2009",FALSE,0,0,35,FALSE
"215","Richard Jefferson","SF",0.667,"MIL",1,1,0.832,0.519,0.562,0.585,0.289,0.33,0.397,0.438,0.525,0.453,0.541,0.552,0.533,0.805,0.109,0.315,0.244,0.171,0.268,0.037,0.356,0.679,0.567,"2009",FALSE,0,0,34,FALSE
"216","Jared Jeffries","SF",0.643,"NYK",0.683,0.439,0.371,0.116,0.126,0.587,0.002,0.014,0.083,0.124,0.147,0.456,0.49,0.073,0.093,0.611,0.245,0.102,0.151,0.069,0.191,0.088,0.14,0.412,0.105,"2009",FALSE,0,0,32,FALSE
"217","Yi Jianlian","PF",0.5,"NJN",0.744,0.634,0.402,0.185,0.23,0.509,0.119,0.158,0.343,0.149,0.203,0.397,0.478,0.126,0.127,0.772,0.128,0.257,0.213,0.052,0.118,0.096,0.151,0.423,0.185,"2009",FALSE,0,0,34,FALSE
"219","Anthony Johnson","PG",0.81,"ORL",0.976,0.146,0.419,0.149,0.175,0.539,0.129,0.15,0.391,0.106,0.14,0.411,0.524,0.081,0.083,0.753,0.055,0.117,0.096,0.172,0.187,0.013,0.177,0.299,0.149,"2009",FALSE,0,0,59,FALSE
"220","Joe Johnson","SG",0.643,"ATL",0.963,0.963,0.884,0.6,0.653,0.583,0.371,0.467,0.36,0.49,0.567,0.468,0.543,0.396,0.372,0.826,0.124,0.279,0.226,0.391,0.341,0.051,0.42,0.474,0.596,"2009",FALSE,0,0,47,FALSE
"223","Dahntay Jones","SG",0.667,"DEN",0.963,0.866,0.404,0.149,0.155,0.611,0.027,0.019,0.647,0.149,0.18,0.448,0.528,0.146,0.155,0.728,0.111,0.109,0.11,0.067,0.199,0.051,0.147,0.536,0.151,"2009",FALSE,0,0,54,FALSE
"226","Fred Jones","SF",0.69,"LAC",0.634,0.256,0.423,0.125,0.146,0.543,0.134,0.166,0.367,0.078,0.096,0.441,0.547,0.087,0.083,0.815,0.044,0.102,0.082,0.162,0.215,0.029,0.142,0.302,0.133,"2009",FALSE,0,0,19,FALSE
"227","James Jones","SF",0.667,"MIA",0.488,0.012,0.178,0.053,0.069,0.492,0.082,0.108,0.344,0.023,0.03,0.415,0.533,0.034,0.032,0.839,0.023,0.05,0.041,0.017,0.049,0.037,0.026,0.156,0.06,"2009",FALSE,0,0,43,FALSE
"228","Solomon Jones","C",0.571,"ATL",0.768,0,0.191,0.065,0.051,0.805,0.002,0.002,0.5,0.069,0.061,0.606,0.676,0.07,0.076,0.716,0.099,0.089,0.093,0.013,0.028,0.09,0.058,0.337,0.066,"2009",FALSE,0,0,47,FALSE
"231","Jason Kapono","SG",0.643,"TOR",0.976,0.146,0.518,0.252,0.278,0.576,0.244,0.258,0.428,0.17,0.212,0.435,0.57,0.045,0.043,0.81,0.05,0.136,0.107,0.09,0.089,0.008,0.151,0.388,0.231,"2009",FALSE,0,0,33,FALSE
"232","Jason Kidd","PG",0.833,"DAL",0.988,0.988,0.817,0.249,0.284,0.555,0.326,0.365,0.406,0.131,0.166,0.427,0.58,0.114,0.108,0.819,0.163,0.412,0.327,0.603,0.65,0.104,0.399,0.453,0.258,"2009",FALSE,0,0,50,FALSE
"233","Tarence Kinsey","SG",0.571,"CLE",0.61,0.037,0.078,0.03,0.032,0.599,0.017,0.02,0.389,0.025,0.029,0.471,0.556,0.044,0.039,0.868,0.019,0.028,0.025,0.009,0.049,0,0.047,0.092,0.036,"2009",FALSE,0,0,66,FALSE
"234","Andrei Kirilenko","PF",0.643,"UTA",0.817,0.122,0.518,0.248,0.262,0.599,0.05,0.082,0.274,0.246,0.28,0.475,0.519,0.323,0.32,0.785,0.161,0.233,0.208,0.15,0.337,0.205,0.261,0.342,0.274,"2009",FALSE,0,0,48,FALSE
"235","Linas Kleiza","SF",0.571,"DEN",1,0.085,0.516,0.279,0.297,0.596,0.216,0.301,0.326,0.21,0.214,0.533,0.572,0.196,0.21,0.725,0.176,0.233,0.214,0.055,0.126,0.037,0.177,0.418,0.287,"2009",FALSE,0,0,54,FALSE
"236","Brevin Knight","PG",0.786,"UTA",0.902,0,0.265,0.064,0.087,0.465,0,0.007,0,0.069,0.103,0.361,0.388,0.063,0.066,0.75,0.025,0.074,0.058,0.163,0.276,0.011,0.142,0.264,0.064,"2009",FALSE,0,0,48,FALSE
"237","Kyle Korver","SF",0.643,"UTA",0.951,0.024,0.53,0.237,0.258,0.584,0.256,0.301,0.386,0.148,0.165,0.485,0.588,0.148,0.131,0.882,0.067,0.221,0.169,0.118,0.191,0.08,0.194,0.458,0.249,"2009",FALSE,0,0,48,FALSE
"240","Rob Kurz","SF",0.548,"GSW",0.488,0.061,0.125,0.049,0.06,0.519,0.037,0.043,0.395,0.037,0.052,0.387,0.497,0.053,0.051,0.8,0.063,0.048,0.053,0.017,0.057,0.051,0.034,0.21,0.055,"2009",FALSE,0,0,29,FALSE
"241","Carl Landry","PF",0.595,"HOU",0.841,0,0.415,0.232,0.192,0.765,0.002,0.003,0.333,0.249,0.234,0.576,0.639,0.208,0.199,0.813,0.237,0.217,0.224,0.034,0.106,0.082,0.147,0.447,0.225,"2009",FALSE,0,0,53,FALSE
"242","Acie Law","PG",0.571,"ATL",0.671,0.012,0.159,0.05,0.064,0.499,0.022,0.033,0.31,0.045,0.062,0.391,0.451,0.065,0.062,0.817,0.011,0.052,0.038,0.074,0.045,0.008,0.062,0.116,0.057,"2009",FALSE,0,0,47,FALSE
"243","Courtney Lee","SG",0.548,"ORL",0.939,0.512,0.549,0.235,0.249,0.6,0.204,0.229,0.404,0.168,0.19,0.478,0.584,0.103,0.097,0.83,0.034,0.159,0.116,0.078,0.309,0.037,0.149,0.423,0.228,"2009",FALSE,0,0,59,FALSE
"244","David Lee","C",0.595,"NYK",0.988,0.902,0.799,0.505,0.438,0.732,0,0.003,0,0.543,0.535,0.551,0.61,0.329,0.34,0.755,0.489,0.69,0.622,0.149,0.325,0.059,0.323,0.701,0.457,"2009",FALSE,0,0,32,FALSE
"245","Rashard Lewis","PF",0.69,"ORL",0.963,0.963,0.809,0.462,0.501,0.585,0.547,0.625,0.397,0.268,0.302,0.482,0.6,0.298,0.277,0.836,0.176,0.358,0.296,0.176,0.329,0.136,0.341,0.523,0.495,"2009",FALSE,0,0,59,FALSE
"247","Brook Lopez","C",0.476,"NJN",1,0.915,0.708,0.433,0.388,0.708,0,0.002,0,0.466,0.475,0.532,0.59,0.228,0.223,0.793,0.43,0.437,0.435,0.074,0.179,0.402,0.317,0.693,0.377,"2009",FALSE,0,0,34,FALSE
"248","Robin Lopez","C",0.476,"PHO",0.732,0.085,0.174,0.069,0.063,0.691,0,0.001,0,0.074,0.077,0.522,0.576,0.062,0.07,0.691,0.099,0.066,0.077,0.007,0.045,0.109,0.06,0.261,0.067,"2009",FALSE,0,0,46,FALSE
"249","Kevin Love","C",0.476,"MIN",0.988,0.451,0.58,0.306,0.317,0.612,0.005,0.021,0.105,0.327,0.377,0.469,0.512,0.351,0.346,0.789,0.524,0.457,0.48,0.072,0.142,0.133,0.254,0.553,0.317,"2009",FALSE,0,0,24,FALSE
"253","Corey Maggette","PF",0.69,"GSW",0.622,0.232,0.449,0.282,0.292,0.615,0.06,0.107,0.253,0.279,0.304,0.497,0.532,0.452,0.427,0.824,0.094,0.231,0.184,0.079,0.179,0.021,0.259,0.518,0.335,"2009",FALSE,0,0,29,FALSE
"255","Stephon Marbury","PG",0.738,"BOS",0.28,0.049,0.117,0.037,0.051,0.456,0.015,0.028,0.24,0.033,0.049,0.372,0.41,0.008,0.013,0.462,0.004,0.026,0.018,0.064,0.041,0.008,0.08,0.092,0.031,"2009",FALSE,0,0,62,FALSE
"257","Sean Marks","C",0.786,"NOH",0.732,0.061,0.237,0.077,0.076,0.647,0.005,0.011,0.2,0.081,0.087,0.503,0.546,0.04,0.045,0.682,0.119,0.124,0.122,0.012,0.028,0.088,0.075,0.326,0.068,"2009",FALSE,0,0,49,FALSE
"258","Donyell Marshall","PF",0.833,"PHI",0.305,0,0.053,0.032,0.034,0.603,0.062,0.062,0.455,0.008,0.01,0.444,0.692,0.004,0.006,0.5,0.011,0.034,0.026,0.013,0.016,0.013,0.013,0.065,0.033,"2009",FALSE,0,0,41,FALSE
"259","Cartier Martin","SF",0.571,"CHA",0.402,0.012,0.075,0.027,0.035,0.485,0.025,0.037,0.303,0.019,0.025,0.409,0.477,0.026,0.026,0.8,0.013,0.026,0.022,0.011,0.033,0.011,0.019,0.089,0.03,"2009",FALSE,0,0,35,FALSE
"260","Kenyon Martin","PF",0.738,"DEN",0.805,0.805,0.598,0.308,0.298,0.655,0.035,0.043,0.368,0.316,0.344,0.498,0.558,0.157,0.203,0.604,0.155,0.312,0.258,0.113,0.39,0.197,0.224,0.542,0.272,"2009",FALSE,0,0,54,FALSE
"261","Kevin Martin","SG",0.595,"SAC",0.622,0.561,0.551,0.33,0.373,0.56,0.286,0.313,0.415,0.235,0.301,0.423,0.546,0.604,0.542,0.867,0.055,0.153,0.12,0.119,0.248,0.021,0.315,0.313,0.443,"2009",FALSE,0,0,17,FALSE
"262","Desmond Mason","SG",0.738,"OKC",0.476,0.232,0.301,0.12,0.131,0.58,0,0.003,0,0.129,0.159,0.44,0.483,0.061,0.087,0.541,0.078,0.115,0.103,0.04,0.061,0.08,0.121,0.259,0.104,"2009",FALSE,0,0,23,FALSE
"263","Roger Mason","SG",0.667,"SAS",1,0.866,0.706,0.338,0.378,0.567,0.413,0.445,0.421,0.19,0.241,0.428,0.584,0.139,0.121,0.89,0.031,0.233,0.164,0.149,0.163,0.032,0.216,0.431,0.342,"2009",FALSE,0,0,54,FALSE
"264","Jason Maxiell","C",0.595,"DET",0.951,0.049,0.399,0.178,0.147,0.767,0,0.001,0,0.191,0.18,0.577,0.639,0.111,0.163,0.532,0.323,0.154,0.212,0.021,0.102,0.168,0.097,0.423,0.16,"2009",FALSE,0,0,39,FALSE
"265","Sean May","PF",0.571,"CHA",0.293,0.146,0.085,0.038,0.045,0.531,0.002,0.001,1,0.04,0.055,0.392,0.448,0.019,0.021,0.7,0.038,0.049,0.045,0.009,0.02,0.011,0.056,0.086,0.033,"2009",FALSE,0,0,35,FALSE
"266","O.J. Mayo","SG",0.5,"MEM",1,1,0.883,0.544,0.59,0.584,0.361,0.427,0.384,0.434,0.51,0.461,0.55,0.327,0.289,0.879,0.107,0.25,0.201,0.225,0.37,0.035,0.487,0.55,0.535,"2009",FALSE,0,0,24,FALSE
"267","Luc Mbah a Moute","PF",0.524,"MIL",1,0.634,0.598,0.22,0.226,0.616,0,0.005,0,0.236,0.275,0.466,0.513,0.185,0.198,0.729,0.361,0.296,0.318,0.075,0.354,0.12,0.216,0.55,0.21,"2009",FALSE,0,0,34,FALSE
"271","Tracy McGrady","SG",0.69,"HOU",0.427,0.427,0.334,0.182,0.223,0.517,0.109,0.132,0.376,0.15,0.208,0.391,0.481,0.165,0.16,0.801,0.038,0.133,0.101,0.15,0.171,0.04,0.149,0.102,0.192,"2009",FALSE,0,0,53,FALSE
"272","Dominic McGuire","SF",0.548,"WAS",0.963,0.695,0.586,0.135,0.149,0.576,0.005,0.005,0.5,0.144,0.18,0.431,0.483,0.098,0.105,0.725,0.216,0.313,0.28,0.17,0.252,0.197,0.198,0.412,0.126,"2009",FALSE,0,0,19,FALSE
"273","Josh McRoberts","PF",0.5,"IND",0.402,0,0.079,0.034,0.038,0.563,0,0.011,0,0.036,0.041,0.479,0.469,0.013,0.013,0.769,0.05,0.048,0.048,0.014,0.049,0.043,0.026,0.111,0.028,"2009",FALSE,0,0,36,FALSE
"276","C.J. Miles","SG",0.5,"UTA",0.878,0.878,0.459,0.25,0.259,0.612,0.157,0.202,0.352,0.203,0.216,0.509,0.572,0.103,0.092,0.876,0.086,0.121,0.109,0.092,0.187,0.04,0.138,0.504,0.232,"2009",FALSE,0,0,48,FALSE
"277","Darius Miles","SF",0.643,"MEM",0.415,0,0.084,0.046,0.046,0.647,0.002,0.007,0.167,0.049,0.052,0.505,0.544,0.03,0.032,0.742,0.036,0.038,0.037,0.015,0.045,0.053,0.045,0.086,0.042,"2009",FALSE,0,0,24,FALSE
"279","Andre Miller","PG",0.762,"PHI",1,1,0.842,0.476,0.479,0.631,0.037,0.06,0.283,0.496,0.557,0.483,0.533,0.447,0.421,0.826,0.235,0.243,0.241,0.459,0.443,0.037,0.429,0.528,0.472,"2009",FALSE,0,0,41,FALSE
"281","Mike Miller","SF",0.667,"MIN",0.89,0.573,0.667,0.255,0.252,0.643,0.211,0.254,0.378,0.186,0.182,0.554,0.621,0.144,0.153,0.732,0.14,0.407,0.316,0.28,0.122,0.082,0.312,0.375,0.255,"2009",FALSE,0,0,24,FALSE
"282","Paul Millsap","PF",0.548,"UTA",0.927,0.463,0.648,0.387,0.345,0.712,0,0.005,0,0.416,0.42,0.537,0.593,0.302,0.335,0.699,0.48,0.4,0.427,0.119,0.317,0.194,0.278,0.776,0.363,"2009",FALSE,0,0,48,FALSE
"283","Yao Ming","C",0.667,"HOU",0.939,0.939,0.733,0.547,0.475,0.731,0.002,0.001,1,0.588,0.582,0.548,0.61,0.504,0.453,0.866,0.39,0.553,0.497,0.118,0.122,0.399,0.504,0.693,0.535,"2009",FALSE,0,0.001,53,TRUE
"284","Cuttino Mobley","SG",0.786,"LAC",0.134,0.134,0.103,0.061,0.067,0.576,0.03,0.04,0.343,0.053,0.063,0.459,0.526,0.017,0.019,0.722,0.017,0.02,0.019,0.01,0.061,0.005,0.039,0.057,0.053,"2009",FALSE,0,0,19,FALSE
"290","Anthony Morrow","SG",0.548,"GSW",0.817,0.207,0.429,0.247,0.246,0.637,0.214,0.208,0.467,0.176,0.197,0.483,0.62,0.106,0.095,0.87,0.149,0.12,0.13,0.069,0.146,0.032,0.112,0.35,0.239,"2009",FALSE,0,0,29,FALSE
"291","Troy Murphy","PF",0.667,"IND",0.89,0.89,0.703,0.352,0.353,0.633,0.4,0.404,0.45,0.211,0.231,0.496,0.644,0.201,0.189,0.826,0.279,0.71,0.563,0.148,0.236,0.09,0.246,0.609,0.368,"2009",FALSE,0,0,36,FALSE
"292","Ronald Murray","SG",0.69,"ATL",0.976,0.024,0.559,0.343,0.366,0.596,0.216,0.273,0.36,0.279,0.312,0.485,0.557,0.234,0.24,0.76,0.042,0.145,0.11,0.136,0.358,0.045,0.276,0.466,0.344,"2009",FALSE,0,0,47,FALSE
"294","Eduardo Najera","PF",0.762,"NJN",0.329,0,0.09,0.032,0.034,0.595,0.012,0.028,0.2,0.029,0.028,0.571,0.533,0.011,0.023,0.364,0.033,0.05,0.044,0.016,0.041,0.011,0.039,0.135,0.028,"2009",FALSE,0,0,34,FALSE
"295","Steve Nash","PG",0.81,"PHO",0.902,0.902,0.703,0.414,0.392,0.671,0.269,0.278,0.439,0.333,0.341,0.529,0.629,0.259,0.216,0.933,0.036,0.203,0.146,0.616,0.224,0.027,0.534,0.291,0.41,"2009",FALSE,0,0,46,FALSE
"296","DeMarcus Nelson","PG",0.548,"GSW",0.159,0.061,0.048,0.023,0.025,0.592,0,0.003,0,0.025,0.029,0.471,0.493,0.007,0.014,0.357,0.011,0.018,0.016,0.011,0.037,0.005,0.032,0.065,0.019,"2009",FALSE,0,0,29,FALSE
"297","Jameer Nelson","PG",0.619,"ORL",0.512,0.512,0.371,0.258,0.244,0.671,0.204,0.204,0.453,0.193,0.197,0.529,0.644,0.114,0.1,0.887,0.038,0.124,0.095,0.194,0.207,0.008,0.179,0.332,0.248,"2009",FALSE,0,0,59,FALSE
"298","Rasho Nesterovic","C",0.762,"IND",0.854,0.232,0.344,0.217,0.201,0.684,0,0.001,0,0.233,0.246,0.514,0.57,0.033,0.033,0.781,0.178,0.146,0.157,0.094,0.122,0.101,0.136,0.461,0.167,"2009",FALSE,0,0,36,FALSE
"300","Joakim Noah","C",0.548,"CHI",0.976,0.671,0.549,0.2,0.171,0.741,0,0.001,0,0.215,0.209,0.558,0.618,0.163,0.187,0.676,0.467,0.359,0.396,0.091,0.199,0.293,0.177,0.642,0.19,"2009",FALSE,0,0,41,FALSE
"302","Steve Novak","PF",0.595,"LAC",0.866,0.037,0.329,0.17,0.182,0.592,0.296,0.323,0.416,0.059,0.062,0.518,0.661,0.028,0.024,0.913,0.036,0.105,0.082,0.034,0.081,0.013,0.05,0.191,0.174,"2009",FALSE,0,0,19,FALSE
"303","Dirk Nowitzki","PF",0.714,"DAL",0.988,0.988,0.863,0.749,0.744,0.639,0.152,0.192,0.359,0.742,0.816,0.493,0.553,0.642,0.561,0.89,0.168,0.589,0.445,0.169,0.248,0.168,0.338,0.474,0.739,"2009",FALSE,0,0.002,50,TRUE
"306","Shaquille O'Neal","C",0.857,"PHO",0.915,0.915,0.637,0.495,0.387,0.812,0,0.001,0,0.533,0.474,0.61,0.677,0.409,0.534,0.595,0.358,0.443,0.414,0.108,0.199,0.287,0.362,0.682,0.471,"2009",FALSE,0,0,46,FALSE
"307","Fabricio Oberto","C",0.786,"SAS",0.659,0.134,0.192,0.059,0.048,0.783,0,0.001,0,0.063,0.058,0.592,0.652,0.026,0.036,0.571,0.124,0.076,0.093,0.051,0.028,0.029,0.082,0.256,0.05,"2009",FALSE,0,0,54,FALSE
"309","Lamar Odom","PF",0.69,"LAL",0.951,0.39,0.656,0.335,0.324,0.656,0.082,0.116,0.32,0.326,0.338,0.522,0.573,0.212,0.264,0.623,0.337,0.458,0.416,0.175,0.313,0.261,0.297,0.633,0.312,"2009",FALSE,0,0,65,FALSE
"311","Mehmet Okur","C",0.69,"UTA",0.878,0.878,0.682,0.417,0.409,0.647,0.224,0.228,0.446,0.355,0.387,0.497,0.596,0.361,0.344,0.817,0.237,0.43,0.364,0.103,0.22,0.141,0.284,0.59,0.433,"2009",FALSE,0,0,48,FALSE
"312","Kevin Ollie","PG",0.857,"MIN",0.61,0.256,0.241,0.059,0.069,0.543,0,0.001,0,0.063,0.084,0.409,0.452,0.106,0.099,0.833,0.025,0.062,0.049,0.101,0.077,0.011,0.073,0.213,0.071,"2009",FALSE,0,0,24,FALSE
"313","Travis Outlaw","SF",0.571,"POR",0.988,0.073,0.636,0.372,0.391,0.604,0.221,0.266,0.377,0.308,0.346,0.482,0.561,0.231,0.249,0.723,0.134,0.259,0.216,0.071,0.191,0.152,0.203,0.453,0.365,"2009",FALSE,0,0,54,FALSE
"314","Zaza Pachulia","C",0.571,"ATL",0.939,0.317,0.417,0.154,0.147,0.663,0,0.003,0,0.165,0.179,0.502,0.552,0.216,0.237,0.709,0.331,0.261,0.285,0.049,0.142,0.069,0.196,0.561,0.17,"2009",FALSE,0,0,47,FALSE
"315","Anthony Parker","SG",0.786,"TOR",0.976,0.866,0.746,0.31,0.347,0.568,0.234,0.272,0.39,0.236,0.289,0.442,0.542,0.16,0.149,0.834,0.086,0.27,0.207,0.231,0.407,0.04,0.246,0.391,0.303,"2009",FALSE,0,0,33,FALSE
"316","Tony Parker","PG",0.619,"SAS",0.878,0.866,0.695,0.618,0.581,0.675,0.047,0.073,0.292,0.645,0.676,0.518,0.57,0.376,0.373,0.782,0.052,0.195,0.146,0.426,0.272,0.011,0.401,0.296,0.558,"2009",FALSE,0,0.007,54,TRUE
"317","Chris Paul","PG",0.548,"NOH",0.951,0.951,0.85,0.61,0.578,0.671,0.159,0.199,0.364,0.59,0.609,0.525,0.587,0.602,0.539,0.868,0.132,0.36,0.282,0.74,0.878,0.027,0.498,0.571,0.629,"2009",FALSE,2,0.159,49,TRUE
"318","Sasha Pavlovic","SF",0.595,"CLE",0.805,0.146,0.298,0.112,0.127,0.563,0.119,0.132,0.41,0.071,0.089,0.43,0.566,0.033,0.056,0.463,0.059,0.095,0.083,0.062,0.089,0.043,0.103,0.329,0.108,"2009",FALSE,0,0,66,FALSE
"319","Oleksiy Pecherov","C",0.548,"WAS",0.39,0,0.078,0.038,0.046,0.515,0.035,0.049,0.326,0.026,0.033,0.431,0.506,0.032,0.03,0.828,0.067,0.041,0.05,0.002,0.024,0.008,0.022,0.092,0.041,"2009",FALSE,0,0,19,FALSE
"320","Kendrick Perkins","C",0.571,"BOS",0.927,0.927,0.638,0.267,0.22,0.769,0,0.002,0,0.287,0.268,0.58,0.641,0.127,0.165,0.6,0.39,0.412,0.405,0.082,0.089,0.399,0.356,0.682,0.229,"2009",FALSE,0,0,62,FALSE
"321","Morris Peterson","SG",0.738,"NOH",0.524,0.11,0.146,0.071,0.084,0.532,0.082,0.096,0.388,0.042,0.055,0.408,0.543,0.016,0.02,0.632,0.025,0.071,0.055,0.014,0.061,0.005,0.032,0.137,0.067,"2009",FALSE,0,0,49,FALSE
"323","Paul Pierce","SF",0.738,"BOS",0.988,0.988,0.859,0.522,0.543,0.609,0.296,0.343,0.391,0.438,0.495,0.48,0.564,0.607,0.569,0.83,0.107,0.398,0.299,0.253,0.325,0.072,0.491,0.58,0.585,"2009",FALSE,0,0.017,62,TRUE
"324","Mickael Pietrus","SG",0.619,"ORL",0.659,0.305,0.376,0.17,0.196,0.551,0.199,0.252,0.359,0.1,0.114,0.473,0.563,0.103,0.113,0.709,0.084,0.131,0.115,0.056,0.126,0.064,0.121,0.34,0.18,"2009",FALSE,0,0,59,FALSE
"325","James Posey","SG",0.762,"NOH",0.915,0,0.606,0.209,0.241,0.549,0.289,0.354,0.369,0.104,0.118,0.476,0.581,0.159,0.15,0.822,0.073,0.322,0.237,0.07,0.236,0.056,0.17,0.582,0.236,"2009",FALSE,0,0,49,FALSE
"328","Ronnie Price","PG",0.595,"UTA",0.634,0.207,0.209,0.074,0.093,0.505,0.047,0.069,0.311,0.06,0.08,0.408,0.473,0.045,0.046,0.756,0.023,0.057,0.045,0.093,0.159,0.013,0.131,0.199,0.073,"2009",FALSE,0,0,48,FALSE
"329","Tayshaun Prince","SF",0.667,"DET",1,1,0.865,0.444,0.469,0.6,0.139,0.159,0.397,0.419,0.496,0.458,0.53,0.25,0.25,0.778,0.245,0.346,0.311,0.217,0.179,0.136,0.218,0.28,0.411,"2009",FALSE,0,0,39,FALSE
"330","Gabe Pruitt","SG",0.524,"BOS",0.573,0,0.104,0.03,0.046,0.409,0.035,0.054,0.292,0.018,0.03,0.321,0.418,0.022,0.022,0.81,0.017,0.034,0.028,0.034,0.061,0.008,0.041,0.092,0.033,"2009",FALSE,0,0,62,FALSE
"331","Joel Przybilla","C",0.69,"POR",1,0.524,0.553,0.162,0.124,0.833,0,0.001,0,0.175,0.151,0.627,0.694,0.148,0.174,0.663,0.39,0.509,0.469,0.023,0.138,0.258,0.168,0.58,0.158,"2009",FALSE,0,0,54,FALSE
"332","Chris Quinn","PG",0.595,"MIA",0.805,0,0.272,0.114,0.133,0.544,0.139,0.155,0.409,0.065,0.086,0.408,0.561,0.062,0.06,0.81,0.015,0.067,0.049,0.113,0.098,0.005,0.071,0.213,0.12,"2009",FALSE,0,0,43,FALSE
"334","Anthony Randolph","PF",0.452,"GSW",0.768,0.268,0.32,0.192,0.198,0.616,0,0.005,0,0.207,0.241,0.466,0.513,0.134,0.145,0.716,0.245,0.233,0.237,0.042,0.171,0.197,0.172,0.38,0.176,"2009",FALSE,0,0,29,FALSE
"335","Shavlik Randolph","PF",0.595,"POR",0.122,0,0.01,0.008,0.006,0.82,0.002,0.001,1,0.007,0.007,0.583,0.727,0.001,0.004,0.25,0.019,0.008,0.012,0,0,0.003,0.013,0.011,0.006,"2009",FALSE,0,0,54,FALSE
"338","Michael Redd","SG",0.69,"MIL",0.402,0.39,0.341,0.241,0.252,0.607,0.174,0.216,0.366,0.186,0.201,0.503,0.577,0.173,0.166,0.814,0.046,0.082,0.07,0.076,0.142,0.005,0.114,0.121,0.247,"2009",FALSE,0,0,34,FALSE
"339","J.J. Redick","SG",0.571,"ORL",0.78,0.061,0.314,0.113,0.138,0.521,0.167,0.202,0.374,0.052,0.068,0.417,0.559,0.107,0.096,0.871,0.015,0.1,0.071,0.063,0.085,0.003,0.116,0.194,0.135,"2009",FALSE,0,0,59,FALSE
"341","Jeremy Richardson","SF",0.571,"ORL",0.146,0,0.026,0.014,0.023,0.381,0.015,0.019,0.353,0.008,0.018,0.25,0.386,0.004,0.006,0.5,0.002,0.013,0.009,0.003,0,0,0.006,0.016,0.013,"2009",FALSE,0,0,59,FALSE
"342","Quentin Richardson","SG",0.667,"NYK",0.878,0.622,0.536,0.253,0.307,0.524,0.299,0.371,0.365,0.148,0.191,0.42,0.537,0.118,0.12,0.761,0.136,0.246,0.208,0.101,0.191,0.019,0.159,0.356,0.259,"2009",FALSE,0,0,32,FALSE
"343","Luke Ridnour","PG",0.643,"MIL",0.878,0.61,0.575,0.242,0.286,0.537,0.137,0.177,0.35,0.203,0.262,0.42,0.497,0.176,0.157,0.869,0.063,0.184,0.142,0.314,0.374,0.043,0.276,0.539,0.243,"2009",FALSE,0,0,34,FALSE
"345","Nate Robinson","PG",0.571,"NYK",0.902,0.134,0.625,0.434,0.473,0.583,0.311,0.435,0.325,0.337,0.363,0.504,0.553,0.329,0.305,0.841,0.187,0.191,0.19,0.259,0.386,0.016,0.3,0.555,0.449,"2009",FALSE,0,0,32,FALSE
"346","Sergio Rodriguez","PG",0.524,"POR",0.976,0.159,0.347,0.125,0.151,0.523,0.092,0.129,0.325,0.096,0.121,0.428,0.498,0.081,0.079,0.792,0.082,0.086,0.085,0.246,0.22,0.005,0.256,0.358,0.126,"2009",FALSE,0,0,54,FALSE
"347","Rajon Rondo","PG",0.524,"BOS",0.976,0.976,0.748,0.37,0.349,0.673,0.037,0.054,0.313,0.383,0.401,0.518,0.571,0.228,0.276,0.642,0.191,0.314,0.272,0.566,0.606,0.029,0.45,0.52,0.337,"2009",FALSE,0,0,62,FALSE
"348","Derrick Rose","PG",0.476,"CHI",0.988,0.976,0.849,0.555,0.556,0.633,0.04,0.081,0.222,0.581,0.641,0.491,0.536,0.261,0.257,0.788,0.184,0.219,0.207,0.44,0.268,0.048,0.435,0.337,0.481,"2009",FALSE,0,0,41,FALSE
"350","Quinton Ross","SF",0.643,"MEM",0.829,0.085,0.329,0.096,0.119,0.509,0.082,0.099,0.375,0.069,0.096,0.386,0.496,0.045,0.043,0.81,0.055,0.096,0.082,0.04,0.13,0.037,0.078,0.307,0.094,"2009",FALSE,0,0,24,FALSE
"351","Brandon Roy","SG",0.571,"POR",0.951,0.951,0.822,0.612,0.607,0.64,0.206,0.248,0.377,0.572,0.619,0.501,0.569,0.55,0.52,0.824,0.199,0.264,0.242,0.344,0.358,0.059,0.328,0.342,0.623,"2009",FALSE,0,0.006,54,TRUE
"353","Brandon Rush","SG",0.548,"IND",0.915,0.232,0.51,0.235,0.265,0.564,0.194,0.236,0.373,0.172,0.206,0.451,0.544,0.061,0.068,0.697,0.065,0.198,0.152,0.057,0.154,0.098,0.162,0.345,0.215,"2009",FALSE,0,0,36,FALSE
"354","Kareem Rush","SG",0.667,"PHI",0.305,0.012,0.056,0.019,0.027,0.46,0.025,0.037,0.303,0.01,0.014,0.4,0.479,0.005,0.004,1,0,0.015,0.01,0.013,0.02,0.003,0.022,0.027,0.019,"2009",FALSE,0,0,41,FALSE
"357","Brian Scalabrine","C",0.714,"BOS",0.476,0.098,0.143,0.046,0.052,0.561,0.06,0.069,0.393,0.025,0.03,0.453,0.584,0.021,0.019,0.889,0.013,0.043,0.033,0.015,0.028,0.027,0.026,0.197,0.048,"2009",FALSE,0,0,62,FALSE
"358","Luis Scola","PF",0.667,"HOU",1,1,0.704,0.41,0.368,0.708,0,0.003,0,0.441,0.449,0.533,0.59,0.259,0.265,0.76,0.382,0.516,0.471,0.106,0.276,0.029,0.265,0.704,0.369,"2009",FALSE,0,0,53,FALSE
"361","Ramon Sessions","PG",0.524,"MIL",0.963,0.476,0.615,0.334,0.357,0.593,0.015,0.038,0.176,0.353,0.418,0.457,0.499,0.372,0.364,0.794,0.122,0.204,0.176,0.388,0.337,0.019,0.328,0.426,0.345,"2009",FALSE,0,0,34,FALSE
"362","Walter Sharpe","PF",0.524,"DET",0.098,0,0.006,0.004,0.005,0.485,0,0.002,0,0.004,0.005,0.444,0.404,0,0.002,0,0,0.003,0.002,0,0,0.005,0,0.008,0.003,"2009",FALSE,0,0,39,FALSE
"363","Bobby Simmons","SF",0.667,"NJN",0.866,0.537,0.489,0.191,0.203,0.599,0.291,0.296,0.447,0.084,0.101,0.453,0.647,0.057,0.06,0.741,0.138,0.204,0.181,0.079,0.203,0.027,0.134,0.501,0.196,"2009",FALSE,0,0,34,FALSE
"367","James Singleton","PF",0.643,"DAL",0.756,0.073,0.25,0.113,0.102,0.705,0.032,0.045,0.325,0.108,0.102,0.575,0.621,0.089,0.08,0.859,0.17,0.16,0.163,0.015,0.106,0.074,0.078,0.296,0.111,"2009",FALSE,0,0,50,FALSE
"368","Brian Skinner","PF",0.762,"LAC",0.622,0.256,0.239,0.089,0.094,0.599,0,0.002,0,0.096,0.114,0.453,0.499,0.04,0.048,0.638,0.138,0.13,0.133,0.023,0.069,0.138,0.093,0.253,0.076,"2009",FALSE,0,0,19,FALSE
"369","Craig Smith","PF",0.595,"MIN",0.902,0.378,0.413,0.279,0.237,0.749,0,0.001,0,0.301,0.289,0.563,0.624,0.222,0.255,0.677,0.187,0.185,0.186,0.068,0.126,0.051,0.226,0.496,0.263,"2009",FALSE,0,0,24,FALSE
"370","J.R. Smith","SG",0.548,"DEN",0.988,0.22,0.635,0.41,0.437,0.595,0.448,0.511,0.397,0.254,0.28,0.491,0.601,0.271,0.28,0.754,0.082,0.252,0.194,0.195,0.317,0.037,0.323,0.512,0.435,"2009",FALSE,0,0,54,FALSE
"372","Josh Smith","PF",0.548,"ATL",0.841,0.841,0.685,0.404,0.391,0.656,0.065,0.098,0.299,0.408,0.43,0.514,0.564,0.279,0.369,0.588,0.256,0.361,0.325,0.145,0.382,0.295,0.347,0.496,0.379,"2009",FALSE,0,0,47,FALSE
"374","Darius Songaila","C",0.714,"WAS",0.939,0.354,0.431,0.235,0.21,0.709,0,0.001,0,0.253,0.257,0.533,0.591,0.106,0.093,0.889,0.143,0.151,0.148,0.081,0.26,0.053,0.159,0.539,0.2,"2009",FALSE,0,0,19,FALSE
"375","Marreese Speights","C",0.5,"PHI",0.963,0.024,0.357,0.244,0.231,0.669,0.005,0.009,0.25,0.26,0.279,0.506,0.56,0.135,0.136,0.773,0.235,0.169,0.192,0.026,0.11,0.149,0.099,0.488,0.215,"2009",FALSE,0,0,41,FALSE
"376","Jerry Stackhouse","SG",0.81,"DAL",0.122,0.012,0.046,0.015,0.028,0.356,0.007,0.021,0.158,0.014,0.023,0.317,0.324,0.009,0.007,1,0.01,0.012,0.011,0.01,0.016,0.003,0.019,0.016,0.015,"2009",FALSE,0,0,50,FALSE
"377","DeShawn Stevenson","SG",0.643,"WAS",0.39,0.305,0.251,0.07,0.106,0.416,0.087,0.146,0.271,0.039,0.058,0.363,0.43,0.042,0.062,0.533,0.021,0.065,0.05,0.084,0.085,0.005,0.069,0.116,0.075,"2009",FALSE,0,0,19,FALSE
"378","Peja Stojakovic","SF",0.738,"NOH",0.744,0.72,0.591,0.278,0.331,0.532,0.361,0.433,0.378,0.148,0.189,0.424,0.556,0.123,0.107,0.894,0.084,0.218,0.173,0.064,0.211,0.008,0.11,0.272,0.287,"2009",FALSE,0,0,49,FALSE
"379","Amar'e Stoudemire","PF",0.619,"PHO",0.646,0.646,0.551,0.391,0.345,0.719,0.007,0.008,0.429,0.417,0.418,0.54,0.601,0.427,0.398,0.835,0.222,0.312,0.281,0.089,0.199,0.152,0.323,0.439,0.4,"2009",FALSE,0,0,46,FALSE
"380","Rodney Stuckey","PG",0.524,"DET",0.963,0.793,0.712,0.388,0.42,0.585,0.057,0.088,0.295,0.393,0.471,0.453,0.502,0.308,0.298,0.803,0.132,0.205,0.18,0.332,0.317,0.029,0.373,0.585,0.374,"2009",FALSE,0,0,39,FALSE
"383","Wally Szczerbiak","SF",0.738,"CLE",0.902,0.061,0.432,0.173,0.183,0.6,0.172,0.19,0.411,0.114,0.13,0.478,0.596,0.119,0.109,0.849,0.082,0.188,0.152,0.07,0.114,0.027,0.119,0.35,0.183,"2009",FALSE,0,0,66,FALSE
"384","Mike Taylor","PG",0.548,"LAC",0.622,0.061,0.218,0.106,0.123,0.549,0.032,0.045,0.325,0.101,0.128,0.427,0.484,0.074,0.083,0.691,0.042,0.065,0.057,0.091,0.146,0,0.157,0.226,0.102,"2009",FALSE,0,0,19,FALSE
"385","Sebastian Telfair","PG",0.548,"MIN",0.915,0.524,0.593,0.258,0.321,0.511,0.182,0.238,0.346,0.202,0.274,0.399,0.483,0.173,0.165,0.819,0.061,0.094,0.083,0.295,0.297,0.032,0.315,0.496,0.261,"2009",FALSE,0,0,24,FALSE
"386","Jason Terry","SG",0.738,"DAL",0.902,0.134,0.705,0.523,0.538,0.617,0.415,0.515,0.366,0.389,0.402,0.525,0.594,0.262,0.231,0.88,0.075,0.137,0.116,0.216,0.394,0.053,0.256,0.38,0.511,"2009",FALSE,0,0,50,FALSE
"389","Kurt Thomas","PF",0.857,"SAS",0.963,0.122,0.397,0.148,0.14,0.671,0,0.002,0,0.159,0.17,0.507,0.559,0.049,0.046,0.822,0.256,0.269,0.265,0.057,0.138,0.154,0.091,0.458,0.121,"2009",FALSE,0,0,54,FALSE
"391","Tyrus Thomas","PF",0.524,"CHI",0.963,0.744,0.616,0.298,0.314,0.601,0.007,0.01,0.333,0.317,0.38,0.453,0.503,0.315,0.313,0.783,0.283,0.357,0.332,0.066,0.37,0.402,0.278,0.593,0.303,"2009",FALSE,0,0,41,FALSE
"392","Jason Thompson","PF",0.524,"SAC",1,0.683,0.652,0.344,0.33,0.663,0,0.009,0,0.37,0.4,0.502,0.552,0.262,0.294,0.692,0.447,0.369,0.396,0.08,0.187,0.157,0.315,0.846,0.321,"2009",FALSE,0,0,17,FALSE
"393","Al Thornton","SF",0.595,"LAC",0.866,0.817,0.751,0.454,0.484,0.595,0.05,0.089,0.253,0.467,0.548,0.462,0.507,0.312,0.322,0.754,0.233,0.244,0.241,0.088,0.24,0.165,0.28,0.612,0.422,"2009",FALSE,0,0,19,FALSE
"394","Anthony Tolliver","PF",0.548,"SAS",0.232,0,0.059,0.018,0.03,0.389,0.022,0.046,0.22,0.01,0.014,0.417,0.402,0.007,0.01,0.5,0.023,0.029,0.027,0.015,0.02,0.003,0.015,0.043,0.018,"2009",FALSE,0,0,54,FALSE
"395","Alando Tucker","SG",0.571,"PHO",0.366,0.012,0.08,0.05,0.056,0.573,0.02,0.026,0.348,0.046,0.055,0.449,0.514,0.034,0.034,0.788,0.036,0.012,0.02,0.01,0.02,0.003,0.03,0.038,0.049,"2009",FALSE,0,0,46,FALSE
"396","Ronny Turiaf","C",0.619,"GSW",0.963,0.317,0.48,0.18,0.168,0.677,0,0.003,0,0.194,0.205,0.512,0.564,0.13,0.128,0.79,0.168,0.27,0.235,0.143,0.138,0.447,0.151,0.655,0.166,"2009",FALSE,0,0,29,FALSE
"397","Hedo Turkoglu","SF",0.69,"ORL",0.939,0.939,0.797,0.409,0.472,0.551,0.333,0.424,0.356,0.301,0.366,0.445,0.531,0.415,0.4,0.807,0.086,0.362,0.268,0.322,0.26,0.051,0.44,0.588,0.457,"2009",FALSE,0,0,59,FALSE
"398","Ime Udoka","SF",0.738,"SAS",0.817,0.037,0.293,0.106,0.132,0.511,0.102,0.141,0.328,0.072,0.091,0.426,0.506,0.037,0.047,0.609,0.054,0.158,0.122,0.046,0.146,0.032,0.082,0.232,0.102,"2009",FALSE,0,0,54,FALSE
"399","Beno Udrih","PG",0.619,"SAC",0.89,0.878,0.643,0.31,0.32,0.615,0.087,0.128,0.31,0.298,0.329,0.491,0.54,0.163,0.154,0.82,0.088,0.173,0.144,0.294,0.329,0.032,0.341,0.518,0.282,"2009",FALSE,0,0,17,FALSE
"400","Roko Ukic","PG",0.571,"TOR",0.878,0,0.252,0.119,0.149,0.507,0.027,0.07,0.177,0.117,0.148,0.427,0.441,0.058,0.062,0.733,0.052,0.048,0.049,0.131,0.122,0.005,0.129,0.208,0.106,"2009",FALSE,0,0,33,FALSE
"401","Anderson Varejao","PF",0.619,"CLE",0.988,0.512,0.653,0.261,0.232,0.715,0,0.002,0,0.281,0.283,0.538,0.596,0.204,0.257,0.616,0.317,0.412,0.38,0.07,0.305,0.176,0.172,0.644,0.245,"2009",FALSE,0,0,66,FALSE
"402","Jacque Vaughn","PG",0.786,"SAS",0.366,0,0.083,0.023,0.035,0.427,0.002,0.001,1,0.024,0.042,0.311,0.363,0.021,0.019,0.889,0.008,0.018,0.014,0.047,0.024,0,0.032,0.07,0.023,"2009",FALSE,0,0,54,FALSE
"403","Charlie Villanueva","PF",0.571,"MIL",0.951,0.573,0.593,0.471,0.501,0.596,0.221,0.291,0.345,0.414,0.469,0.479,0.542,0.266,0.247,0.838,0.294,0.363,0.34,0.118,0.203,0.149,0.297,0.685,0.446,"2009",FALSE,0,0,34,FALSE
"405","Sasha Vujacic","SG",0.571,"LAL",0.976,0,0.366,0.15,0.185,0.516,0.201,0.252,0.363,0.077,0.1,0.416,0.542,0.093,0.078,0.921,0.036,0.115,0.088,0.097,0.313,0.019,0.075,0.415,0.163,"2009",FALSE,0,0,65,FALSE
"406","Dwyane Wade","SG",0.643,"MIA",0.963,0.963,0.863,0.826,0.8,0.655,0.219,0.314,0.317,0.797,0.824,0.524,0.573,0.78,0.793,0.765,0.17,0.307,0.26,0.506,0.703,0.282,0.586,0.48,0.843,"2009",FALSE,7,0.562,43,TRUE
"407","Von Wafer","SG",0.548,"HOU",0.768,0.134,0.347,0.221,0.236,0.596,0.159,0.185,0.39,0.172,0.196,0.474,0.567,0.116,0.12,0.752,0.036,0.093,0.074,0.061,0.163,0.021,0.127,0.191,0.215,"2009",FALSE,0,0,53,FALSE
"408","Henry Walker","SF",0.5,"BOS",0.354,0,0.061,0.035,0.027,0.828,0,0.001,0,0.037,0.032,0.632,0.69,0.021,0.024,0.696,0.015,0.021,0.019,0.011,0.024,0.005,0.039,0.137,0.031,"2009",FALSE,0,0,62,FALSE
"410","Gerald Wallace","SF",0.619,"CHA",0.866,0.866,0.755,0.376,0.373,0.64,0.097,0.148,0.298,0.364,0.384,0.515,0.56,0.483,0.467,0.804,0.214,0.438,0.361,0.162,0.492,0.178,0.319,0.566,0.417,"2009",FALSE,0,0,35,FALSE
"411","Rasheed Wallace","C",0.81,"DET",0.805,0.768,0.601,0.292,0.331,0.559,0.281,0.36,0.354,0.197,0.226,0.471,0.553,0.103,0.104,0.772,0.107,0.431,0.32,0.078,0.252,0.229,0.127,0.531,0.281,"2009",FALSE,0,0,39,FALSE
"412","Luke Walton","SF",0.667,"LAL",0.793,0.415,0.33,0.13,0.141,0.581,0.042,0.064,0.298,0.122,0.141,0.468,0.516,0.054,0.059,0.719,0.105,0.124,0.118,0.152,0.13,0.027,0.149,0.283,0.115,"2009",FALSE,0,0,65,FALSE
"413","Hakim Warrick","PF",0.619,"MEM",1,0.085,0.574,0.329,0.319,0.655,0.012,0.026,0.217,0.349,0.378,0.5,0.549,0.352,0.385,0.711,0.247,0.275,0.265,0.057,0.195,0.104,0.211,0.458,0.336,"2009",FALSE,0,0,24,FALSE
"414","C.J. Watson","PG",0.571,"GSW",0.939,0.22,0.533,0.249,0.259,0.609,0.119,0.135,0.4,0.217,0.249,0.473,0.556,0.222,0.199,0.87,0.075,0.152,0.125,0.177,0.39,0.011,0.198,0.369,0.258,"2009",FALSE,0,0,29,FALSE
"415","Earl Watson","PG",0.69,"OKC",0.829,0.22,0.503,0.168,0.208,0.512,0.05,0.096,0.235,0.16,0.208,0.418,0.451,0.106,0.109,0.755,0.069,0.146,0.12,0.336,0.203,0.029,0.336,0.369,0.158,"2009",FALSE,0,0,23,FALSE
"416","Kyle Weaver","SG",0.524,"OKC",0.683,0.232,0.33,0.109,0.113,0.612,0.08,0.105,0.344,0.084,0.086,0.529,0.582,0.054,0.06,0.707,0.059,0.098,0.085,0.087,0.191,0.066,0.149,0.218,0.106,"2009",FALSE,0,0,23,FALSE
"418","Sonny Weems","SG",0.524,"DEN",0.146,0,0.016,0.008,0.012,0.427,0,0.003,0,0.008,0.012,0.364,0.356,0.004,0.008,0.375,0,0.004,0.003,0.003,0.004,0,0.013,0.022,0.007,"2009",FALSE,0,0,54,FALSE
"419","David West","PF",0.667,"NOH",0.927,0.927,0.844,0.59,0.595,0.629,0.015,0.028,0.24,0.629,0.715,0.477,0.527,0.485,0.427,0.884,0.306,0.483,0.422,0.149,0.199,0.181,0.351,0.558,0.562,"2009",FALSE,0,0,49,FALSE
"420","Delonte West","SG",0.595,"CLE",0.78,0.78,0.609,0.276,0.287,0.609,0.226,0.257,0.399,0.202,0.223,0.49,0.589,0.119,0.111,0.833,0.059,0.171,0.133,0.194,0.382,0.035,0.198,0.337,0.265,"2009",FALSE,0,0,66,FALSE
"421","Mario West","SG",0.571,"ATL",0.646,0.037,0.076,0.014,0.016,0.549,0.002,0.001,1,0.014,0.019,0.394,0.473,0.019,0.031,0.467,0.046,0.032,0.037,0.016,0.073,0.011,0.028,0.094,0.015,"2009",FALSE,0,0,47,FALSE
"422","Russell Westbrook","PG",0.476,"OKC",1,0.793,0.755,0.422,0.504,0.531,0.087,0.146,0.271,0.417,0.545,0.415,0.46,0.462,0.44,0.815,0.34,0.219,0.261,0.374,0.447,0.043,0.591,0.515,0.444,"2009",FALSE,0,0,23,FALSE
"426","Damien Wilkins","SG",0.69,"OKC",0.5,0.171,0.18,0.074,0.098,0.483,0.067,0.081,0.375,0.052,0.08,0.355,0.472,0.049,0.047,0.804,0.038,0.05,0.046,0.032,0.089,0.019,0.08,0.148,0.077,"2009",FALSE,0,0,23,FALSE
"427","Deron Williams","PG",0.571,"UTA",0.829,0.829,0.709,0.448,0.453,0.628,0.174,0.255,0.31,0.409,0.428,0.518,0.562,0.431,0.395,0.849,0.046,0.17,0.127,0.623,0.297,0.053,0.491,0.361,0.467,"2009",FALSE,0,0,48,FALSE
"429","Lou Williams","SG",0.524,"PHI",0.988,0,0.543,0.325,0.388,0.531,0.157,0.248,0.286,0.284,0.352,0.438,0.483,0.402,0.396,0.79,0.069,0.128,0.108,0.208,0.346,0.037,0.325,0.345,0.367,"2009",FALSE,0,0,41,FALSE
"430","Marcus Williams","PG",0.548,"GSW",0.11,0,0.015,0.004,0.008,0.313,0.005,0.007,0.333,0.002,0.006,0.182,0.327,0.003,0.006,0.333,0,0.004,0.003,0.011,0.004,0.003,0.009,0.016,0.004,"2009",FALSE,0,0,29,FALSE
"432","Marvin Williams","SF",0.524,"ATL",0.744,0.72,0.592,0.276,0.286,0.611,0.137,0.175,0.355,0.239,0.263,0.493,0.558,0.291,0.281,0.806,0.21,0.27,0.25,0.07,0.232,0.104,0.151,0.342,0.298,"2009",FALSE,0,0,47,FALSE
"433","Mo Williams","PG",0.619,"CLE",0.988,0.988,0.802,0.509,0.518,0.623,0.455,0.474,0.436,0.357,0.398,0.486,0.609,0.275,0.235,0.912,0.09,0.23,0.182,0.283,0.28,0.024,0.386,0.58,0.51,"2009",FALSE,0,0,66,FALSE
"435","Shawne Williams","SF",0.524,"DAL",0.183,0,0.048,0.015,0.026,0.381,0.002,0.019,0.059,0.016,0.022,0.385,0.328,0.012,0.011,0.818,0.036,0.027,0.03,0.002,0.008,0.024,0.011,0.051,0.015,"2009",FALSE,0,0,50,FALSE
"437","Metta World Peace","SF",0.69,"HOU",0.841,0.671,0.694,0.402,0.477,0.535,0.381,0.432,0.399,0.274,0.369,0.402,0.528,0.259,0.27,0.748,0.124,0.292,0.235,0.197,0.427,0.064,0.302,0.418,0.417,"2009",FALSE,0,0,53,FALSE
"438","Antoine Wright","SF",0.571,"DAL",0.793,0.646,0.439,0.173,0.198,0.553,0.112,0.168,0.302,0.139,0.159,0.475,0.52,0.094,0.098,0.747,0.059,0.104,0.089,0.066,0.187,0.072,0.116,0.464,0.167,"2009",FALSE,0,0,50,FALSE
"439","Brandan Wright","PF",0.5,"GSW",0.476,0.28,0.195,0.126,0.113,0.704,0,0.005,0,0.135,0.136,0.537,0.587,0.083,0.087,0.741,0.119,0.094,0.103,0.018,0.089,0.098,0.05,0.199,0.114,"2009",FALSE,0,0,29,FALSE
"441","Julian Wright","SF",0.5,"NOH",0.659,0.232,0.219,0.105,0.108,0.621,0.005,0.024,0.095,0.111,0.12,0.502,0.522,0.022,0.031,0.567,0.088,0.105,0.099,0.037,0.142,0.051,0.093,0.132,0.084,"2009",FALSE,0,0,49,FALSE
"443","Nick Young","SG",0.548,"WAS",1,0.061,0.52,0.325,0.348,0.592,0.139,0.185,0.341,0.291,0.334,0.473,0.534,0.217,0.199,0.85,0.059,0.118,0.098,0.082,0.159,0.053,0.198,0.377,0.315,"2009",FALSE,0,0,19,FALSE
"444","Thaddeus Young","PF",0.476,"PHI",0.915,0.866,0.73,0.459,0.442,0.66,0.139,0.185,0.341,0.436,0.449,0.526,0.582,0.184,0.194,0.735,0.266,0.236,0.246,0.074,0.407,0.061,0.254,0.445,0.404,"2009",FALSE,0,0,41,FALSE
"  1","Arron Afflalo","SG",0.571,"DEN",1,0.915,0.629,0.263,0.269,0.62,0.269,0.281,0.434,0.171,0.19,0.488,0.619,0.095,0.101,0.735,0.113,0.192,0.165,0.119,0.187,0.08,0.159,0.606,0.256,"2010",FALSE,0,0,53,FALSE
"  3","LaMarcus Aldridge","PF",0.571,"POR",0.951,0.951,0.827,0.56,0.538,0.66,0.012,0.018,0.313,0.597,0.65,0.498,0.552,0.304,0.313,0.757,0.367,0.432,0.41,0.137,0.272,0.128,0.224,0.623,0.492,"2010",FALSE,0,0,50,FALSE
"  4","Joe Alexander","SF",0.548,"CHI",0.098,0,0.008,0.001,0.003,0.223,0,0.001,0,0.001,0.003,0.2,0.186,0.003,0.003,0.667,0.004,0.003,0.003,0.002,0.004,0.003,0,0.024,0.001,"2010",FALSE,0,0,41,FALSE
"  5","Malik Allen","PF",0.738,"DEN",0.622,0.037,0.129,0.044,0.053,0.529,0.002,0.007,0.167,0.047,0.062,0.409,0.446,0.016,0.013,0.923,0.069,0.046,0.054,0.014,0.045,0.013,0.047,0.183,0.037,"2010",FALSE,0,0,53,FALSE
"  6","Ray Allen","SG",0.81,"BOS",0.976,0.976,0.798,0.449,0.448,0.636,0.361,0.45,0.363,0.332,0.324,0.556,0.612,0.306,0.26,0.913,0.086,0.207,0.165,0.18,0.26,0.066,0.278,0.491,0.46,"2010",FALSE,0,0,50,FALSE
"  7","Tony Allen","SG",0.667,"BOS",0.659,0.098,0.252,0.125,0.116,0.68,0,0.006,0,0.134,0.14,0.52,0.567,0.095,0.122,0.605,0.099,0.092,0.095,0.062,0.24,0.051,0.142,0.294,0.117,"2010",FALSE,0,0,50,FALSE
"  9","Lou Amundson","PF",0.643,"PHO",0.963,0,0.331,0.147,0.127,0.735,0,0.001,0,0.158,0.155,0.553,0.612,0.089,0.127,0.545,0.245,0.216,0.226,0.027,0.098,0.194,0.123,0.456,0.131,"2010",FALSE,0,0,54,FALSE
" 10","Chris Andersen","PF",0.738,"DEN",0.927,0,0.48,0.137,0.116,0.755,0,0.003,0,0.148,0.14,0.573,0.629,0.217,0.243,0.695,0.281,0.334,0.316,0.028,0.171,0.38,0.127,0.461,0.158,"2010",FALSE,0,0,53,FALSE
" 11","David Andersen","C",0.69,"HOU",0.768,0,0.252,0.142,0.156,0.576,0.067,0.088,0.346,0.125,0.148,0.458,0.524,0.061,0.069,0.687,0.103,0.153,0.136,0.038,0.061,0.032,0.08,0.321,0.13,"2010",FALSE,0,0,42,FALSE
" 13","Ryan Anderson","PF",0.5,"ORL",0.768,0.073,0.258,0.163,0.179,0.581,0.194,0.238,0.37,0.095,0.1,0.514,0.596,0.094,0.084,0.866,0.134,0.131,0.132,0.032,0.102,0.037,0.121,0.218,0.172,"2010",FALSE,0,0,59,FALSE
" 14","Carmelo Anthony","SF",0.595,"DEN",0.841,0.841,0.746,0.665,0.691,0.611,0.147,0.211,0.316,0.655,0.742,0.478,0.531,0.672,0.63,0.83,0.291,0.3,0.297,0.191,0.358,0.08,0.45,0.606,0.686,"2010",FALSE,0,0.053,53,TRUE
" 16","Gilbert Arenas","PG",0.667,"WAS",0.39,0.39,0.331,0.245,0.283,0.548,0.157,0.204,0.348,0.198,0.245,0.437,0.513,0.202,0.213,0.739,0.033,0.115,0.087,0.198,0.167,0.024,0.252,0.256,0.255,"2010",FALSE,0,0,26,FALSE
" 17","Trevor Ariza","SF",0.571,"HOU",0.878,0.866,0.744,0.381,0.46,0.525,0.338,0.459,0.334,0.268,0.334,0.436,0.513,0.196,0.235,0.649,0.149,0.323,0.263,0.237,0.512,0.106,0.347,0.437,0.379,"2010",FALSE,0,0,42,FALSE
" 19","Carlos Arroyo","PG",0.714,"MIA",0.878,0.427,0.449,0.172,0.173,0.633,0.017,0.028,0.28,0.178,0.197,0.489,0.538,0.101,0.093,0.844,0.05,0.103,0.085,0.193,0.146,0.016,0.116,0.275,0.155,"2010",FALSE,0,0,47,FALSE
" 20","Darrell Arthur","PF",0.5,"MEM",0.39,0.012,0.129,0.061,0.067,0.576,0,0.001,0,0.066,0.082,0.434,0.48,0.022,0.031,0.567,0.071,0.072,0.072,0.013,0.057,0.037,0.047,0.162,0.05,"2010",FALSE,0,0,40,FALSE
" 21","Chucky Atkins","PG",0.833,"DET",0.488,0.134,0.182,0.055,0.072,0.484,0.055,0.082,0.301,0.036,0.047,0.417,0.481,0.033,0.028,0.926,0.01,0.024,0.019,0.078,0.069,0,0.069,0.143,0.057,"2010",FALSE,0,0,27,FALSE
" 22","D.J. Augustin","PG",0.524,"CHA",0.976,0.024,0.417,0.162,0.2,0.515,0.174,0.201,0.393,0.102,0.145,0.381,0.519,0.135,0.135,0.779,0.021,0.085,0.063,0.166,0.183,0.013,0.159,0.342,0.179,"2010",FALSE,0,0,44,FALSE
" 24","Kelenna Azubuike","SF",0.619,"GSW",0.11,0.085,0.065,0.046,0.04,0.727,0.025,0.03,0.37,0.04,0.034,0.623,0.669,0.025,0.029,0.679,0.023,0.029,0.027,0.009,0.02,0.024,0.015,0.043,0.044,"2010",FALSE,0,0,26,FALSE
" 25","Renaldo Balkman","SF",0.595,"DEN",0.159,0.012,0.026,0.006,0.008,0.444,0,0.008,0,0.006,0.006,0.545,0.37,0.003,0.006,0.333,0.008,0.019,0.015,0.006,0.033,0.005,0.013,0.043,0.005,"2010",FALSE,0,0,53,FALSE
" 26","Marcus Banks","PG",0.667,"TOR",0.268,0,0.069,0.038,0.034,0.712,0.017,0.027,0.292,0.033,0.028,0.653,0.647,0.032,0.03,0.828,0.006,0.02,0.015,0.022,0.049,0.005,0.043,0.081,0.038,"2010",FALSE,0,0,40,FALSE
" 27","Leandro Barbosa","PG",0.643,"PHO",0.537,0.061,0.222,0.15,0.168,0.567,0.109,0.153,0.324,0.116,0.129,0.485,0.539,0.085,0.075,0.877,0.021,0.058,0.045,0.055,0.093,0.032,0.099,0.191,0.148,"2010",FALSE,0,0,54,FALSE
" 28","J.J. Barea","PG",0.595,"DAL",0.951,0.22,0.438,0.224,0.243,0.587,0.139,0.177,0.357,0.183,0.209,0.476,0.548,0.101,0.093,0.844,0.033,0.128,0.095,0.222,0.142,0.016,0.22,0.321,0.21,"2010",FALSE,0,0,55,FALSE
" 29","Andrea Bargnani","PF",0.571,"TOR",0.976,0.976,0.792,0.519,0.526,0.627,0.301,0.367,0.372,0.433,0.461,0.509,0.581,0.239,0.241,0.774,0.201,0.385,0.322,0.08,0.102,0.295,0.259,0.58,0.486,"2010",FALSE,0,0,40,FALSE
" 30","Matt Barnes","SF",0.69,"ORL",0.988,0.707,0.594,0.262,0.256,0.649,0.164,0.234,0.319,0.213,0.197,0.586,0.607,0.143,0.15,0.74,0.203,0.337,0.291,0.115,0.24,0.08,0.241,0.499,0.253,"2010",FALSE,0,0,59,FALSE
" 33","Tony Battie","C",0.786,"NJN",0.183,0,0.038,0.014,0.018,0.467,0.002,0.005,0.25,0.014,0.02,0.361,0.403,0.009,0.01,0.7,0.008,0.019,0.015,0.003,0.016,0.005,0.006,0.051,0.013,"2010",FALSE,0,0,12,FALSE
" 34","Shane Battier","SG",0.738,"HOU",0.817,0.756,0.614,0.172,0.206,0.531,0.251,0.315,0.362,0.08,0.095,0.458,0.568,0.102,0.109,0.726,0.141,0.236,0.204,0.141,0.215,0.202,0.138,0.375,0.189,"2010",FALSE,0,0,42,FALSE
" 35","Nicolas Batum","SF",0.5,"POR",0.451,0.305,0.26,0.134,0.123,0.692,0.134,0.149,0.409,0.088,0.077,0.625,0.688,0.057,0.052,0.843,0.061,0.108,0.092,0.038,0.098,0.066,0.058,0.224,0.132,"2010",FALSE,0,0,50,FALSE
" 36","Jerryd Bayless","SG",0.5,"POR",0.902,0.134,0.369,0.193,0.222,0.552,0.072,0.104,0.315,0.178,0.221,0.437,0.493,0.266,0.249,0.831,0.034,0.101,0.078,0.148,0.106,0.013,0.203,0.41,0.222,"2010",FALSE,0,0,50,FALSE
" 37","Michael Beasley","PF",0.5,"MIA",0.951,0.951,0.659,0.453,0.479,0.6,0.07,0.115,0.275,0.458,0.529,0.469,0.514,0.254,0.247,0.8,0.235,0.372,0.325,0.086,0.325,0.13,0.282,0.596,0.408,"2010",FALSE,0,0,47,FALSE
" 38","Rodrigue Beaubois","PG",0.5,"DAL",0.683,0.195,0.198,0.15,0.138,0.691,0.112,0.124,0.409,0.114,0.107,0.582,0.66,0.056,0.053,0.808,0.023,0.066,0.051,0.064,0.118,0.032,0.116,0.226,0.14,"2010",FALSE,0,0,55,FALSE
" 39","Marco Belinelli","SG",0.548,"TOR",0.805,0.012,0.317,0.149,0.174,0.541,0.149,0.178,0.38,0.098,0.125,0.425,0.539,0.134,0.124,0.835,0.027,0.08,0.062,0.076,0.171,0.013,0.129,0.216,0.166,"2010",FALSE,0,0,40,FALSE
" 40","Charlie Bell","SG",0.714,"MIL",0.866,0.476,0.456,0.163,0.204,0.508,0.182,0.226,0.365,0.1,0.137,0.395,0.516,0.063,0.069,0.716,0.059,0.1,0.086,0.089,0.159,0.032,0.116,0.367,0.162,"2010",FALSE,0,0,46,FALSE
" 42","Jonathan Bender","SF",0.69,"NYK",0.305,0.012,0.083,0.039,0.046,0.533,0.035,0.044,0.359,0.027,0.034,0.426,0.522,0.032,0.027,0.923,0.029,0.037,0.034,0.014,0.008,0.045,0.06,0.089,0.042,"2010",FALSE,0,0,29,FALSE
" 43","Mike Bibby","PG",0.738,"ATL",0.976,0.976,0.621,0.259,0.296,0.555,0.313,0.366,0.389,0.148,0.18,0.444,0.571,0.09,0.081,0.861,0.038,0.163,0.12,0.266,0.272,0.008,0.194,0.423,0.258,"2010",FALSE,0,0,53,FALSE
" 45","Chauncey Billups","PG",0.786,"DEN",0.89,0.89,0.705,0.389,0.443,0.557,0.391,0.459,0.386,0.255,0.313,0.441,0.554,0.616,0.527,0.91,0.048,0.202,0.149,0.351,0.333,0.024,0.381,0.412,0.504,"2010",FALSE,0,0.001,53,TRUE
" 46","DeJuan Blair","PF",0.476,"SAS",1,0.28,0.423,0.266,0.228,0.741,0,0.002,0,0.286,0.278,0.558,0.618,0.116,0.166,0.547,0.382,0.324,0.344,0.056,0.203,0.104,0.241,0.604,0.225,"2010",FALSE,0,0,50,FALSE
" 48","Andray Blatche","PF",0.548,"WAS",0.988,0.439,0.639,0.462,0.46,0.637,0.032,0.05,0.295,0.484,0.539,0.487,0.539,0.23,0.241,0.744,0.302,0.349,0.333,0.146,0.346,0.189,0.392,0.588,0.404,"2010",FALSE,0,0,26,FALSE
" 49","Keith Bogans","SF",0.69,"SAS",0.963,0.61,0.441,0.116,0.137,0.537,0.174,0.221,0.357,0.052,0.058,0.49,0.578,0.049,0.051,0.74,0.048,0.15,0.115,0.082,0.183,0.032,0.114,0.42,0.123,"2010",FALSE,0,0,50,FALSE
" 50","Andrew Bogut","C",0.595,"MIL",0.841,0.841,0.631,0.457,0.419,0.693,0,0.002,0,0.492,0.512,0.521,0.578,0.197,0.244,0.629,0.398,0.49,0.458,0.109,0.159,0.465,0.282,0.598,0.387,"2010",FALSE,0,0,46,FALSE
" 51","Matt Bonner","PF",0.69,"SAS",0.793,0.098,0.329,0.161,0.171,0.595,0.224,0.261,0.39,0.079,0.08,0.539,0.63,0.046,0.049,0.729,0.099,0.161,0.14,0.058,0.122,0.064,0.084,0.294,0.161,"2010",FALSE,0,0,50,FALSE
" 54","Chris Bosh","C",0.595,"TOR",0.854,0.854,0.715,0.58,0.533,0.691,0.02,0.025,0.364,0.616,0.641,0.521,0.58,0.622,0.607,0.797,0.392,0.55,0.496,0.143,0.175,0.181,0.364,0.458,0.593,"2010",FALSE,0,0.001,40,TRUE
" 56","Earl Boykins","PG",0.786,"WAS",0.817,0.012,0.316,0.166,0.185,0.569,0.047,0.068,0.317,0.159,0.193,0.446,0.5,0.102,0.092,0.865,0.033,0.058,0.049,0.147,0.098,0.008,0.149,0.129,0.155,"2010",FALSE,0,0,26,FALSE
" 57","Elton Brand","PF",0.714,"PHI",0.927,0.695,0.65,0.398,0.395,0.64,0,0.001,0,0.429,0.483,0.481,0.533,0.228,0.24,0.738,0.342,0.28,0.301,0.094,0.333,0.213,0.282,0.625,0.352,"2010",FALSE,0,0,27,FALSE
" 58","Corey Brewer","SG",0.548,"MIN",1,1,0.703,0.396,0.437,0.575,0.204,0.267,0.346,0.34,0.402,0.459,0.527,0.22,0.263,0.648,0.134,0.208,0.182,0.166,0.476,0.077,0.353,0.604,0.376,"2010",FALSE,0,0,15,FALSE
" 62","Aaron Brooks","PG",0.595,"HOU",1,1,0.826,0.556,0.613,0.576,0.52,0.593,0.398,0.381,0.455,0.454,0.568,0.324,0.307,0.822,0.103,0.16,0.141,0.373,0.28,0.037,0.5,0.536,0.566,"2010",FALSE,0,0,42,FALSE
" 64","Derrick Brown","SF",0.524,"CHA",0.695,0,0.151,0.066,0.068,0.617,0.005,0.008,0.286,0.069,0.079,0.471,0.521,0.063,0.074,0.667,0.059,0.047,0.051,0.016,0.085,0.027,0.041,0.143,0.066,"2010",FALSE,0,0,44,FALSE
" 66","Kwame Brown","C",0.643,"DET",0.585,0.012,0.187,0.06,0.057,0.667,0,0.001,0,0.065,0.069,0.504,0.556,0.044,0.101,0.337,0.101,0.123,0.116,0.019,0.061,0.032,0.093,0.251,0.055,"2010",FALSE,0,0,27,FALSE
" 67","Shannon Brown","SG",0.571,"LAL",1,0.085,0.481,0.245,0.272,0.569,0.154,0.213,0.328,0.199,0.227,0.474,0.533,0.131,0.124,0.818,0.057,0.152,0.12,0.093,0.232,0.082,0.144,0.348,0.236,"2010",FALSE,0,0,57,FALSE
" 68","Kobe Bryant","SG",0.738,"LAL",0.89,0.89,0.802,0.692,0.722,0.608,0.246,0.34,0.329,0.642,0.715,0.487,0.542,0.581,0.557,0.811,0.149,0.311,0.256,0.314,0.459,0.053,0.502,0.504,0.696,"2010",FALSE,0,0.487,57,TRUE
" 69","Chase Budinger","SF",0.5,"HOU",0.902,0.049,0.421,0.241,0.26,0.588,0.229,0.281,0.369,0.163,0.178,0.497,0.58,0.089,0.09,0.77,0.073,0.181,0.144,0.076,0.138,0.029,0.103,0.229,0.232,"2010",FALSE,0,0,42,FALSE
" 71","Rasual Butler","SF",0.714,"LAC",1,0.78,0.765,0.344,0.4,0.545,0.361,0.488,0.336,0.22,0.247,0.482,0.548,0.161,0.149,0.841,0.075,0.2,0.157,0.1,0.146,0.181,0.17,0.326,0.346,"2010",FALSE,0,0,29,FALSE
" 72","Andrew Bynum","C",0.524,"LAL",0.793,0.793,0.56,0.379,0.317,0.76,0,0.001,0,0.408,0.387,0.571,0.633,0.255,0.269,0.739,0.338,0.361,0.354,0.058,0.142,0.25,0.248,0.52,0.345,"2010",FALSE,0,0,57,FALSE
" 73","Will Bynum","PG",0.643,"DET",0.768,0.244,0.472,0.229,0.246,0.592,0.03,0.062,0.218,0.234,0.27,0.47,0.506,0.188,0.183,0.798,0.046,0.117,0.093,0.243,0.224,0.019,0.248,0.385,0.222,"2010",FALSE,0,0,27,FALSE
" 74","Jose Calderon","PG",0.667,"TOR",0.829,0.476,0.514,0.265,0.261,0.643,0.169,0.193,0.398,0.214,0.224,0.519,0.602,0.11,0.107,0.798,0.044,0.118,0.093,0.347,0.191,0.019,0.213,0.364,0.247,"2010",FALSE,0,0,40,FALSE
" 76","Brian Cardinal","PF",0.762,"MIN",0.354,0,0.076,0.014,0.017,0.519,0.007,0.01,0.333,0.011,0.015,0.407,0.479,0.022,0.019,0.944,0.013,0.022,0.019,0.021,0.037,0.008,0.015,0.151,0.017,"2010",FALSE,0,0,15,FALSE
" 77","Rodney Carney","SG",0.595,"PHI",0.829,0,0.243,0.109,0.13,0.535,0.102,0.152,0.304,0.075,0.083,0.49,0.526,0.069,0.065,0.825,0.05,0.11,0.09,0.032,0.102,0.053,0.045,0.213,0.113,"2010",FALSE,0,0,27,FALSE
" 78","DeMarre Carroll","SF",0.548,"MEM",0.866,0.012,0.225,0.085,0.102,0.528,0,0.007,0,0.092,0.122,0.407,0.44,0.044,0.055,0.623,0.101,0.096,0.098,0.028,0.114,0.024,0.052,0.288,0.074,"2010",FALSE,0,0,40,FALSE
" 79","Matt Carroll","SG",0.69,"DAL",0.305,0,0.034,0.017,0.023,0.48,0.01,0.021,0.211,0.015,0.017,0.452,0.444,0.008,0.006,1,0.008,0.008,0.008,0.005,0.02,0,0.015,0.035,0.016,"2010",FALSE,0,0,55,FALSE
" 80","Anthony Carter","PG",0.81,"DEN",0.659,0.085,0.243,0.074,0.083,0.56,0.042,0.071,0.27,0.061,0.067,0.5,0.519,0.015,0.013,0.846,0.033,0.071,0.058,0.137,0.159,0.035,0.125,0.194,0.064,"2010",FALSE,0,0,53,FALSE
" 81","Vince Carter","SG",0.786,"ORL",0.915,0.902,0.654,0.42,0.467,0.571,0.296,0.366,0.367,0.328,0.39,0.456,0.54,0.34,0.315,0.84,0.063,0.258,0.192,0.203,0.215,0.048,0.228,0.509,0.439,"2010",FALSE,0,0,59,FALSE
" 82","Omri Casspi","SF",0.5,"SAC",0.939,0.378,0.547,0.29,0.309,0.595,0.187,0.229,0.369,0.234,0.265,0.48,0.558,0.155,0.179,0.672,0.143,0.272,0.228,0.082,0.22,0.045,0.211,0.337,0.28,"2010",FALSE,0,0,25,FALSE
" 83","Mario Chalmers","PG",0.548,"MIA",0.89,0.268,0.511,0.176,0.209,0.535,0.187,0.266,0.318,0.111,0.123,0.491,0.537,0.108,0.113,0.745,0.048,0.109,0.088,0.211,0.37,0.032,0.265,0.472,0.184,"2010",FALSE,0,0,47,FALSE
" 85","Wilson Chandler","SG",0.524,"NYK",0.793,0.78,0.657,0.398,0.396,0.639,0.1,0.169,0.267,0.387,0.4,0.524,0.558,0.171,0.165,0.806,0.178,0.253,0.227,0.119,0.187,0.13,0.233,0.496,0.351,"2010",FALSE,0,0,29,FALSE
" 86","Earl Clark","PF",0.524,"PHO",0.622,0,0.108,0.054,0.069,0.495,0.005,0.006,0.4,0.056,0.082,0.37,0.419,0.034,0.037,0.722,0.034,0.044,0.041,0.018,0.028,0.035,0.05,0.067,0.049,"2010",FALSE,0,0,54,FALSE
" 88","Jason Collins","C",0.738,"ATL",0.293,0,0.033,0.008,0.011,0.464,0,0.001,0,0.008,0.012,0.364,0.387,0,0.002,0,0.01,0.009,0.009,0.003,0.012,0.005,0.011,0.057,0.006,"2010",FALSE,0,0,53,FALSE
" 89","Mardy Collins","SG",0.595,"LAC",0.524,0,0.133,0.045,0.059,0.489,0.01,0.019,0.235,0.045,0.063,0.387,0.426,0.017,0.022,0.619,0.025,0.037,0.033,0.038,0.093,0.003,0.069,0.121,0.039,"2010",FALSE,0,0,29,FALSE
" 90","Darren Collison","PG",0.524,"NOH",0.927,0.451,0.597,0.364,0.363,0.636,0.114,0.13,0.4,0.343,0.38,0.49,0.562,0.196,0.179,0.851,0.078,0.15,0.125,0.371,0.317,0.011,0.435,0.248,0.334,"2010",FALSE,0,0,37,FALSE
" 91","Nick Collison","C",0.69,"OKC",0.915,0.061,0.441,0.176,0.142,0.785,0.002,0.005,0.25,0.188,0.172,0.593,0.657,0.098,0.11,0.692,0.291,0.23,0.251,0.033,0.15,0.128,0.136,0.62,0.155,"2010",FALSE,0,0,50,FALSE
" 92","Mike Conley","PG",0.524,"MEM",0.976,0.976,0.727,0.357,0.382,0.593,0.204,0.239,0.387,0.299,0.349,0.464,0.549,0.184,0.192,0.743,0.057,0.16,0.125,0.365,0.443,0.032,0.366,0.48,0.339,"2010",FALSE,0,0,40,FALSE
" 93","Will Conroy","PG",0.643,"HOU",0.061,0,0.01,0.003,0.005,0.4,0,0.003,0,0.003,0.004,0.429,0.333,0,0.002,0,0,0.003,0.002,0.006,0,0,0.009,0.013,0.002,"2010",FALSE,0,0,42,FALSE
" 94","Brian Cook","PF",0.69,"HOU",0.183,0,0.012,0.007,0.011,0.405,0.005,0.01,0.222,0.005,0.008,0.357,0.387,0.007,0.007,0.714,0.002,0.008,0.006,0.001,0,0.005,0.013,0.013,0.007,"2010",FALSE,0,0,42,FALSE
" 95","Daequan Cook","SG",0.524,"MIA",0.549,0.037,0.196,0.078,0.116,0.427,0.1,0.142,0.317,0.043,0.072,0.323,0.443,0.028,0.026,0.84,0.017,0.072,0.054,0.037,0.057,0.027,0.052,0.135,0.079,"2010",FALSE,0,0,47,FALSE
" 96","Jamal Crawford","SG",0.69,"ATL",0.963,0,0.696,0.48,0.509,0.599,0.405,0.482,0.382,0.347,0.382,0.491,0.581,0.357,0.324,0.857,0.065,0.166,0.131,0.204,0.248,0.032,0.295,0.356,0.503,"2010",FALSE,0,0,53,FALSE
" 97","Dante Cunningham","PF",0.524,"POR",0.768,0.024,0.2,0.103,0.098,0.66,0,0.002,0,0.11,0.12,0.5,0.55,0.041,0.049,0.646,0.103,0.105,0.105,0.012,0.098,0.059,0.032,0.261,0.086,"2010",FALSE,0,0,50,FALSE
"100","Stephen Curry","PG",0.5,"GSW",0.976,0.939,0.82,0.511,0.526,0.616,0.413,0.429,0.437,0.377,0.43,0.474,0.594,0.234,0.206,0.885,0.092,0.306,0.233,0.405,0.618,0.051,0.524,0.679,0.494,"2010",FALSE,0,0,26,FALSE
"102","Erick Dampier","C",0.81,"DAL",0.671,0.573,0.362,0.129,0.098,0.832,0.002,0.003,0.333,0.137,0.118,0.629,0.697,0.081,0.104,0.604,0.245,0.27,0.261,0.027,0.061,0.205,0.131,0.412,0.116,"2010",FALSE,0,0,55,FALSE
"103","Marquis Daniels","SF",0.69,"BOS",0.622,0.049,0.265,0.12,0.115,0.664,0.015,0.032,0.214,0.123,0.125,0.534,0.567,0.045,0.058,0.607,0.052,0.068,0.062,0.057,0.11,0.016,0.091,0.245,0.102,"2010",FALSE,0,0,50,FALSE
"104","Baron Davis","PG",0.714,"LAC",0.915,0.89,0.714,0.398,0.467,0.541,0.204,0.334,0.277,0.343,0.406,0.459,0.496,0.316,0.299,0.821,0.099,0.213,0.174,0.514,0.512,0.114,0.455,0.566,0.404,"2010",FALSE,0,0,29,FALSE
"105","Glen Davis","PF",0.571,"BOS",0.659,0.012,0.264,0.118,0.128,0.583,0,0.005,0,0.127,0.155,0.444,0.486,0.127,0.142,0.696,0.193,0.103,0.134,0.03,0.085,0.037,0.114,0.356,0.12,"2010",FALSE,0,0,50,FALSE
"107","Ricky Davis","SF",0.714,"LAC",0.439,0.024,0.141,0.06,0.066,0.579,0.04,0.047,0.381,0.048,0.057,0.455,0.544,0.024,0.032,0.581,0.019,0.047,0.037,0.034,0.045,0.008,0.062,0.105,0.056,"2010",FALSE,0,0,29,FALSE
"108","Austin Daye","SF",0.5,"DET",0.841,0.049,0.259,0.132,0.136,0.619,0.072,0.107,0.305,0.112,0.113,0.54,0.571,0.061,0.058,0.821,0.065,0.139,0.114,0.029,0.102,0.069,0.103,0.307,0.123,"2010",FALSE,0,0,27,FALSE
"109","Carlos Delfino","SF",0.643,"MIL",0.915,0.805,0.645,0.289,0.337,0.544,0.333,0.412,0.367,0.172,0.207,0.45,0.556,0.123,0.122,0.782,0.098,0.341,0.258,0.174,0.325,0.056,0.256,0.372,0.291,"2010",FALSE,0,0,46,FALSE
"110","Luol Deng","SF",0.571,"CHI",0.854,0.841,0.75,0.457,0.467,0.621,0.08,0.094,0.386,0.459,0.525,0.474,0.536,0.333,0.34,0.764,0.25,0.378,0.335,0.123,0.268,0.162,0.289,0.348,0.434,"2010",FALSE,0,0,41,FALSE
"111","DeMar DeRozan","SG",0.476,"TOR",0.939,0.793,0.471,0.247,0.236,0.664,0.01,0.018,0.25,0.261,0.28,0.506,0.558,0.196,0.2,0.763,0.126,0.156,0.146,0.046,0.175,0.048,0.134,0.474,0.234,"2010",FALSE,0,0,40,FALSE
"112","Boris Diaw","PF",0.643,"CHA",1,1,0.823,0.361,0.356,0.644,0.164,0.233,0.32,0.319,0.32,0.541,0.583,0.149,0.151,0.769,0.25,0.291,0.277,0.279,0.244,0.152,0.384,0.59,0.327,"2010",FALSE,0,0,44,FALSE
"116","Keyon Dooling","PG",0.69,"NJN",0.646,0.098,0.275,0.125,0.149,0.531,0.147,0.177,0.376,0.073,0.094,0.419,0.543,0.062,0.063,0.77,0.015,0.046,0.035,0.116,0.138,0,0.127,0.221,0.129,"2010",FALSE,0,0,12,FALSE
"118","Toney Douglas","PG",0.548,"NYK",0.683,0.146,0.308,0.173,0.18,0.611,0.169,0.198,0.389,0.116,0.122,0.514,0.606,0.073,0.07,0.809,0.076,0.068,0.071,0.096,0.171,0.008,0.119,0.313,0.17,"2010",FALSE,0,0,29,FALSE
"119","Chris Douglas-Roberts","SF",0.548,"NJN",0.817,0.463,0.49,0.247,0.264,0.593,0.035,0.061,0.259,0.251,0.293,0.464,0.508,0.176,0.162,0.847,0.086,0.152,0.129,0.08,0.224,0.051,0.209,0.272,0.232,"2010",FALSE,0,0,12,FALSE
"120","Goran Dragic","PG",0.548,"PHO",0.976,0.024,0.408,0.215,0.226,0.603,0.184,0.212,0.394,0.154,0.171,0.488,0.586,0.155,0.164,0.736,0.073,0.132,0.112,0.207,0.195,0.021,0.272,0.353,0.224,"2010",FALSE,0,0,54,FALSE
"121","Jared Dudley","SF",0.571,"PHO",1,0.012,0.564,0.218,0.225,0.612,0.299,0.296,0.458,0.109,0.129,0.461,0.647,0.138,0.142,0.754,0.189,0.181,0.184,0.099,0.329,0.043,0.147,0.437,0.238,"2010",FALSE,0,0,54,FALSE
"122","Chris Duhon","PG",0.643,"NYK",0.817,0.72,0.586,0.162,0.208,0.497,0.224,0.291,0.349,0.081,0.109,0.404,0.524,0.09,0.098,0.716,0.054,0.149,0.116,0.325,0.24,0.008,0.237,0.224,0.174,"2010",FALSE,0,0,29,FALSE
"123","Tim Duncan","C",0.786,"SAS",0.951,0.939,0.69,0.543,0.498,0.691,0.005,0.012,0.182,0.582,0.604,0.522,0.577,0.358,0.385,0.725,0.423,0.563,0.515,0.211,0.183,0.311,0.302,0.41,0.493,"2010",FALSE,0,0,50,FALSE
"124","Mike Dunleavy","SF",0.69,"IND",0.817,0.183,0.421,0.221,0.257,0.547,0.187,0.266,0.318,0.16,0.182,0.478,0.531,0.176,0.163,0.842,0.048,0.21,0.154,0.088,0.154,0.04,0.155,0.283,0.235,"2010",FALSE,0,0,32,FALSE
"125","Kevin Durant","SF",0.5,"OKC",1,1,0.917,0.768,0.768,0.635,0.318,0.396,0.365,0.693,0.743,0.506,0.571,1,0.864,0.9,0.201,0.514,0.407,0.198,0.455,0.223,0.584,0.461,0.873,"2010",FALSE,4,0.495,50,TRUE
"126","Wayne Ellington","SG",0.524,"MIN",0.927,0.012,0.392,0.184,0.206,0.565,0.159,0.183,0.395,0.131,0.161,0.441,0.551,0.081,0.072,0.871,0.063,0.125,0.104,0.064,0.081,0.013,0.159,0.194,0.178,"2010",FALSE,0,0,15,FALSE
"127","Monta Ellis","SG",0.571,"GSW",0.78,0.78,0.749,0.61,0.647,0.599,0.192,0.257,0.338,0.576,0.664,0.47,0.529,0.386,0.399,0.753,0.09,0.209,0.168,0.292,0.581,0.066,0.526,0.509,0.576,"2010",FALSE,0,0,26,FALSE
"129","Maurice Evans","SF",0.738,"ATL",0.963,0.061,0.373,0.169,0.181,0.593,0.142,0.191,0.337,0.123,0.126,0.527,0.576,0.061,0.063,0.754,0.113,0.094,0.101,0.041,0.138,0.045,0.043,0.337,0.16,"2010",FALSE,0,0,53,FALSE
"131","Tyreke Evans","SG",0.476,"SAC",0.878,0.878,0.758,0.515,0.536,0.611,0.09,0.159,0.255,0.517,0.578,0.485,0.526,0.46,0.478,0.748,0.126,0.312,0.248,0.356,0.443,0.069,0.466,0.55,0.512,"2010",FALSE,0,0,25,FALSE
"132","Jordan Farmar","PG",0.548,"LAL",1,0,0.417,0.217,0.237,0.58,0.214,0.258,0.376,0.144,0.161,0.483,0.576,0.075,0.087,0.671,0.027,0.116,0.086,0.109,0.211,0.029,0.155,0.294,0.209,"2010",FALSE,0,0,57,FALSE
"133","Raymond Felton","PG",0.595,"CHA",0.976,0.976,0.748,0.375,0.389,0.612,0.149,0.176,0.385,0.341,0.389,0.475,0.549,0.175,0.178,0.763,0.101,0.233,0.188,0.383,0.5,0.059,0.362,0.464,0.342,"2010",FALSE,0,0,44,FALSE
"134","Rudy Fernandez","SG",0.571,"POR",0.756,0.024,0.408,0.155,0.195,0.504,0.244,0.3,0.368,0.065,0.089,0.395,0.549,0.112,0.101,0.867,0.067,0.128,0.107,0.109,0.252,0.029,0.155,0.235,0.178,"2010",FALSE,0,0,50,FALSE
"135","Kyrylo Fesenko","C",0.548,"UTA",0.598,0.061,0.115,0.05,0.044,0.729,0,0.001,0,0.054,0.053,0.553,0.608,0.032,0.059,0.421,0.063,0.057,0.059,0.013,0.024,0.051,0.052,0.21,0.045,"2010",FALSE,0,0,53,FALSE
"137","Derek Fisher","PG",0.833,"LAL",1,1,0.63,0.205,0.257,0.507,0.194,0.253,0.348,0.139,0.188,0.401,0.5,0.149,0.136,0.856,0.048,0.144,0.111,0.173,0.366,0.024,0.168,0.544,0.217,"2010",FALSE,0,0,57,FALSE
"138","Jonny Flynn","PG",0.476,"MIN",0.988,0.988,0.662,0.384,0.438,0.556,0.192,0.243,0.358,0.333,0.416,0.434,0.508,0.295,0.278,0.826,0.046,0.166,0.125,0.306,0.333,0.005,0.502,0.264,0.386,"2010",FALSE,0,0,15,FALSE
"139","T.J. Ford","PG",0.619,"IND",0.573,0.39,0.337,0.18,0.192,0.593,0.02,0.056,0.16,0.185,0.208,0.484,0.506,0.138,0.139,0.77,0.078,0.107,0.097,0.155,0.179,0.029,0.194,0.275,0.171,"2010",FALSE,0,0,32,FALSE
"140","Jeff Foster","C",0.786,"IND",0.195,0.037,0.072,0.021,0.021,0.637,0,0.001,0,0.023,0.025,0.489,0.531,0.007,0.009,0.556,0.065,0.047,0.053,0.018,0.012,0.011,0.03,0.121,0.017,"2010",FALSE,0,0,32,FALSE
"141","Randy Foye","PG",0.619,"WAS",0.854,0.463,0.472,0.248,0.285,0.552,0.157,0.205,0.346,0.201,0.246,0.442,0.516,0.171,0.149,0.89,0.031,0.113,0.085,0.196,0.134,0.027,0.203,0.332,0.249,"2010",FALSE,0,0,26,FALSE
"142","Channing Frye","C",0.619,"PHO",0.988,0.5,0.62,0.307,0.324,0.601,0.428,0.442,0.439,0.151,0.175,0.466,0.637,0.13,0.124,0.81,0.126,0.358,0.279,0.097,0.26,0.197,0.157,0.709,0.319,"2010",FALSE,0,0,54,FALSE
"144","Sundiata Gaines","PG",0.548,"UTA",0.39,0,0.061,0.037,0.038,0.617,0.017,0.029,0.269,0.032,0.032,0.554,0.562,0.03,0.047,0.5,0.011,0.023,0.019,0.034,0.049,0,0.03,0.046,0.037,"2010",FALSE,0,0,53,FALSE
"145","Danilo Gallinari","SF",0.5,"NYK",0.988,0.902,0.778,0.379,0.427,0.564,0.463,0.551,0.381,0.214,0.248,0.469,0.581,0.332,0.316,0.818,0.124,0.331,0.26,0.116,0.305,0.154,0.237,0.515,0.431,"2010",FALSE,0,0,29,FALSE
"146","Francisco Garcia","SG",0.667,"SAC",0.305,0.049,0.163,0.079,0.081,0.621,0.057,0.067,0.39,0.061,0.066,0.504,0.59,0.02,0.017,0.882,0.021,0.055,0.043,0.039,0.041,0.051,0.045,0.132,0.071,"2010",FALSE,0,0,25,FALSE
"147","Kevin Garnett","PF",0.786,"BOS",0.841,0.841,0.583,0.389,0.355,0.695,0.002,0.006,0.2,0.417,0.433,0.523,0.579,0.245,0.227,0.837,0.149,0.425,0.331,0.159,0.276,0.152,0.218,0.458,0.35,"2010",FALSE,0,0,50,FALSE
"148","Marc Gasol","C",0.595,"MEM",0.841,0.841,0.699,0.366,0.3,0.775,0,0.001,0,0.393,0.367,0.582,0.646,0.333,0.387,0.67,0.398,0.429,0.418,0.142,0.28,0.29,0.291,0.685,0.356,"2010",FALSE,0,0,40,FALSE
"149","Pau Gasol","C",0.69,"LAL",0.793,0.793,0.68,0.437,0.388,0.715,0,0.006,0,0.47,0.473,0.539,0.596,0.378,0.372,0.79,0.465,0.488,0.48,0.187,0.15,0.301,0.308,0.41,0.42,"2010",FALSE,0,0,57,FALSE
"150","Rudy Gay","SF",0.548,"MEM",0.976,0.976,0.899,0.58,0.593,0.621,0.164,0.228,0.327,0.556,0.613,0.492,0.546,0.398,0.412,0.753,0.22,0.355,0.308,0.131,0.48,0.17,0.364,0.542,0.553,"2010",FALSE,0,0,40,FALSE
"151","Alonzo Gee","SG",0.524,"WAS",0.134,0.024,0.052,0.027,0.027,0.633,0.017,0.01,0.778,0.022,0.028,0.42,0.593,0.024,0.03,0.621,0.029,0.018,0.022,0.006,0.028,0.003,0.022,0.035,0.029,"2010",FALSE,0,0,26,FALSE
"152","Devean George","SF",0.762,"GSW",0.549,0.049,0.215,0.086,0.095,0.576,0.119,0.139,0.39,0.043,0.047,0.494,0.61,0.021,0.024,0.696,0.04,0.092,0.075,0.027,0.167,0.027,0.032,0.24,0.085,"2010",FALSE,0,0,26,FALSE
"153","Daniel Gibson","PG",0.548,"CLE",0.683,0.122,0.302,0.121,0.123,0.621,0.177,0.168,0.477,0.056,0.067,0.454,0.666,0.045,0.05,0.694,0.025,0.06,0.048,0.06,0.102,0.019,0.078,0.213,0.125,"2010",FALSE,0,0,61,FALSE
"157","Manu Ginobili","SG",0.762,"SAS",0.915,0.256,0.609,0.385,0.416,0.588,0.328,0.395,0.377,0.277,0.312,0.481,0.571,0.409,0.365,0.87,0.13,0.214,0.186,0.318,0.419,0.064,0.332,0.415,0.437,"2010",FALSE,0,0.002,50,TRUE
"158","Ryan Gomes","SF",0.643,"MIN",0.927,0.78,0.626,0.316,0.337,0.596,0.184,0.225,0.372,0.263,0.301,0.475,0.552,0.138,0.13,0.825,0.145,0.27,0.227,0.107,0.252,0.043,0.205,0.418,0.294,"2010",FALSE,0,0,15,FALSE
"160","Ben Gordon","SG",0.619,"DET",0.756,0.207,0.49,0.281,0.322,0.555,0.187,0.264,0.321,0.225,0.262,0.465,0.522,0.262,0.237,0.861,0.05,0.092,0.078,0.143,0.199,0.016,0.254,0.396,0.302,"2010",FALSE,0,0,27,FALSE
"161","Eric Gordon","SG",0.5,"LAC",0.756,0.732,0.631,0.34,0.361,0.599,0.296,0.362,0.371,0.242,0.261,0.503,0.583,0.294,0.308,0.742,0.048,0.134,0.105,0.16,0.28,0.037,0.31,0.259,0.369,"2010",FALSE,0,0,29,FALSE
"162","Marcin Gortat","C",0.595,"ORL",0.988,0,0.308,0.117,0.104,0.711,0,0.003,0,0.126,0.126,0.54,0.592,0.067,0.077,0.68,0.199,0.235,0.223,0.015,0.069,0.186,0.099,0.372,0.103,"2010",FALSE,0,0,59,FALSE
"163","Joey Graham","SF",0.643,"DEN",0.768,0.22,0.215,0.102,0.093,0.693,0.005,0.015,0.154,0.107,0.107,0.545,0.583,0.071,0.075,0.74,0.075,0.083,0.08,0.019,0.093,0.019,0.093,0.28,0.094,"2010",FALSE,0,0,53,FALSE
"164","Stephen Graham","SG",0.643,"CHA",0.854,0.098,0.228,0.115,0.11,0.661,0.04,0.056,0.32,0.107,0.107,0.542,0.588,0.056,0.067,0.646,0.046,0.11,0.088,0.02,0.081,0.027,0.078,0.253,0.105,"2010",FALSE,0,0,44,FALSE
"165","Danny Granger","SF",0.619,"IND",0.756,0.756,0.645,0.472,0.524,0.571,0.393,0.494,0.361,0.343,0.395,0.471,0.553,0.48,0.44,0.848,0.128,0.273,0.224,0.147,0.382,0.136,0.338,0.493,0.529,"2010",FALSE,0,0,32,FALSE
"167","Danny Green","SG",0.524,"CLE",0.244,0,0.033,0.015,0.018,0.513,0.015,0.025,0.273,0.009,0.01,0.529,0.513,0.005,0.006,0.667,0.015,0.009,0.011,0.004,0.024,0.008,0.011,0.024,0.014,"2010",FALSE,0,0,61,FALSE
"168","Jeff Green","PF",0.548,"OKC",1,1,0.861,0.469,0.492,0.604,0.259,0.352,0.333,0.396,0.428,0.503,0.558,0.218,0.229,0.74,0.214,0.375,0.32,0.115,0.423,0.191,0.291,0.596,0.438,"2010",FALSE,0,0,50,FALSE
"169","Willie Green","SG",0.667,"PHI",0.89,0.22,0.44,0.24,0.25,0.609,0.117,0.153,0.346,0.209,0.23,0.494,0.556,0.126,0.117,0.833,0.038,0.108,0.084,0.131,0.13,0.029,0.144,0.364,0.225,"2010",FALSE,0,0,27,FALSE
"170","Donte Greene","SF",0.5,"SAC",0.927,0.61,0.461,0.236,0.254,0.588,0.172,0.207,0.377,0.182,0.209,0.473,0.56,0.119,0.144,0.643,0.101,0.18,0.153,0.061,0.167,0.141,0.2,0.404,0.228,"2010",FALSE,0,0,25,FALSE
"171","Taylor Griffin","SF",0.548,"PHO",0.098,0,0.009,0.004,0.005,0.533,0,0.002,0,0.004,0.005,0.5,0.444,0.003,0.004,0.5,0,0.002,0.001,0.001,0,0.005,0.002,0.011,0.004,"2010",FALSE,0,0,54,FALSE
"172","Hamed Haddadi","C",0.571,"MEM",0.439,0,0.068,0.023,0.029,0.516,0,0.003,0,0.025,0.033,0.407,0.43,0.019,0.02,0.737,0.05,0.049,0.049,0.009,0.004,0.037,0.043,0.154,0.022,"2010",FALSE,0,0,40,FALSE
"173","Malik Hairston","SG",0.524,"SAS",0.573,0,0.09,0.039,0.035,0.701,0.005,0.012,0.182,0.04,0.037,0.585,0.599,0.022,0.031,0.567,0.025,0.036,0.032,0.014,0.016,0.024,0.024,0.078,0.035,"2010",FALSE,0,0,50,FALSE
"174","Marcus Haislip","SF",0.69,"SAS",0.122,0,0.012,0.01,0.01,0.635,0.007,0.006,0.6,0.007,0.009,0.438,0.609,0.003,0.005,0.4,0.008,0.006,0.007,0,0,0.005,0.006,0.013,0.009,"2010",FALSE,0,0,50,FALSE
"175","Richard Hamilton","SG",0.738,"DET",0.561,0.561,0.439,0.283,0.33,0.545,0.102,0.156,0.297,0.262,0.327,0.435,0.486,0.27,0.248,0.846,0.057,0.091,0.08,0.174,0.122,0.008,0.248,0.31,0.293,"2010",FALSE,0,0,27,FALSE
"176","Tyler Hansbrough","PF",0.571,"IND",0.354,0.012,0.145,0.078,0.104,0.48,0,0.005,0,0.084,0.125,0.367,0.4,0.111,0.116,0.743,0.115,0.077,0.09,0.024,0.069,0.021,0.045,0.189,0.087,"2010",FALSE,0,0,32,FALSE
"177","James Harden","SG",0.476,"OKC",0.927,0,0.492,0.225,0.266,0.537,0.231,0.28,0.375,0.146,0.186,0.424,0.538,0.257,0.247,0.808,0.09,0.196,0.159,0.118,0.325,0.053,0.228,0.539,0.266,"2010",FALSE,0,0,50,FALSE
"178","Al Harrington","PF",0.69,"NYK",0.878,0.183,0.621,0.433,0.474,0.58,0.348,0.462,0.342,0.32,0.35,0.496,0.559,0.317,0.326,0.757,0.168,0.315,0.265,0.095,0.252,0.069,0.284,0.563,0.451,"2010",FALSE,0,0,29,FALSE
"179","Devin Harris","PG",0.619,"NJN",0.78,0.744,0.629,0.344,0.407,0.537,0.149,0.245,0.276,0.308,0.376,0.444,0.486,0.407,0.397,0.798,0.046,0.178,0.133,0.363,0.321,0.048,0.39,0.48,0.381,"2010",FALSE,0,0,12,FALSE
"183","Trenton Hassell","SF",0.714,"NJN",0.634,0.378,0.313,0.087,0.101,0.548,0,0.006,0,0.094,0.121,0.421,0.457,0.069,0.071,0.754,0.107,0.095,0.099,0.043,0.069,0.024,0.101,0.245,0.082,"2010",FALSE,0,0,12,FALSE
"184","Spencer Hawes","C",0.5,"SAC",0.878,0.72,0.539,0.302,0.306,0.624,0.065,0.098,0.299,0.298,0.327,0.494,0.542,0.097,0.109,0.689,0.277,0.289,0.285,0.136,0.13,0.221,0.282,0.539,0.255,"2010",FALSE,0,0,25,FALSE
"186","Jarvis Hayes","SF",0.667,"NJN",0.549,0.232,0.292,0.133,0.151,0.561,0.149,0.202,0.335,0.081,0.084,0.523,0.569,0.019,0.019,0.778,0.017,0.098,0.071,0.034,0.118,0.024,0.06,0.245,0.124,"2010",FALSE,0,0,12,FALSE
"188","Luther Head","SG",0.643,"IND",0.573,0.122,0.23,0.132,0.143,0.583,0.092,0.119,0.352,0.103,0.116,0.481,0.552,0.063,0.06,0.828,0.011,0.073,0.052,0.062,0.073,0.024,0.116,0.143,0.126,"2010",FALSE,0,0,32,FALSE
"189","Gerald Henderson","SG",0.524,"CHA",0.524,0,0.1,0.036,0.048,0.475,0.01,0.021,0.211,0.034,0.048,0.388,0.417,0.046,0.048,0.745,0.029,0.04,0.036,0.011,0.041,0.024,0.03,0.067,0.04,"2010",FALSE,0,0,44,FALSE
"190","Roy Hibbert","C",0.548,"IND",0.988,0.841,0.576,0.374,0.36,0.66,0.007,0.007,0.5,0.4,0.438,0.495,0.552,0.224,0.23,0.754,0.338,0.285,0.303,0.136,0.122,0.348,0.312,0.768,0.334,"2010",FALSE,0,0,32,FALSE
"191","J.J. Hickson","PF",0.5,"CLE",0.988,0.89,0.479,0.279,0.24,0.739,0,0.001,0,0.301,0.294,0.555,0.616,0.147,0.168,0.681,0.21,0.288,0.261,0.034,0.146,0.104,0.198,0.356,0.243,"2010",FALSE,0,0,61,FALSE
"192","Nene Hilario","C",0.643,"DEN",1,1,0.78,0.407,0.33,0.783,0,0.002,0,0.438,0.403,0.589,0.652,0.388,0.428,0.704,0.317,0.458,0.41,0.174,0.467,0.218,0.269,0.757,0.401,"2010",FALSE,0,0,53,FALSE
"193","George Hill","PG",0.548,"SAS",0.951,0.524,0.644,0.341,0.34,0.637,0.187,0.212,0.399,0.289,0.31,0.505,0.588,0.242,0.244,0.772,0.08,0.162,0.134,0.194,0.28,0.069,0.218,0.598,0.34,"2010",FALSE,0,0,50,FALSE
"194","Grant Hill","SF",0.881,"PHO",0.988,0.988,0.688,0.325,0.324,0.637,0.087,0.09,0.438,0.313,0.351,0.483,0.559,0.271,0.258,0.817,0.141,0.368,0.291,0.166,0.244,0.096,0.233,0.445,0.322,"2010",FALSE,0,0,54,FALSE
"196","Kirk Hinrich","SG",0.69,"CHI",0.902,0.646,0.702,0.298,0.347,0.545,0.259,0.316,0.371,0.212,0.267,0.431,0.531,0.112,0.116,0.752,0.046,0.234,0.17,0.284,0.346,0.064,0.244,0.55,0.284,"2010",FALSE,0,0,41,FALSE
"197","Jrue Holiday","PG",0.452,"PHI",0.89,0.622,0.5,0.222,0.239,0.589,0.154,0.179,0.39,0.175,0.204,0.465,0.558,0.086,0.088,0.756,0.107,0.134,0.125,0.241,0.321,0.048,0.336,0.412,0.207,"2010",FALSE,0,0,27,FALSE
"198","Ryan Hollins","C",0.595,"MIN",0.89,0.329,0.346,0.163,0.139,0.744,0,0.001,0,0.176,0.17,0.56,0.62,0.144,0.163,0.69,0.151,0.127,0.135,0.044,0.077,0.101,0.205,0.536,0.158,"2010",FALSE,0,0,15,FALSE
"199","Al Horford","C",0.548,"ATL",0.988,0.988,0.805,0.452,0.39,0.735,0.002,0.001,1,0.485,0.477,0.551,0.613,0.282,0.278,0.789,0.451,0.559,0.522,0.162,0.24,0.242,0.263,0.606,0.405,"2010",FALSE,0,0,53,FALSE
"201","Dwight Howard","C",0.571,"ORL",1,1,0.805,0.493,0.384,0.816,0,0.008,0,0.531,0.466,0.617,0.68,0.639,0.84,0.592,0.543,0.792,0.707,0.124,0.305,0.606,0.591,0.774,0.531,"2010",FALSE,3,0.389,59,TRUE
"203","Juwan Howard","C",0.857,"POR",0.89,0.329,0.462,0.185,0.173,0.679,0,0.001,0,0.199,0.211,0.511,0.566,0.073,0.072,0.786,0.207,0.225,0.219,0.052,0.11,0.027,0.155,0.515,0.154,"2010",FALSE,0,0,50,FALSE
"207","Chris Hunter","C",0.595,"GSW",0.732,0.11,0.222,0.105,0.1,0.669,0,0.005,0,0.113,0.12,0.512,0.558,0.069,0.071,0.754,0.107,0.11,0.109,0.032,0.053,0.093,0.065,0.356,0.095,"2010",FALSE,0,0,26,FALSE
"208","Lindsey Hunter","PG",0.929,"CHI",0.159,0,0.035,0.005,0.014,0.223,0.002,0.015,0.077,0.004,0.01,0.235,0.203,0.003,0.002,1,0.002,0.013,0.009,0.008,0.004,0,0.009,0.032,0.005,"2010",FALSE,0,0,41,FALSE
"211","Serge Ibaka","PF",0.476,"OKC",0.89,0,0.374,0.194,0.17,0.724,0.002,0.002,0.5,0.208,0.208,0.543,0.606,0.077,0.095,0.63,0.264,0.257,0.259,0.009,0.102,0.258,0.147,0.523,0.163,"2010",FALSE,0,0,50,FALSE
"212","Andre Iguodala","SF",0.619,"PHI",1,1,0.904,0.48,0.515,0.591,0.234,0.342,0.31,0.418,0.461,0.492,0.539,0.417,0.442,0.733,0.157,0.444,0.346,0.405,0.573,0.146,0.47,0.391,0.495,"2010",FALSE,0,0,27,FALSE
"213","Zydrunas Ilgauskas","C",0.81,"CLE",0.78,0.073,0.379,0.188,0.202,0.591,0.027,0.026,0.478,0.19,0.234,0.441,0.506,0.099,0.104,0.743,0.218,0.229,0.225,0.041,0.057,0.133,0.136,0.493,0.167,"2010",FALSE,0,0,61,FALSE
"215","Ersan Ilyasova","PF",0.524,"MIL",0.988,0.378,0.537,0.312,0.335,0.591,0.201,0.272,0.336,0.252,0.275,0.496,0.554,0.149,0.163,0.715,0.3,0.357,0.338,0.072,0.215,0.061,0.153,0.677,0.297,"2010",FALSE,0,0,46,FALSE
"218","Jarrett Jack","PG",0.619,"TOR",1,0.524,0.635,0.312,0.309,0.641,0.204,0.225,0.412,0.251,0.266,0.511,0.602,0.269,0.248,0.842,0.057,0.191,0.145,0.355,0.244,0.016,0.351,0.407,0.329,"2010",FALSE,0,0,40,FALSE
"222","LeBron James","SF",0.595,"CLE",0.927,0.927,0.84,0.743,0.703,0.671,0.321,0.437,0.333,0.665,0.644,0.56,0.606,0.784,0.795,0.767,0.136,0.48,0.362,0.559,0.508,0.205,0.562,0.321,0.797,"2010",TRUE,116,0.98,61,TRUE
"223","Mike James","PG",0.81,"WAS",0.049,0,0.013,0.006,0.009,0.4,0.005,0.007,0.333,0.004,0.008,0.286,0.389,0.005,0.008,0.5,0.002,0.002,0.002,0.004,0.012,0,0.011,0.008,0.006,"2010",FALSE,0,0,26,FALSE
"225","Nathan Jawai","C",0.548,"MIN",0.476,0.024,0.117,0.047,0.051,0.588,0,0.001,0,0.051,0.062,0.445,0.49,0.034,0.039,0.684,0.094,0.055,0.068,0.021,0.041,0.024,0.058,0.156,0.044,"2010",FALSE,0,0,15,FALSE
"227","Al Jefferson","C",0.595,"MIN",0.927,0.927,0.697,0.542,0.518,0.664,0,0.005,0,0.583,0.632,0.5,0.553,0.239,0.274,0.68,0.344,0.519,0.459,0.118,0.256,0.261,0.293,0.553,0.459,"2010",FALSE,0,0,15,FALSE
"228","Richard Jefferson","SF",0.69,"SAS",0.988,0.854,0.713,0.35,0.357,0.623,0.147,0.211,0.316,0.315,0.332,0.515,0.561,0.279,0.295,0.735,0.111,0.296,0.233,0.136,0.183,0.106,0.226,0.48,0.351,"2010",FALSE,0,0,50,FALSE
"230","Brandon Jennings","PG",0.476,"MIL",1,1,0.756,0.436,0.56,0.495,0.361,0.438,0.374,0.318,0.467,0.37,0.479,0.295,0.281,0.817,0.094,0.231,0.184,0.404,0.427,0.048,0.431,0.515,0.448,"2010",FALSE,0,0,46,FALSE
"231","Jonas Jerebko","PF",0.524,"DET",0.976,0.89,0.632,0.28,0.277,0.641,0.09,0.13,0.313,0.264,0.275,0.52,0.568,0.165,0.181,0.71,0.371,0.282,0.312,0.05,0.321,0.077,0.177,0.62,0.262,"2010",FALSE,0,0,27,FALSE
"232","Yi Jianlian","PF",0.524,"NJN",0.634,0.622,0.468,0.22,0.259,0.537,0.037,0.046,0.366,0.221,0.294,0.406,0.463,0.204,0.199,0.798,0.22,0.255,0.243,0.04,0.15,0.138,0.166,0.458,0.22,"2010",FALSE,0,0,12,FALSE
"233","Amir Johnson","PF",0.524,"TOR",1,0.061,0.411,0.201,0.154,0.831,0,0.005,0,0.216,0.186,0.63,0.692,0.126,0.153,0.638,0.294,0.239,0.258,0.041,0.179,0.176,0.136,0.687,0.18,"2010",FALSE,0,0,40,FALSE
"234","Anthony Johnson","PG",0.833,"ORL",0.378,0,0.115,0.047,0.051,0.588,0.032,0.044,0.333,0.037,0.041,0.5,0.556,0.025,0.021,0.95,0.015,0.04,0.031,0.054,0.045,0.003,0.056,0.086,0.046,"2010",FALSE,0,0,59,FALSE
"235","James Johnson","PF",0.524,"CHI",0.793,0.134,0.214,0.092,0.097,0.603,0.037,0.052,0.326,0.083,0.092,0.488,0.542,0.067,0.072,0.729,0.065,0.093,0.084,0.041,0.085,0.114,0.134,0.34,0.09,"2010",FALSE,0,0,41,FALSE
"236","Joe Johnson","SG",0.667,"ATL",0.927,0.927,0.817,0.614,0.638,0.611,0.321,0.395,0.369,0.527,0.584,0.488,0.561,0.291,0.277,0.818,0.141,0.277,0.231,0.317,0.333,0.013,0.312,0.391,0.572,"2010",FALSE,0,0.001,53,TRUE
"237","Dahntay Jones","SF",0.69,"IND",0.927,0.317,0.536,0.278,0.287,0.615,0.01,0.036,0.125,0.294,0.333,0.479,0.516,0.262,0.264,0.77,0.092,0.18,0.15,0.129,0.163,0.104,0.278,0.639,0.274,"2010",FALSE,0,0,32,FALSE
"239","James Jones","SF",0.69,"MIA",0.439,0.073,0.142,0.042,0.055,0.481,0.092,0.102,0.411,0.006,0.016,0.207,0.574,0.03,0.029,0.821,0.008,0.041,0.029,0.015,0.045,0.011,0.024,0.121,0.052,"2010",FALSE,0,0,47,FALSE
"240","Solomon Jones","C",0.595,"IND",0.634,0.024,0.191,0.075,0.081,0.591,0,0.003,0,0.081,0.098,0.451,0.492,0.067,0.073,0.718,0.098,0.092,0.094,0.027,0.057,0.098,0.086,0.337,0.073,"2010",FALSE,0,0,32,FALSE
"241","DeAndre Jordan","C",0.5,"LAC",0.854,0.146,0.322,0.139,0.11,0.807,0,0.002,0,0.15,0.133,0.61,0.672,0.063,0.132,0.375,0.233,0.228,0.23,0.018,0.065,0.165,0.162,0.41,0.119,"2010",FALSE,0,0,29,FALSE
"242","Chris Kaman","C",0.643,"LAC",0.927,0.927,0.738,0.57,0.553,0.653,0,0.007,0,0.613,0.675,0.492,0.544,0.304,0.316,0.749,0.352,0.516,0.46,0.103,0.15,0.25,0.481,0.574,0.497,"2010",FALSE,0,0,29,FALSE
"243","Jason Kapono","SF",0.667,"PHI",0.695,0.146,0.276,0.122,0.139,0.559,0.157,0.193,0.368,0.066,0.073,0.485,0.581,0.012,0.015,0.6,0.027,0.052,0.043,0.034,0.085,0.016,0.073,0.216,0.114,"2010",FALSE,0,0,27,FALSE
"245","Jason Kidd","PG",0.857,"DAL",0.976,0.976,0.815,0.275,0.309,0.564,0.438,0.467,0.425,0.112,0.145,0.42,0.616,0.106,0.102,0.808,0.092,0.394,0.291,0.622,0.589,0.093,0.42,0.383,0.291,"2010",FALSE,0,0,55,FALSE
"246","Andrei Kirilenko","SF",0.667,"UTA",0.707,0.427,0.476,0.236,0.222,0.675,0.065,0.1,0.292,0.227,0.222,0.555,0.592,0.23,0.241,0.744,0.145,0.187,0.173,0.136,0.337,0.189,0.17,0.275,0.243,"2010",FALSE,0,0,53,FALSE
"247","Kyle Korver","SG",0.667,"UTA",0.634,0,0.269,0.133,0.129,0.657,0.147,0.124,0.536,0.082,0.096,0.465,0.664,0.052,0.05,0.796,0.019,0.1,0.073,0.076,0.106,0.032,0.091,0.205,0.132,"2010",FALSE,0,0,53,FALSE
"249","Nenad Krstic","C",0.619,"OKC",0.927,0.927,0.493,0.272,0.258,0.669,0.002,0.006,0.2,0.291,0.313,0.505,0.559,0.101,0.109,0.717,0.256,0.247,0.25,0.045,0.13,0.12,0.125,0.477,0.226,"2010",FALSE,0,0,50,FALSE
"254","Ty Lawson","PG",0.524,"DEN",0.793,0.098,0.373,0.194,0.179,0.687,0.085,0.094,0.41,0.174,0.173,0.544,0.621,0.14,0.144,0.757,0.08,0.081,0.081,0.174,0.195,0.005,0.177,0.24,0.191,"2010",FALSE,0,0,53,FALSE
"255","Courtney Lee","SG",0.571,"NJN",0.866,0.805,0.672,0.327,0.357,0.581,0.189,0.254,0.338,0.273,0.31,0.476,0.539,0.176,0.157,0.869,0.115,0.191,0.165,0.104,0.378,0.053,0.164,0.35,0.312,"2010",FALSE,0,0,12,FALSE
"256","David Lee","C",0.619,"NYK",0.988,0.988,0.855,0.663,0.579,0.727,0,0.009,0,0.714,0.705,0.549,0.606,0.354,0.34,0.812,0.436,0.716,0.62,0.253,0.346,0.106,0.407,0.693,0.579,"2010",FALSE,0,0,29,FALSE
"257","Rashard Lewis","PF",0.714,"ORL",0.878,0.878,0.671,0.338,0.37,0.58,0.418,0.477,0.397,0.189,0.215,0.476,0.599,0.192,0.185,0.806,0.119,0.254,0.208,0.092,0.317,0.074,0.233,0.485,0.358,"2010",FALSE,0,0,59,FALSE
"259","Brook Lopez","C",0.5,"NJN",1,1,0.857,0.544,0.52,0.665,0,0.002,0,0.586,0.636,0.5,0.554,0.55,0.524,0.817,0.516,0.436,0.463,0.161,0.224,0.37,0.44,0.677,0.544,"2010",FALSE,0,0,12,FALSE
"261","Kevin Love","PF",0.5,"MIN",0.732,0.268,0.485,0.281,0.297,0.6,0.087,0.12,0.33,0.266,0.305,0.474,0.531,0.298,0.284,0.815,0.434,0.428,0.43,0.117,0.175,0.061,0.252,0.367,0.297,"2010",FALSE,0,0,15,FALSE
"262","Kyle Lowry","PG",0.548,"HOU",0.829,0,0.467,0.178,0.214,0.529,0.092,0.153,0.272,0.153,0.185,0.448,0.484,0.284,0.267,0.827,0.174,0.155,0.161,0.262,0.244,0.024,0.25,0.466,0.219,"2010",FALSE,0,0,42,FALSE
"263","Corey Maggette","PF",0.714,"GSW",0.854,0.598,0.589,0.442,0.408,0.688,0.032,0.056,0.26,0.462,0.472,0.531,0.581,0.608,0.567,0.835,0.176,0.279,0.244,0.148,0.207,0.011,0.362,0.623,0.49,"2010",FALSE,0,0,26,FALSE
"266","Shawn Marion","SF",0.738,"DAL",0.915,0.915,0.675,0.382,0.358,0.677,0.007,0.021,0.158,0.408,0.428,0.516,0.567,0.139,0.143,0.755,0.302,0.317,0.312,0.092,0.28,0.162,0.213,0.38,0.317,"2010",FALSE,0,0,55,FALSE
"269","Kenyon Martin","PF",0.762,"DEN",0.707,0.707,0.562,0.274,0.285,0.608,0.02,0.033,0.276,0.286,0.333,0.465,0.514,0.123,0.172,0.557,0.272,0.401,0.357,0.094,0.293,0.162,0.196,0.501,0.236,"2010",FALSE,0,0,53,FALSE
"272","Roger Mason","SG",0.69,"SAS",0.963,0.061,0.429,0.187,0.228,0.519,0.219,0.298,0.333,0.109,0.131,0.453,0.531,0.036,0.035,0.794,0.021,0.15,0.106,0.118,0.122,0.037,0.127,0.267,0.177,"2010",FALSE,0,0,50,FALSE
"273","Wesley Matthews","SG",0.548,"UTA",1,0.585,0.573,0.264,0.26,0.644,0.157,0.186,0.382,0.219,0.226,0.525,0.599,0.212,0.199,0.829,0.096,0.14,0.125,0.107,0.26,0.04,0.2,0.41,0.272,"2010",FALSE,0,0,53,FALSE
"274","Jason Maxiell","C",0.619,"DET",0.927,0.354,0.439,0.205,0.191,0.681,0,0.001,0,0.221,0.234,0.512,0.568,0.118,0.159,0.574,0.308,0.238,0.262,0.034,0.146,0.101,0.147,0.472,0.181,"2010",FALSE,0,0,27,FALSE
"275","Sean May","C",0.595,"SAC",0.451,0.049,0.094,0.049,0.051,0.612,0,0.005,0,0.053,0.06,0.477,0.51,0.028,0.033,0.656,0.038,0.05,0.046,0.015,0.049,0.019,0.041,0.124,0.043,"2010",FALSE,0,0,25,FALSE
"277","O.J. Mayo","SG",0.524,"MEM",1,1,0.881,0.524,0.544,0.611,0.338,0.401,0.383,0.422,0.467,0.49,0.573,0.28,0.27,0.809,0.117,0.248,0.203,0.208,0.398,0.045,0.379,0.469,0.506,"2010",FALSE,0,0,40,FALSE
"278","Luc Mbah a Moute","PF",0.548,"MIL",0.89,0.756,0.528,0.171,0.17,0.64,0.015,0.019,0.353,0.178,0.199,0.486,0.542,0.123,0.137,0.699,0.327,0.227,0.261,0.07,0.244,0.104,0.151,0.488,0.16,"2010",FALSE,0,0,46,FALSE
"279","Antonio McDyess","PF",0.833,"SAS",0.939,0.61,0.458,0.198,0.197,0.639,0,0.002,0,0.213,0.24,0.481,0.532,0.048,0.059,0.632,0.285,0.304,0.297,0.071,0.175,0.085,0.17,0.396,0.157,"2010",FALSE,0,0,50,FALSE
"280","JaVale McGee","C",0.524,"WAS",0.732,0.232,0.274,0.151,0.141,0.677,0,0.001,0,0.162,0.173,0.51,0.564,0.098,0.119,0.638,0.168,0.154,0.159,0.012,0.065,0.269,0.11,0.329,0.136,"2010",FALSE,0,0,26,FALSE
"283","Josh McRoberts","C",0.524,"IND",0.512,0.037,0.148,0.074,0.067,0.695,0.02,0.026,0.348,0.071,0.069,0.553,0.609,0.025,0.039,0.5,0.076,0.086,0.083,0.038,0.069,0.043,0.041,0.199,0.063,"2010",FALSE,0,0,32,FALSE
"286","C.J. Miles","SF",0.524,"UTA",0.768,0.341,0.424,0.233,0.259,0.572,0.184,0.245,0.341,0.174,0.195,0.484,0.55,0.087,0.098,0.695,0.08,0.125,0.11,0.09,0.236,0.045,0.175,0.512,0.22,"2010",FALSE,0,0,53,FALSE
"288","Andre Miller","PG",0.786,"POR",1,0.805,0.708,0.391,0.418,0.593,0.04,0.09,0.2,0.404,0.467,0.469,0.504,0.426,0.403,0.821,0.155,0.184,0.174,0.382,0.378,0.024,0.373,0.456,0.405,"2010",FALSE,0,0,50,FALSE
"289","Brad Miller","C",0.786,"CHI",1,0.451,0.552,0.242,0.267,0.573,0.092,0.149,0.28,0.222,0.253,0.474,0.513,0.241,0.226,0.827,0.159,0.314,0.261,0.132,0.179,0.077,0.231,0.509,0.254,"2010",FALSE,0,0,41,FALSE
"290","Mike Miller","SG",0.69,"WAS",0.659,0.61,0.511,0.21,0.199,0.668,0.204,0.193,0.48,0.14,0.148,0.515,0.662,0.093,0.087,0.824,0.105,0.279,0.22,0.182,0.159,0.032,0.248,0.353,0.207,"2010",FALSE,0,0,26,FALSE
"291","Patty Mills","PG",0.5,"POR",0.122,0,0.011,0.01,0.011,0.556,0.005,0.005,0.5,0.008,0.011,0.4,0.509,0.005,0.007,0.571,0.002,0.001,0.001,0.004,0,0,0.009,0.016,0.009,"2010",FALSE,0,0,50,FALSE
"292","Paul Millsap","PF",0.571,"UTA",1,0.098,0.644,0.372,0.329,0.717,0.002,0.01,0.111,0.4,0.399,0.543,0.598,0.242,0.272,0.693,0.356,0.37,0.365,0.113,0.26,0.263,0.25,0.768,0.337,"2010",FALSE,0,0,53,FALSE
"294","Jamario Moon","SF",0.69,"CLE",0.744,0.024,0.298,0.11,0.114,0.616,0.08,0.113,0.32,0.085,0.083,0.558,0.584,0.048,0.046,0.8,0.05,0.164,0.125,0.042,0.138,0.08,0.05,0.186,0.105,"2010",FALSE,0,0,61,FALSE
"297","Adam Morrison","SF",0.595,"LAL",0.378,0,0.068,0.031,0.039,0.501,0.012,0.024,0.238,0.028,0.036,0.422,0.451,0.007,0.008,0.625,0.019,0.022,0.021,0.015,0.012,0.005,0.022,0.046,0.026,"2010",FALSE,0,0,57,FALSE
"298","Anthony Morrow","SG",0.571,"GSW",0.841,0.451,0.571,0.318,0.324,0.624,0.348,0.347,0.456,0.197,0.223,0.477,0.631,0.134,0.117,0.886,0.117,0.197,0.169,0.089,0.264,0.043,0.181,0.426,0.317,"2010",FALSE,0,0,26,FALSE
"300","Troy Murphy","PF",0.69,"IND",0.878,0.841,0.663,0.371,0.374,0.629,0.318,0.376,0.384,0.266,0.271,0.533,0.612,0.204,0.199,0.798,0.247,0.604,0.482,0.129,0.293,0.09,0.216,0.472,0.371,"2010",FALSE,0,0,32,FALSE
"303","Steve Nash","PG",0.833,"PHO",0.988,0.988,0.753,0.483,0.453,0.676,0.308,0.328,0.426,0.39,0.391,0.54,0.633,0.279,0.231,0.938,0.065,0.232,0.175,0.766,0.171,0.032,0.636,0.291,0.471,"2010",FALSE,0,0.04,54,TRUE
"304","Jameer Nelson","PG",0.643,"ORL",0.793,0.78,0.526,0.307,0.325,0.599,0.214,0.255,0.381,0.24,0.271,0.481,0.567,0.13,0.119,0.845,0.05,0.167,0.127,0.303,0.195,0.005,0.3,0.396,0.289,"2010",FALSE,0,0,59,FALSE
"307","Andres Nocioni","SF",0.714,"SAC",0.915,0.341,0.418,0.226,0.27,0.532,0.239,0.281,0.386,0.144,0.191,0.408,0.533,0.094,0.102,0.717,0.061,0.189,0.145,0.064,0.13,0.069,0.144,0.431,0.224,"2010",FALSE,0,0,25,FALSE
"308","Steve Novak","SF",0.619,"LAC",0.659,0,0.102,0.041,0.05,0.519,0.055,0.08,0.31,0.021,0.021,0.541,0.546,0.009,0.009,0.778,0.002,0.032,0.022,0.005,0.028,0.005,0.004,0.057,0.04,"2010",FALSE,0,0,29,FALSE
"309","Dirk Nowitzki","PF",0.738,"DAL",0.988,0.976,0.86,0.696,0.688,0.641,0.127,0.137,0.421,0.696,0.776,0.487,0.553,0.709,0.603,0.915,0.153,0.536,0.405,0.187,0.285,0.21,0.321,0.561,0.716,"2010",FALSE,0,0.045,55,TRUE
"310","Patrick O'Bryant","C",0.548,"TOR",0.134,0,0.014,0.008,0.007,0.711,0,0.001,0,0.008,0.008,0.571,0.592,0.004,0.006,0.5,0.004,0.009,0.007,0.001,0.008,0.011,0.011,0.032,0.007,"2010",FALSE,0,0,40,FALSE
"311","Jermaine O'Neal","C",0.738,"MIA",0.854,0.854,0.564,0.381,0.343,0.705,0,0.002,0,0.41,0.419,0.53,0.588,0.214,0.231,0.72,0.237,0.359,0.318,0.079,0.102,0.253,0.269,0.571,0.335,"2010",FALSE,0,0,47,FALSE
"312","Shaquille O'Neal","C",0.881,"CLE",0.646,0.646,0.351,0.253,0.213,0.755,0,0.001,0,0.273,0.261,0.567,0.629,0.148,0.233,0.496,0.178,0.26,0.232,0.069,0.061,0.165,0.226,0.456,0.225,"2010",FALSE,0,0,61,FALSE
"315","Lamar Odom","PF",0.714,"LAL",1,0.463,0.732,0.331,0.34,0.617,0.144,0.205,0.319,0.296,0.314,0.51,0.558,0.185,0.208,0.693,0.352,0.614,0.524,0.229,0.305,0.157,0.323,0.612,0.311,"2010",FALSE,0,0,57,FALSE
"317","Mehmet Okur","C",0.714,"UTA",0.89,0.89,0.608,0.343,0.357,0.611,0.204,0.24,0.385,0.284,0.317,0.486,0.568,0.259,0.246,0.82,0.252,0.38,0.337,0.102,0.154,0.215,0.274,0.601,0.349,"2010",FALSE,0,0,53,FALSE
"318","Kevin Ollie","PG",0.881,"OKC",0.305,0,0.074,0.017,0.021,0.533,0,0.001,0,0.019,0.025,0.409,0.444,0.011,0.008,1,0.006,0.022,0.016,0.017,0.037,0,0.013,0.043,0.016,"2010",FALSE,0,0,50,FALSE
"320","Zaza Pachulia","C",0.595,"ATL",0.951,0.012,0.308,0.116,0.113,0.651,0,0.005,0,0.125,0.136,0.496,0.542,0.123,0.147,0.65,0.224,0.175,0.192,0.036,0.15,0.082,0.125,0.501,0.118,"2010",FALSE,0,0,53,FALSE
"321","Jannero Pargo","PG",0.714,"CHI",0.768,0.061,0.235,0.128,0.175,0.461,0.095,0.156,0.275,0.098,0.137,0.387,0.44,0.056,0.046,0.933,0.017,0.069,0.051,0.076,0.118,0.005,0.108,0.183,0.121,"2010",FALSE,0,0,41,FALSE
"322","Anthony Parker","SG",0.81,"CLE",0.988,0.988,0.648,0.199,0.219,0.579,0.269,0.295,0.414,0.102,0.121,0.458,0.608,0.099,0.098,0.789,0.057,0.2,0.151,0.135,0.256,0.048,0.153,0.407,0.21,"2010",FALSE,0,0,61,FALSE
"323","Tony Parker","PG",0.643,"SAS",0.683,0.61,0.489,0.338,0.329,0.649,0.025,0.038,0.294,0.353,0.385,0.497,0.549,0.246,0.253,0.756,0.013,0.127,0.088,0.272,0.118,0.021,0.321,0.259,0.316,"2010",FALSE,0,0,50,FALSE
"324","Chris Paul","PG",0.571,"NOH",0.549,0.549,0.485,0.304,0.293,0.657,0.129,0.143,0.409,0.273,0.288,0.514,0.593,0.213,0.195,0.847,0.038,0.17,0.125,0.412,0.39,0.021,0.241,0.318,0.297,"2010",FALSE,0,0,37,FALSE
"325","Sasha Pavlovic","SF",0.619,"MIN",0.866,0,0.248,0.105,0.138,0.484,0.087,0.133,0.297,0.077,0.103,0.407,0.469,0.013,0.027,0.385,0.023,0.104,0.076,0.05,0.093,0.016,0.114,0.226,0.093,"2010",FALSE,0,0,15,FALSE
"326","Oleksiy Pecherov","C",0.571,"MIN",0.537,0.061,0.127,0.074,0.087,0.547,0.035,0.059,0.269,0.066,0.077,0.463,0.497,0.038,0.033,0.906,0.061,0.091,0.081,0.009,0.037,0.037,0.069,0.148,0.07,"2010",FALSE,0,0,15,FALSE
"327","Kendrick Perkins","C",0.595,"BOS",0.951,0.951,0.61,0.304,0.24,0.803,0,0.003,0,0.327,0.293,0.605,0.669,0.216,0.288,0.582,0.296,0.437,0.389,0.069,0.106,0.351,0.356,0.59,0.279,"2010",FALSE,0,0,50,FALSE
"328","Morris Peterson","SG",0.762,"NOH",0.561,0.476,0.275,0.112,0.139,0.513,0.154,0.193,0.363,0.056,0.073,0.415,0.542,0.044,0.056,0.611,0.033,0.108,0.082,0.035,0.102,0.013,0.058,0.218,0.115,"2010",FALSE,0,0,37,FALSE
"329","Johan Petro","C",0.571,"DEN",0.439,0.195,0.123,0.052,0.046,0.713,0,0.001,0,0.056,0.056,0.54,0.594,0.019,0.022,0.667,0.061,0.096,0.084,0.012,0.041,0.035,0.05,0.216,0.043,"2010",FALSE,0,0,53,FALSE
"330","Paul Pierce","SF",0.762,"BOS",0.866,0.866,0.682,0.396,0.399,0.629,0.271,0.297,0.414,0.312,0.341,0.497,0.594,0.488,0.445,0.852,0.075,0.269,0.203,0.187,0.341,0.082,0.358,0.528,0.458,"2010",FALSE,0,0,50,FALSE
"331","Mickael Pietrus","SF",0.643,"ORL",0.915,0.293,0.477,0.225,0.248,0.576,0.289,0.345,0.379,0.122,0.131,0.502,0.6,0.091,0.112,0.633,0.075,0.175,0.141,0.042,0.215,0.082,0.149,0.372,0.23,"2010",FALSE,0,0,59,FALSE
"332","James Posey","SF",0.786,"NOH",0.939,0.024,0.49,0.122,0.159,0.487,0.201,0.273,0.335,0.047,0.058,0.437,0.537,0.087,0.082,0.825,0.061,0.295,0.215,0.101,0.171,0.051,0.11,0.55,0.141,"2010",FALSE,0,0,37,FALSE
"334","Josh Powell","PF",0.643,"LAL",0.768,0,0.164,0.069,0.089,0.488,0.017,0.018,0.438,0.067,0.1,0.36,0.427,0.026,0.032,0.645,0.084,0.071,0.076,0.03,0.037,0.016,0.071,0.191,0.06,"2010",FALSE,0,0,57,FALSE
"335","A.J. Price","PG",0.548,"IND",0.683,0.024,0.245,0.14,0.163,0.547,0.149,0.196,0.345,0.088,0.102,0.472,0.549,0.079,0.077,0.8,0.023,0.075,0.058,0.091,0.142,0.008,0.127,0.143,0.145,"2010",FALSE,0,0,32,FALSE
"336","Ronnie Price","PG",0.619,"UTA",0.732,0.049,0.228,0.095,0.111,0.54,0.045,0.071,0.286,0.083,0.101,0.447,0.491,0.054,0.061,0.695,0.054,0.046,0.048,0.106,0.163,0.035,0.121,0.294,0.09,"2010",FALSE,0,0,53,FALSE
"337","Tayshaun Prince","SF",0.69,"DET",0.598,0.598,0.471,0.273,0.267,0.648,0.067,0.082,0.37,0.265,0.286,0.503,0.566,0.093,0.101,0.714,0.136,0.176,0.162,0.138,0.138,0.059,0.129,0.208,0.233,"2010",FALSE,0,0,27,FALSE
"339","Chris Quinn","PG",0.619,"NJN",0.305,0,0.063,0.019,0.026,0.476,0.025,0.036,0.313,0.01,0.014,0.417,0.496,0.008,0.006,1,0.002,0.015,0.01,0.025,0.037,0.003,0.022,0.04,0.02,"2010",FALSE,0,0,12,FALSE
"341","Anthony Randolph","C",0.476,"GSW",0.402,0.098,0.212,0.132,0.142,0.591,0.002,0.006,0.2,0.142,0.171,0.447,0.494,0.144,0.14,0.801,0.14,0.141,0.141,0.036,0.114,0.136,0.106,0.248,0.136,"2010",FALSE,0,0,26,FALSE
"343","Zach Randolph","PF",0.667,"MEM",0.988,0.988,0.864,0.631,0.615,0.651,0.037,0.059,0.288,0.663,0.724,0.496,0.549,0.479,0.478,0.778,0.631,0.616,0.621,0.128,0.325,0.09,0.375,0.609,0.594,"2010",FALSE,0,0,40,FALSE
"345","Michael Redd","SG",0.714,"MIL",0.22,0.146,0.139,0.073,0.098,0.469,0.045,0.068,0.3,0.059,0.086,0.373,0.438,0.062,0.068,0.712,0.021,0.043,0.035,0.034,0.077,0.005,0.032,0.065,0.076,"2010",FALSE,0,0,46,FALSE
"346","J.J. Redick","SG",0.595,"ORL",1,0.11,0.512,0.235,0.254,0.585,0.276,0.309,0.405,0.137,0.157,0.473,0.6,0.253,0.228,0.86,0.033,0.137,0.101,0.136,0.114,0.011,0.136,0.318,0.278,"2010",FALSE,0,0,59,FALSE
"348","Jason Richardson","SG",0.69,"PHO",0.963,0.927,0.703,0.457,0.459,0.632,0.391,0.451,0.393,0.329,0.337,0.528,0.614,0.18,0.189,0.739,0.155,0.321,0.264,0.123,0.268,0.088,0.198,0.456,0.438,"2010",FALSE,0,0,54,FALSE
"349","Quentin Richardson","SF",0.69,"MIA",0.927,0.915,0.589,0.234,0.258,0.575,0.353,0.404,0.397,0.104,0.114,0.493,0.62,0.069,0.073,0.732,0.122,0.308,0.244,0.08,0.285,0.048,0.134,0.456,0.239,"2010",FALSE,0,0,47,FALSE
"350","Luke Ridnour","PG",0.667,"MIL",1,0,0.498,0.317,0.316,0.637,0.172,0.204,0.381,0.27,0.285,0.513,0.587,0.168,0.144,0.907,0.046,0.118,0.093,0.278,0.22,0.019,0.228,0.491,0.301,"2010",FALSE,0,0,46,FALSE
"353","Rajon Rondo","PG",0.548,"BOS",0.988,0.988,0.839,0.444,0.416,0.677,0.042,0.09,0.213,0.46,0.465,0.536,0.574,0.231,0.29,0.621,0.191,0.258,0.235,0.682,0.768,0.029,0.53,0.534,0.392,"2010",FALSE,0,0,50,FALSE
"354","Derrick Rose","PG",0.5,"CHI",0.951,0.951,0.813,0.65,0.632,0.652,0.04,0.068,0.267,0.683,0.741,0.5,0.55,0.343,0.348,0.766,0.124,0.226,0.192,0.403,0.232,0.072,0.468,0.259,0.572,"2010",FALSE,0,0,41,FALSE
"356","Brandon Roy","SG",0.595,"POR",0.793,0.793,0.685,0.475,0.478,0.631,0.182,0.249,0.33,0.435,0.461,0.512,0.564,0.454,0.453,0.78,0.14,0.211,0.186,0.262,0.248,0.043,0.278,0.367,0.494,"2010",FALSE,0,0,50,FALSE
"357","Brandon Rush","SG",0.571,"IND",1,0.78,0.705,0.287,0.323,0.564,0.308,0.341,0.411,0.18,0.226,0.433,0.568,0.074,0.092,0.629,0.078,0.303,0.226,0.096,0.228,0.173,0.2,0.429,0.273,"2010",FALSE,0,0,32,FALSE
"360","Brian Scalabrine","PF",0.738,"BOS",0.634,0.037,0.134,0.028,0.039,0.455,0.04,0.055,0.327,0.014,0.02,0.361,0.483,0.005,0.006,0.667,0.017,0.039,0.031,0.023,0.037,0.011,0.037,0.159,0.028,"2010",FALSE,0,0,50,FALSE
"361","Luis Scola","PF",0.69,"HOU",1,1,0.756,0.542,0.502,0.685,0.002,0.006,0.2,0.582,0.612,0.515,0.571,0.275,0.275,0.779,0.335,0.526,0.461,0.145,0.256,0.069,0.351,0.663,0.469,"2010",FALSE,0,0,42,FALSE
"362","Thabo Sefolosha","SG",0.595,"OKC",1,1,0.665,0.188,0.203,0.587,0.102,0.148,0.313,0.159,0.175,0.494,0.54,0.079,0.092,0.674,0.145,0.309,0.253,0.125,0.394,0.122,0.194,0.415,0.173,"2010",FALSE,0,0,50,FALSE
"363","Ramon Sessions","PG",0.548,"MIN",1,0.012,0.49,0.245,0.255,0.608,0.002,0.017,0.067,0.262,0.305,0.467,0.508,0.221,0.24,0.717,0.111,0.155,0.14,0.222,0.224,0.013,0.295,0.369,0.238,"2010",FALSE,0,0,15,FALSE
"364","Bobby Simmons","PF",0.69,"NJN",0.28,0.024,0.112,0.041,0.054,0.479,0.05,0.071,0.317,0.023,0.03,0.407,0.493,0.024,0.021,0.9,0.021,0.052,0.041,0.013,0.061,0.008,0.041,0.14,0.043,"2010",FALSE,0,0,12,FALSE
"367","Craig Smith","PF",0.619,"LAC",0.915,0.024,0.349,0.219,0.183,0.759,0.002,0.006,0.2,0.234,0.221,0.574,0.634,0.175,0.214,0.635,0.185,0.189,0.188,0.072,0.134,0.066,0.19,0.523,0.207,"2010",FALSE,0,0,29,FALSE
"368","J.R. Smith","SG",0.571,"DEN",0.915,0,0.589,0.414,0.475,0.552,0.393,0.527,0.338,0.281,0.319,0.477,0.546,0.188,0.207,0.706,0.054,0.205,0.153,0.157,0.402,0.053,0.3,0.469,0.408,"2010",FALSE,0,0,53,FALSE
"369","Jason Smith","PF",0.548,"PHI",0.683,0.024,0.186,0.073,0.08,0.575,0.025,0.033,0.345,0.068,0.082,0.448,0.511,0.038,0.043,0.69,0.103,0.08,0.088,0.028,0.085,0.074,0.075,0.296,0.067,"2010",FALSE,0,0,27,FALSE
"370","Joe Smith","PF",0.81,"ATL",0.78,0.012,0.168,0.074,0.089,0.532,0.002,0.008,0.143,0.079,0.105,0.409,0.447,0.052,0.049,0.813,0.126,0.09,0.103,0.018,0.024,0.051,0.047,0.256,0.069,"2010",FALSE,0,0,53,FALSE
"371","Josh Smith","PF",0.571,"ATL",0.988,0.988,0.813,0.487,0.46,0.673,0,0.008,0,0.524,0.56,0.508,0.561,0.345,0.434,0.618,0.426,0.479,0.461,0.294,0.528,0.457,0.427,0.647,0.448,"2010",FALSE,0,0,53,FALSE
"372","Darius Songaila","C",0.738,"NOH",0.915,0.012,0.399,0.233,0.225,0.659,0.002,0.007,0.167,0.25,0.272,0.498,0.55,0.079,0.076,0.811,0.113,0.172,0.152,0.06,0.252,0.037,0.175,0.555,0.192,"2010",FALSE,0,0,37,FALSE
"373","Marreese Speights","C",0.524,"PHI",0.756,0.012,0.288,0.205,0.204,0.636,0,0.006,0,0.221,0.248,0.483,0.53,0.143,0.149,0.745,0.163,0.166,0.165,0.031,0.118,0.09,0.11,0.41,0.188,"2010",FALSE,0,0,27,FALSE
"374","Jerry Stackhouse","SG",0.833,"MIL",0.512,0,0.242,0.125,0.145,0.544,0.112,0.147,0.346,0.087,0.105,0.452,0.532,0.073,0.071,0.797,0.036,0.08,0.065,0.06,0.085,0.024,0.142,0.151,0.126,"2010",FALSE,0,0,46,FALSE
"376","Peja Stojakovic","SF",0.762,"NOH",0.756,0.671,0.551,0.269,0.317,0.539,0.328,0.397,0.375,0.152,0.19,0.435,0.556,0.127,0.11,0.897,0.075,0.187,0.148,0.079,0.195,0.013,0.121,0.224,0.277,"2010",FALSE,0,0,37,FALSE
"377","Amar'e Stoudemire","PF",0.643,"PHO",1,1,0.803,0.681,0.582,0.743,0.002,0.007,0.167,0.732,0.71,0.559,0.619,0.644,0.65,0.771,0.44,0.499,0.478,0.07,0.211,0.221,0.459,0.757,0.669,"2010",FALSE,0,0.004,54,TRUE
"378","Rodney Stuckey","PG",0.548,"DET",0.89,0.817,0.707,0.434,0.51,0.54,0.045,0.089,0.228,0.448,0.581,0.418,0.459,0.396,0.369,0.833,0.128,0.213,0.184,0.299,0.411,0.032,0.351,0.553,0.429,"2010",FALSE,0,0,27,FALSE
"379","DaJuan Summers","SF",0.524,"DET",0.537,0,0.115,0.044,0.06,0.472,0.037,0.047,0.357,0.032,0.05,0.352,0.458,0.036,0.039,0.711,0.027,0.031,0.029,0.014,0.033,0.019,0.034,0.14,0.047,"2010",FALSE,0,0,27,FALSE
"380","Jermaine Taylor","SG",0.548,"HOU",0.378,0.049,0.086,0.044,0.055,0.504,0.012,0.025,0.227,0.042,0.055,0.412,0.443,0.044,0.047,0.717,0.04,0.025,0.03,0.014,0.041,0.008,0.041,0.04,0.045,"2010",FALSE,0,0,42,FALSE
"381","Jeff Teague","PG",0.5,"ATL",0.866,0.037,0.204,0.087,0.104,0.528,0.017,0.036,0.219,0.086,0.11,0.426,0.458,0.054,0.05,0.837,0.01,0.062,0.044,0.105,0.138,0.029,0.108,0.221,0.081,"2010",FALSE,0,0,53,FALSE
"384","Jason Terry","SG",0.762,"DAL",0.939,0.146,0.719,0.441,0.479,0.584,0.338,0.421,0.365,0.333,0.377,0.479,0.559,0.307,0.276,0.866,0.036,0.12,0.092,0.251,0.382,0.045,0.235,0.383,0.452,"2010",FALSE,0,0,55,FALSE
"389","Tim Thomas","SF",0.762,"DAL",0.22,0.012,0.081,0.047,0.049,0.616,0.04,0.049,0.372,0.034,0.036,0.524,0.598,0.028,0.025,0.875,0.025,0.028,0.027,0.012,0.041,0.005,0.03,0.084,0.048,"2010",FALSE,0,0,55,FALSE
"391","Jason Thompson","C",0.548,"SAC",0.915,0.707,0.667,0.358,0.361,0.629,0.002,0.011,0.1,0.384,0.437,0.477,0.526,0.262,0.285,0.715,0.428,0.41,0.416,0.107,0.167,0.194,0.3,0.752,0.332,"2010",FALSE,0,0,25,FALSE
"393","Marcus Thornton","SG",0.524,"NOH",0.89,0.207,0.53,0.385,0.406,0.601,0.291,0.353,0.374,0.292,0.321,0.493,0.574,0.19,0.182,0.814,0.138,0.138,0.138,0.098,0.236,0.029,0.164,0.342,0.373,"2010",FALSE,0,0,37,FALSE
"394","Jamaal Tinsley","PG",0.738,"MEM",0.463,0.012,0.167,0.05,0.064,0.495,0.017,0.044,0.179,0.047,0.057,0.446,0.44,0.029,0.028,0.815,0.021,0.055,0.043,0.093,0.134,0.013,0.136,0.181,0.047,"2010",FALSE,0,0,40,FALSE
"397","Ronny Turiaf","C",0.643,"GSW",0.512,0.244,0.247,0.082,0.067,0.776,0,0.001,0,0.088,0.082,0.586,0.647,0.049,0.08,0.474,0.103,0.136,0.125,0.077,0.093,0.144,0.106,0.264,0.073,"2010",FALSE,0,0,26,FALSE
"398","Hedo Turkoglu","SF",0.714,"TOR",0.902,0.841,0.643,0.267,0.31,0.545,0.269,0.326,0.374,0.175,0.217,0.436,0.544,0.231,0.233,0.774,0.08,0.299,0.224,0.261,0.224,0.085,0.269,0.593,0.295,"2010",FALSE,0,0,40,FALSE
"399","Ime Udoka","SG",0.762,"SAC",0.841,0.024,0.267,0.088,0.111,0.504,0.065,0.103,0.286,0.068,0.085,0.433,0.48,0.056,0.059,0.737,0.098,0.139,0.125,0.05,0.138,0.016,0.091,0.224,0.088,"2010",FALSE,0,0,25,FALSE
"400","Beno Udrih","PG",0.643,"SAC",0.963,0.5,0.701,0.401,0.387,0.657,0.187,0.225,0.377,0.354,0.362,0.53,0.598,0.156,0.145,0.837,0.073,0.18,0.143,0.32,0.362,0.027,0.293,0.447,0.361,"2010",FALSE,0,0,25,FALSE
"401","Roko Ukic","PG",0.595,"MIL",0.159,0,0.027,0.014,0.014,0.623,0.007,0.014,0.25,0.011,0.01,0.611,0.574,0.012,0.011,0.818,0,0.003,0.002,0.01,0.004,0,0.013,0.016,0.014,"2010",FALSE,0,0,46,FALSE
"402","Anderson Varejao","PF",0.643,"CLE",0.927,0.085,0.613,0.258,0.215,0.763,0.002,0.006,0.2,0.277,0.261,0.576,0.637,0.153,0.18,0.663,0.361,0.386,0.378,0.075,0.289,0.178,0.144,0.601,0.23,"2010",FALSE,0,0,61,FALSE
"403","Charlie Villanueva","PF",0.595,"DET",0.951,0.195,0.523,0.351,0.381,0.585,0.246,0.318,0.351,0.275,0.307,0.484,0.554,0.14,0.134,0.815,0.163,0.278,0.239,0.046,0.195,0.146,0.159,0.601,0.329,"2010",FALSE,0,0,27,FALSE
"404","Sasha Vujacic","SG",0.595,"LAL",0.817,0.012,0.163,0.064,0.075,0.536,0.062,0.091,0.309,0.043,0.047,0.494,0.532,0.037,0.034,0.848,0.048,0.054,0.052,0.035,0.081,0.011,0.037,0.181,0.065,"2010",FALSE,0,0,57,FALSE
"405","Dwyane Wade","SG",0.667,"MIA",0.939,0.939,0.79,0.695,0.695,0.635,0.182,0.274,0.3,0.672,0.715,0.509,0.556,0.706,0.722,0.761,0.205,0.264,0.244,0.43,0.577,0.218,0.543,0.488,0.722,"2010",FALSE,0,0.097,47,TRUE
"407","Ben Wallace","C",0.833,"DET",0.841,0.817,0.559,0.153,0.134,0.721,0,0.002,0,0.164,0.164,0.545,0.601,0.086,0.165,0.406,0.468,0.35,0.39,0.09,0.35,0.223,0.138,0.353,0.135,"2010",FALSE,0,0,27,FALSE
"408","Gerald Wallace","SF",0.643,"CHA",0.927,0.927,0.883,0.441,0.434,0.645,0.129,0.158,0.371,0.42,0.453,0.503,0.568,0.558,0.56,0.776,0.287,0.608,0.498,0.138,0.476,0.221,0.384,0.523,0.489,"2010",FALSE,0,0,44,FALSE
"409","Rasheed Wallace","C",0.833,"BOS",0.963,0.159,0.504,0.257,0.299,0.545,0.204,0.327,0.283,0.191,0.203,0.511,0.524,0.127,0.129,0.768,0.08,0.281,0.212,0.069,0.325,0.186,0.136,0.598,0.251,"2010",FALSE,0,0,50,FALSE
"410","Luke Walton","SF",0.69,"LAL",0.354,0,0.077,0.029,0.039,0.476,0.017,0.019,0.412,0.024,0.038,0.343,0.443,0.003,0.004,0.5,0.023,0.026,0.025,0.034,0.041,0.003,0.026,0.051,0.024,"2010",FALSE,0,0,57,FALSE
"412","C.J. Watson","PG",0.595,"GSW",0.793,0.183,0.506,0.239,0.243,0.624,0.112,0.164,0.31,0.21,0.216,0.527,0.567,0.169,0.171,0.771,0.054,0.14,0.11,0.155,0.419,0.021,0.149,0.334,0.236,"2010",FALSE,0,0,26,FALSE
"413","Earl Watson","PG",0.714,"IND",0.963,0.634,0.657,0.216,0.241,0.568,0.132,0.208,0.288,0.177,0.192,0.5,0.529,0.159,0.174,0.71,0.103,0.185,0.157,0.343,0.423,0.043,0.377,0.488,0.219,"2010",FALSE,0,0,32,FALSE
"414","Kyle Weaver","SG",0.548,"OKC",0.146,0,0.041,0.012,0.015,0.485,0.017,0.021,0.368,0.005,0.008,0.357,0.522,0.007,0.006,0.833,0.002,0.017,0.012,0.009,0.024,0.016,0.009,0.035,0.013,"2010",FALSE,0,0,50,FALSE
"415","Martell Webster","SF",0.548,"POR",1,0.598,0.568,0.25,0.294,0.54,0.308,0.375,0.373,0.14,0.173,0.44,0.558,0.167,0.159,0.813,0.09,0.219,0.175,0.053,0.183,0.106,0.129,0.412,0.271,"2010",FALSE,0,0,50,FALSE
"416","Sonny Weems","SG",0.548,"TOR",0.841,0.232,0.387,0.228,0.211,0.687,0.005,0.017,0.133,0.243,0.25,0.528,0.574,0.058,0.066,0.688,0.08,0.149,0.125,0.087,0.159,0.066,0.14,0.34,0.183,"2010",FALSE,0,0,40,FALSE
"417","David West","PF",0.69,"NOH",0.988,0.988,0.835,0.599,0.564,0.673,0.017,0.03,0.259,0.637,0.676,0.51,0.564,0.392,0.352,0.865,0.314,0.438,0.395,0.205,0.309,0.16,0.373,0.628,0.544,"2010",FALSE,0,0,37,FALSE
"418","Delonte West","SG",0.619,"CLE",0.732,0.037,0.425,0.188,0.201,0.593,0.062,0.087,0.325,0.176,0.202,0.471,0.527,0.152,0.146,0.81,0.055,0.139,0.11,0.168,0.224,0.074,0.194,0.232,0.186,"2010",FALSE,0,0,61,FALSE
"419","Mario West","SG",0.595,"ATL",0.476,0.012,0.04,0.012,0.01,0.761,0,0.001,0,0.012,0.011,0.6,0.634,0.008,0.01,0.6,0.015,0.019,0.018,0.008,0.033,0,0.015,0.067,0.011,"2010",FALSE,0,0,53,FALSE
"420","Russell Westbrook","PG",0.5,"OKC",1,1,0.796,0.469,0.534,0.557,0.057,0.117,0.221,0.481,0.596,0.438,0.476,0.435,0.434,0.78,0.273,0.256,0.262,0.56,0.439,0.09,0.578,0.55,0.467,"2010",FALSE,0,0,50,FALSE
"423","Damien Wilkins","SF",0.714,"MIN",0.976,0.378,0.449,0.16,0.175,0.577,0.045,0.069,0.295,0.153,0.18,0.459,0.508,0.136,0.133,0.798,0.138,0.176,0.163,0.116,0.268,0.066,0.164,0.388,0.159,"2010",FALSE,0,0,15,FALSE
"424","Mike Wilks","PG",0.714,"OKC",0.049,0,0.017,0.006,0.006,0.667,0.005,0.003,0.667,0.004,0.005,0.444,0.648,0.003,0.004,0.5,0.002,0.003,0.003,0.003,0,0,0.009,0.013,0.006,"2010",FALSE,0,0,50,FALSE
"425","Deron Williams","PG",0.595,"UTA",0.927,0.927,0.793,0.478,0.485,0.625,0.239,0.292,0.371,0.414,0.448,0.501,0.572,0.443,0.43,0.801,0.096,0.251,0.198,0.686,0.39,0.043,0.543,0.561,0.501,"2010",FALSE,0,0.006,53,TRUE
"426","Jason Williams","PG",0.81,"ORL",1,0.22,0.482,0.183,0.196,0.592,0.209,0.249,0.38,0.109,0.116,0.512,0.602,0.041,0.042,0.756,0.013,0.118,0.082,0.256,0.215,0.008,0.188,0.175,0.174,"2010",FALSE,0,0,59,FALSE
"427","Jawad Williams","PG",0.619,"CLE",0.659,0.073,0.21,0.078,0.095,0.524,0.075,0.105,0.323,0.053,0.064,0.451,0.518,0.042,0.046,0.711,0.031,0.067,0.054,0.029,0.049,0.013,0.039,0.197,0.079,"2010",FALSE,0,0,61,FALSE
"428","Lou Williams","PG",0.548,"PHI",0.78,0.463,0.541,0.308,0.312,0.627,0.174,0.233,0.34,0.258,0.266,0.527,0.579,0.254,0.24,0.824,0.048,0.161,0.122,0.23,0.325,0.04,0.228,0.296,0.317,"2010",FALSE,0,0,27,FALSE
"429","Marcus Williams","PG",0.571,"MEM",0.756,0.012,0.247,0.101,0.125,0.512,0.06,0.091,0.296,0.083,0.107,0.421,0.476,0.049,0.057,0.673,0.025,0.079,0.061,0.138,0.13,0.003,0.159,0.116,0.095,"2010",FALSE,0,0,40,FALSE
"430","Marvin Williams","SF",0.548,"ATL",0.988,0.988,0.699,0.292,0.306,0.607,0.1,0.149,0.303,0.273,0.3,0.492,0.539,0.233,0.221,0.819,0.203,0.308,0.272,0.08,0.268,0.122,0.155,0.431,0.29,"2010",FALSE,0,0,53,FALSE
"431","Mo Williams","PG",0.643,"CLE",0.841,0.829,0.668,0.366,0.393,0.589,0.396,0.419,0.429,0.228,0.273,0.452,0.594,0.234,0.204,0.894,0.054,0.177,0.135,0.316,0.285,0.056,0.373,0.458,0.386,"2010",FALSE,0,0,61,FALSE
"432","Reggie Williams","SF",0.548,"GSW",0.293,0.122,0.221,0.135,0.13,0.66,0.082,0.104,0.359,0.111,0.108,0.56,0.614,0.069,0.064,0.839,0.034,0.091,0.072,0.057,0.093,0.016,0.062,0.132,0.129,"2010",FALSE,0,0,26,FALSE
"433","Sean Williams","PF",0.548,"NJN",0.244,0,0.064,0.02,0.023,0.572,0,0.001,0,0.022,0.027,0.438,0.477,0.013,0.02,0.526,0.04,0.025,0.03,0.001,0.033,0.051,0.043,0.111,0.018,"2010",FALSE,0,0,12,FALSE
"434","Shelden Williams","PF",0.619,"BOS",0.659,0,0.169,0.061,0.056,0.695,0,0.001,0,0.066,0.068,0.525,0.579,0.099,0.101,0.765,0.09,0.098,0.095,0.018,0.053,0.056,0.065,0.229,0.071,"2010",FALSE,0,0,50,FALSE
"435","Terrence Williams","SF",0.524,"NJN",0.951,0.11,0.499,0.252,0.3,0.535,0.077,0.113,0.31,0.239,0.311,0.417,0.472,0.136,0.148,0.715,0.088,0.3,0.227,0.192,0.175,0.027,0.267,0.34,0.232,"2010",FALSE,0,0,12,FALSE
"436","Metta World Peace","SF",0.714,"LAL",0.939,0.939,0.737,0.296,0.341,0.552,0.261,0.334,0.355,0.209,0.25,0.453,0.538,0.169,0.191,0.688,0.189,0.23,0.216,0.201,0.431,0.056,0.261,0.445,0.298,"2010",FALSE,0,0,57,FALSE
"437","Antoine Wright","SF",0.595,"TOR",0.817,0.122,0.394,0.157,0.184,0.541,0.144,0.195,0.335,0.108,0.127,0.46,0.532,0.07,0.079,0.688,0.073,0.151,0.124,0.061,0.122,0.029,0.125,0.361,0.154,"2010",FALSE,0,0,40,FALSE
"438","Dorell Wright","SF",0.571,"MIA",0.878,0.012,0.423,0.188,0.193,0.617,0.152,0.177,0.389,0.138,0.148,0.508,0.596,0.081,0.071,0.884,0.096,0.184,0.154,0.078,0.211,0.085,0.114,0.253,0.18,"2010",FALSE,0,0,47,FALSE
"439","Julian Wright","SF",0.524,"NOH",0.829,0.171,0.247,0.112,0.107,0.667,0.005,0.007,0.333,0.119,0.127,0.504,0.56,0.033,0.042,0.61,0.111,0.085,0.094,0.035,0.118,0.048,0.095,0.121,0.091,"2010",FALSE,0,0,37,FALSE
"440","Nick Young","SG",0.571,"WAS",0.902,0.28,0.402,0.225,0.257,0.557,0.172,0.192,0.406,0.171,0.219,0.423,0.532,0.138,0.134,0.8,0.038,0.081,0.067,0.041,0.114,0.021,0.121,0.396,0.226,"2010",FALSE,0,0,26,FALSE
"441","Sam Young","SF",0.571,"MEM",0.976,0.012,0.374,0.217,0.229,0.601,0.027,0.063,0.196,0.222,0.249,0.483,0.513,0.18,0.18,0.777,0.147,0.123,0.131,0.045,0.138,0.053,0.203,0.286,0.21,"2010",FALSE,0,0,40,FALSE
"442","Thaddeus Young","PF",0.5,"PHI",0.817,0.549,0.607,0.369,0.374,0.627,0.119,0.156,0.348,0.348,0.381,0.495,0.554,0.151,0.17,0.691,0.249,0.218,0.229,0.083,0.329,0.04,0.272,0.358,0.327,"2010",FALSE,0,0,27,FALSE
"  2","Arron Afflalo","SG",0.595,"DEN",0.841,0.841,0.658,0.302,0.289,0.664,0.261,0.28,0.423,0.215,0.214,0.546,0.646,0.183,0.168,0.847,0.086,0.205,0.164,0.144,0.138,0.082,0.153,0.412,0.306,"2011",FALSE,0,0,50,FALSE
"  7","LaMarcus Aldridge","PF",0.595,"POR",0.988,0.988,0.909,0.684,0.651,0.667,0.01,0.026,0.174,0.732,0.785,0.505,0.557,0.464,0.457,0.791,0.532,0.428,0.463,0.146,0.333,0.25,0.33,0.593,0.625,"2011",FALSE,0,0,48,FALSE
"  9","Ray Allen","SG",0.833,"BOS",0.976,0.976,0.818,0.464,0.45,0.655,0.418,0.427,0.444,0.325,0.338,0.52,0.641,0.255,0.225,0.881,0.098,0.221,0.179,0.188,0.313,0.043,0.252,0.396,0.466,"2011",FALSE,0,0,56,FALSE
" 10","Tony Allen","SG",0.69,"MEM",0.878,0.378,0.423,0.243,0.226,0.68,0.01,0.026,0.174,0.257,0.265,0.527,0.571,0.181,0.187,0.753,0.134,0.122,0.126,0.089,0.524,0.117,0.185,0.434,0.227,"2011",FALSE,0,0,46,FALSE
" 11","Al-Farouq Aminu","SF",0.476,"LAC",0.988,0.171,0.411,0.155,0.187,0.525,0.112,0.161,0.315,0.12,0.148,0.437,0.5,0.122,0.122,0.773,0.143,0.191,0.175,0.052,0.24,0.066,0.222,0.326,0.161,"2011",FALSE,0,0,32,FALSE
" 13","Chris Andersen","C",0.762,"DEN",0.549,0,0.207,0.079,0.063,0.799,0,0.001,0,0.085,0.077,0.603,0.666,0.114,0.139,0.637,0.143,0.143,0.143,0.017,0.093,0.154,0.054,0.213,0.088,"2011",FALSE,0,0,50,FALSE
" 15","James Anderson","SF",0.5,"SAS",0.317,0.024,0.081,0.03,0.037,0.511,0.045,0.052,0.391,0.014,0.02,0.371,0.549,0.019,0.019,0.778,0.004,0.021,0.015,0.015,0.012,0.016,0.028,0.065,0.033,"2011",FALSE,0,0,61,FALSE
" 16","Ryan Anderson","PF",0.524,"ORL",0.78,0.171,0.403,0.219,0.242,0.573,0.333,0.385,0.393,0.096,0.104,0.5,0.62,0.126,0.12,0.812,0.247,0.224,0.232,0.045,0.122,0.101,0.106,0.369,0.24,"2011",FALSE,0,0,52,FALSE
" 20","Trevor Ariza","SF",0.595,"NOH",0.915,0.915,0.736,0.293,0.351,0.531,0.204,0.306,0.303,0.23,0.277,0.45,0.501,0.183,0.203,0.701,0.117,0.345,0.267,0.139,0.488,0.082,0.254,0.485,0.292,"2011",FALSE,0,0,46,FALSE
" 23","Darrell Arthur","PF",0.524,"MEM",0.976,0.11,0.455,0.3,0.287,0.663,0,0.007,0,0.323,0.349,0.502,0.552,0.144,0.138,0.813,0.22,0.225,0.224,0.046,0.211,0.168,0.19,0.615,0.257,"2011",FALSE,0,0,46,FALSE
" 25","D.J. Augustin","PG",0.548,"CHA",1,1,0.78,0.386,0.441,0.555,0.276,0.376,0.333,0.3,0.353,0.461,0.527,0.356,0.306,0.906,0.073,0.186,0.147,0.428,0.22,0.008,0.334,0.41,0.416,"2011",FALSE,0,0,34,FALSE
" 26","Luke Babbitt","SF",0.5,"POR",0.293,0,0.039,0.015,0.025,0.364,0.007,0.018,0.188,0.012,0.022,0.308,0.333,0.004,0.009,0.333,0.011,0.024,0.02,0.005,0.008,0.005,0.017,0.04,0.013,"2011",FALSE,0,0,48,FALSE
" 29","Leandro Barbosa","SG",0.667,"TOR",0.707,0,0.395,0.284,0.301,0.6,0.179,0.24,0.338,0.231,0.248,0.505,0.561,0.144,0.141,0.796,0.027,0.084,0.065,0.102,0.203,0.016,0.181,0.302,0.272,"2011",FALSE,0,0,22,FALSE
" 30","J.J. Barea","PG",0.619,"DAL",0.988,0.024,0.472,0.276,0.299,0.585,0.164,0.213,0.349,0.228,0.259,0.476,0.544,0.176,0.162,0.847,0.055,0.129,0.104,0.272,0.122,0.003,0.293,0.367,0.272,"2011",FALSE,0,0,57,FALSE
" 31","Andrea Bargnani","C",0.595,"TOR",0.805,0.805,0.666,0.508,0.54,0.597,0.192,0.252,0.345,0.466,0.536,0.472,0.533,0.38,0.36,0.82,0.141,0.267,0.224,0.102,0.138,0.122,0.328,0.431,0.499,"2011",FALSE,0,0,22,FALSE
" 32","Matt Barnes","SF",0.714,"LAL",0.646,0,0.289,0.127,0.128,0.627,0.085,0.121,0.318,0.101,0.097,0.564,0.589,0.079,0.079,0.779,0.14,0.154,0.149,0.061,0.159,0.059,0.125,0.342,0.126,"2011",FALSE,0,0,57,FALSE
" 34","Brandon Bass","PF",0.595,"ORL",0.927,0.622,0.56,0.321,0.297,0.687,0,0.002,0,0.345,0.363,0.516,0.572,0.251,0.24,0.815,0.256,0.288,0.277,0.049,0.11,0.138,0.209,0.429,0.302,"2011",FALSE,0,0,52,FALSE
" 35","Tony Battie","C",0.81,"PHI",0.463,0,0.107,0.044,0.044,0.625,0.005,0.003,0.667,0.045,0.052,0.462,0.532,0.011,0.014,0.571,0.033,0.081,0.065,0.01,0.02,0.04,0.026,0.159,0.035,"2011",FALSE,0,0,41,FALSE
" 37","Nicolas Batum","SF",0.524,"POR",0.976,0.817,0.714,0.355,0.371,0.607,0.294,0.386,0.345,0.259,0.262,0.535,0.587,0.183,0.169,0.841,0.208,0.25,0.236,0.106,0.276,0.13,0.179,0.523,0.35,"2011",FALSE,0,0,48,FALSE
" 39","Michael Beasley","SF",0.524,"MIN",0.89,0.89,0.668,0.543,0.573,0.6,0.149,0.185,0.366,0.521,0.61,0.463,0.527,0.29,0.299,0.753,0.226,0.289,0.267,0.136,0.22,0.138,0.42,0.598,0.495,"2011",FALSE,0,0,17,FALSE
" 40","Rodrigue Beaubois","PG",0.524,"DAL",0.341,0.317,0.14,0.091,0.103,0.563,0.062,0.094,0.301,0.072,0.079,0.493,0.531,0.03,0.031,0.767,0.013,0.045,0.034,0.055,0.081,0.021,0.101,0.205,0.083,"2011",FALSE,0,0,57,FALSE
" 41","Marco Belinelli","SG",0.571,"NOH",0.976,0.841,0.554,0.292,0.318,0.583,0.333,0.366,0.414,0.175,0.207,0.458,0.593,0.13,0.129,0.784,0.033,0.133,0.099,0.079,0.154,0.016,0.166,0.394,0.295,"2011",FALSE,0,0,46,FALSE
" 42","Charlie Bell","SG",0.738,"GSW",0.232,0,0.048,0.012,0.02,0.372,0.015,0.024,0.286,0.006,0.012,0.273,0.388,0.003,0.004,0.5,0.011,0.012,0.012,0.011,0.024,0.003,0.013,0.035,0.011,"2011",FALSE,0,0,36,FALSE
" 43","Raja Bell","SG",0.81,"UTA",0.829,0.768,0.594,0.185,0.215,0.545,0.169,0.218,0.352,0.128,0.155,0.449,0.536,0.12,0.105,0.892,0.059,0.144,0.115,0.101,0.228,0.037,0.136,0.456,0.191,"2011",FALSE,0,0,39,FALSE
" 47","DeJuan Blair","PF",0.5,"SAS",0.988,0.793,0.491,0.282,0.268,0.668,0,0.002,0,0.304,0.328,0.503,0.557,0.119,0.141,0.657,0.411,0.348,0.369,0.066,0.386,0.112,0.244,0.574,0.238,"2011",FALSE,0,0,61,FALSE
" 48","Steve Blake","PG",0.714,"LAL",0.963,0,0.447,0.106,0.141,0.479,0.182,0.218,0.378,0.039,0.064,0.327,0.532,0.034,0.031,0.867,0.036,0.136,0.102,0.146,0.163,0.008,0.157,0.267,0.113,"2011",FALSE,0,0,57,FALSE
" 49","Andray Blatche","PF",0.571,"WAS",0.78,0.768,0.615,0.412,0.44,0.593,0.01,0.02,0.222,0.439,0.53,0.449,0.497,0.291,0.291,0.777,0.35,0.341,0.344,0.124,0.398,0.136,0.371,0.491,0.38,"2011",FALSE,0,0,23,FALSE
" 50","Eric Bledsoe","PG",0.5,"LAC",0.988,0.305,0.521,0.199,0.224,0.565,0.08,0.131,0.276,0.181,0.209,0.47,0.508,0.131,0.137,0.744,0.13,0.154,0.146,0.248,0.374,0.069,0.418,0.35,0.192,"2011",FALSE,0,0,32,FALSE
" 51","Keith Bogans","SG",0.714,"CHI",1,1,0.414,0.12,0.141,0.539,0.224,0.267,0.38,0.035,0.039,0.486,0.611,0.028,0.033,0.656,0.036,0.128,0.097,0.087,0.154,0.024,0.088,0.305,0.127,"2011",FALSE,0,0,62,FALSE
" 52","Andrew Bogut","C",0.619,"MIL",0.793,0.793,0.65,0.355,0.341,0.66,0,0.005,0,0.382,0.416,0.497,0.55,0.127,0.223,0.442,0.38,0.517,0.471,0.113,0.191,0.447,0.269,0.585,0.293,"2011",FALSE,0,0,35,FALSE
" 53","Matt Bonner","PF",0.714,"SAS",0.805,0.012,0.405,0.166,0.171,0.619,0.261,0.26,0.457,0.07,0.08,0.475,0.672,0.042,0.044,0.744,0.115,0.178,0.156,0.052,0.106,0.056,0.058,0.296,0.17,"2011",FALSE,0,0,61,FALSE
" 54","Trevor Booker","PF",0.548,"WAS",0.793,0.171,0.301,0.134,0.116,0.732,0,0.001,0,0.145,0.142,0.552,0.61,0.09,0.104,0.673,0.187,0.152,0.164,0.03,0.118,0.112,0.082,0.31,0.122,"2011",FALSE,0,0,23,FALSE
" 56","Chris Bosh","PF",0.619,"MIA",0.939,0.939,0.791,0.507,0.486,0.661,0.015,0.028,0.24,0.539,0.582,0.502,0.554,0.508,0.485,0.815,0.27,0.497,0.419,0.124,0.24,0.13,0.297,0.464,0.508,"2011",FALSE,0,0,58,FALSE
" 57","Earl Boykins","PG",0.81,"MIL",0.695,0,0.244,0.151,0.162,0.591,0.067,0.08,0.38,0.134,0.158,0.459,0.536,0.091,0.084,0.841,0.029,0.04,0.036,0.121,0.154,0.008,0.112,0.116,0.144,"2011",FALSE,0,0,35,FALSE
" 59","Avery Bradley","PG",0.476,"BOS",0.378,0,0.046,0.022,0.031,0.457,0,0.006,0,0.024,0.035,0.371,0.381,0.008,0.012,0.5,0.008,0.013,0.011,0.01,0.037,0,0.034,0.054,0.018,"2011",FALSE,0,0,56,FALSE
" 60","Elton Brand","PF",0.738,"PHI",0.988,0.988,0.795,0.485,0.451,0.683,0,0.001,0,0.522,0.553,0.512,0.569,0.282,0.281,0.78,0.453,0.436,0.442,0.103,0.374,0.282,0.218,0.658,0.43,"2011",FALSE,0,0,41,FALSE
" 62","Ronnie Brewer","SG",0.595,"CHI",0.988,0.012,0.504,0.198,0.197,0.64,0.015,0.03,0.222,0.207,0.226,0.498,0.541,0.115,0.137,0.654,0.105,0.206,0.171,0.12,0.431,0.059,0.119,0.221,0.178,"2011",FALSE,0,0,62,FALSE
" 67","Shannon Brown","SG",0.595,"LAL",1,0,0.444,0.264,0.296,0.567,0.184,0.239,0.349,0.207,0.243,0.462,0.536,0.122,0.104,0.911,0.067,0.121,0.103,0.082,0.272,0.043,0.162,0.334,0.251,"2011",FALSE,0,0,57,FALSE
" 68","Kobe Bryant","SG",0.762,"LAL",1,1,0.787,0.716,0.754,0.601,0.286,0.402,0.323,0.65,0.724,0.487,0.541,0.639,0.6,0.828,0.159,0.334,0.274,0.333,0.402,0.032,0.524,0.464,0.734,"2011",FALSE,1,0.354,57,TRUE
" 69","Chase Budinger","SF",0.524,"HOU",0.951,0.268,0.492,0.27,0.302,0.567,0.221,0.309,0.325,0.198,0.215,0.497,0.548,0.156,0.142,0.855,0.099,0.227,0.184,0.109,0.167,0.048,0.144,0.307,0.27,"2011",FALSE,0,0,43,FALSE
" 70","Caron Butler","SF",0.714,"DAL",0.354,0.354,0.245,0.164,0.174,0.6,0.07,0.073,0.431,0.148,0.177,0.454,0.541,0.09,0.091,0.773,0.042,0.095,0.077,0.04,0.114,0.021,0.106,0.159,0.154,"2011",FALSE,0,0,57,FALSE
" 73","Will Bynum","PG",0.667,"DET",0.744,0.061,0.318,0.176,0.187,0.597,0.04,0.056,0.32,0.173,0.201,0.466,0.52,0.135,0.126,0.836,0.029,0.059,0.048,0.168,0.211,0.011,0.179,0.305,0.17,"2011",FALSE,0,0,30,FALSE
" 74","Jose Calderon","PG",0.69,"TOR",0.829,0.671,0.595,0.253,0.274,0.587,0.142,0.176,0.365,0.213,0.248,0.466,0.541,0.116,0.106,0.854,0.057,0.171,0.132,0.52,0.329,0.019,0.319,0.385,0.236,"2011",FALSE,0,0,22,FALSE
" 75","Marcus Camby","C",0.857,"POR",0.72,0.622,0.436,0.113,0.135,0.531,0,0.001,0,0.122,0.165,0.399,0.442,0.057,0.072,0.614,0.348,0.421,0.396,0.104,0.163,0.245,0.134,0.377,0.098,"2011",FALSE,0,0,48,FALSE
" 77","Brian Cardinal","SF",0.786,"DAL",0.683,0.049,0.175,0.042,0.046,0.573,0.104,0.098,0.483,0.001,0.007,0.077,0.711,0.022,0.019,0.944,0.019,0.049,0.039,0.034,0.098,0.019,0.037,0.221,0.051,"2011",FALSE,0,0,57,FALSE
" 80","Matt Carroll","SG",0.714,"CHA",0.659,0.012,0.165,0.086,0.092,0.596,0.042,0.052,0.37,0.075,0.086,0.471,0.544,0.053,0.053,0.769,0.023,0.056,0.044,0.02,0.069,0.016,0.05,0.116,0.083,"2011",FALSE,0,0,34,FALSE
" 83","Omri Casspi","SF",0.524,"SAC",0.866,0.329,0.482,0.218,0.251,0.549,0.229,0.279,0.372,0.138,0.169,0.445,0.551,0.09,0.104,0.673,0.141,0.231,0.201,0.064,0.22,0.035,0.147,0.31,0.215,"2011",FALSE,0,0,24,FALSE
" 84","Mario Chalmers","PG",0.571,"MIA",0.854,0.341,0.447,0.15,0.179,0.532,0.206,0.261,0.359,0.075,0.089,0.459,0.562,0.071,0.064,0.871,0.023,0.133,0.095,0.152,0.309,0.019,0.196,0.426,0.158,"2011",FALSE,0,0,58,FALSE
" 87","Josh Childress","SG",0.643,"PHO",0.659,0.037,0.253,0.117,0.098,0.753,0.002,0.018,0.063,0.125,0.112,0.606,0.631,0.038,0.061,0.492,0.132,0.085,0.101,0.036,0.134,0.061,0.095,0.183,0.096,"2011",FALSE,0,0,40,FALSE
" 90","Jason Collins","C",0.762,"ATL",0.598,0.341,0.168,0.033,0.033,0.639,0.002,0.001,1,0.034,0.039,0.471,0.54,0.036,0.042,0.659,0.057,0.071,0.067,0.019,0.037,0.024,0.056,0.261,0.034,"2011",FALSE,0,0,44,FALSE
" 91","Sherron Collins","PG",0.548,"CHA",0.244,0,0.019,0.007,0.012,0.373,0.005,0.011,0.2,0.005,0.008,0.333,0.356,0.001,0.001,1,0,0.005,0.003,0.007,0.008,0,0.009,0.005,0.006,"2011",FALSE,0,0,34,FALSE
" 92","Darren Collison","PG",0.548,"IND",0.963,0.963,0.668,0.385,0.4,0.609,0.102,0.14,0.331,0.371,0.421,0.479,0.534,0.267,0.239,0.871,0.076,0.184,0.147,0.346,0.354,0.037,0.418,0.294,0.367,"2011",FALSE,0,0,37,FALSE
" 94","Mike Conley","PG",0.548,"MEM",0.988,0.988,0.813,0.409,0.439,0.592,0.199,0.245,0.369,0.357,0.415,0.466,0.54,0.239,0.254,0.733,0.061,0.214,0.161,0.454,0.585,0.048,0.379,0.491,0.391,"2011",FALSE,0,0,46,FALSE
" 95","Brian Cook","PF",0.714,"LAC",0.488,0,0.127,0.07,0.078,0.565,0.085,0.089,0.43,0.04,0.051,0.418,0.582,0.02,0.025,0.625,0.036,0.076,0.063,0.013,0.049,0.029,0.054,0.202,0.068,"2011",FALSE,0,0,32,FALSE
" 96","Daequan Cook","SG",0.548,"OKC",0.524,0,0.169,0.076,0.083,0.581,0.162,0.174,0.422,0.015,0.015,0.519,0.684,0.021,0.021,0.8,0.015,0.064,0.047,0.017,0.057,0.003,0.037,0.137,0.084,"2011",FALSE,0,0,55,FALSE
" 98","DeMarcus Cousins","C",0.476,"SAC",0.988,0.756,0.654,0.418,0.462,0.573,0.007,0.02,0.167,0.446,0.556,0.435,0.48,0.365,0.414,0.687,0.415,0.479,0.457,0.175,0.346,0.181,0.578,0.895,0.404,"2011",FALSE,0,0,24,FALSE
" 99","Jamal Crawford","SG",0.714,"ATL",0.927,0,0.65,0.356,0.402,0.561,0.296,0.394,0.341,0.259,0.296,0.474,0.543,0.294,0.267,0.854,0.042,0.107,0.085,0.207,0.232,0.037,0.312,0.261,0.38,"2011",FALSE,0,0,44,FALSE
"102","Stephen Curry","PG",0.524,"GSW",0.902,0.902,0.705,0.488,0.485,0.64,0.376,0.386,0.442,0.368,0.401,0.498,0.612,0.28,0.234,0.934,0.099,0.232,0.187,0.371,0.443,0.053,0.487,0.628,0.485,"2011",FALSE,0,0,36,FALSE
"103","Samuel Dalembert","C",0.69,"SAC",0.976,0.561,0.549,0.259,0.261,0.631,0,0.002,0,0.279,0.319,0.474,0.526,0.143,0.152,0.73,0.405,0.442,0.429,0.058,0.146,0.309,0.284,0.606,0.227,"2011",FALSE,0,0,24,FALSE
"104","Erick Dampier","C",0.833,"MIA",0.622,0.268,0.231,0.05,0.041,0.779,0,0.001,0,0.054,0.05,0.591,0.649,0.032,0.045,0.545,0.101,0.123,0.116,0.019,0.057,0.125,0.069,0.221,0.045,"2011",FALSE,0,0,58,FALSE
"105","Antonio Daniels","PG",0.833,"PHI",0.049,0,0.01,0.002,0.002,0.533,0,0.002,0,0.002,0.002,0.667,0.444,0.003,0.002,1,0,0.005,0.003,0.002,0,0,0.002,0,0.002,"2011",FALSE,0,0,41,FALSE
"106","Marquis Daniels","SF",0.714,"BOS",0.598,0,0.265,0.11,0.107,0.655,0.01,0.024,0.19,0.114,0.119,0.521,0.556,0.052,0.059,0.684,0.046,0.088,0.074,0.055,0.159,0.059,0.082,0.17,0.096,"2011",FALSE,0,0,56,FALSE
"109","Glen Davis","C",0.595,"BOS",0.951,0.159,0.65,0.347,0.369,0.597,0.005,0.017,0.133,0.371,0.443,0.454,0.499,0.258,0.273,0.736,0.193,0.322,0.278,0.079,0.317,0.08,0.183,0.623,0.323,"2011",FALSE,0,0,56,FALSE
"110","Austin Daye","SF",0.524,"DET",0.878,0.195,0.409,0.187,0.217,0.547,0.172,0.194,0.401,0.129,0.169,0.415,0.537,0.108,0.111,0.759,0.122,0.209,0.179,0.067,0.159,0.104,0.127,0.445,0.19,"2011",FALSE,0,0,30,FALSE
"111","Carlos Delfino","SF",0.667,"MIL",0.598,0.488,0.45,0.193,0.236,0.52,0.261,0.321,0.37,0.099,0.129,0.415,0.547,0.079,0.077,0.8,0.046,0.175,0.131,0.096,0.309,0.021,0.123,0.194,0.2,"2011",FALSE,0,0,35,FALSE
"112","Luol Deng","SF",0.595,"CHI",1,1,0.908,0.514,0.532,0.613,0.286,0.376,0.345,0.433,0.464,0.506,0.567,0.335,0.346,0.753,0.222,0.357,0.311,0.198,0.317,0.128,0.336,0.437,0.505,"2011",FALSE,0,0,62,FALSE
"113","DeMar DeRozan","SG",0.5,"TOR",1,1,0.807,0.521,0.531,0.623,0.012,0.059,0.096,0.556,0.622,0.485,0.521,0.433,0.414,0.813,0.143,0.238,0.206,0.127,0.346,0.082,0.31,0.585,0.498,"2011",FALSE,0,0,22,FALSE
"114","Boris Diaw","PF",0.667,"CHA",1,1,0.786,0.368,0.356,0.656,0.194,0.255,0.345,0.315,0.309,0.553,0.603,0.111,0.127,0.683,0.201,0.307,0.271,0.29,0.301,0.122,0.358,0.512,0.326,"2011",FALSE,0,0,34,FALSE
"117","Keyon Dooling","PG",0.714,"MIL",0.976,0.268,0.497,0.199,0.239,0.529,0.201,0.264,0.346,0.13,0.161,0.439,0.528,0.103,0.097,0.83,0.023,0.104,0.076,0.209,0.22,0.011,0.196,0.321,0.202,"2011",FALSE,0,0,35,FALSE
"119","Toney Douglas","SG",0.571,"NYK",0.988,0.11,0.558,0.304,0.347,0.555,0.356,0.432,0.373,0.178,0.21,0.46,0.568,0.112,0.11,0.794,0.124,0.178,0.159,0.21,0.362,0.011,0.192,0.477,0.302,"2011",FALSE,0,0,42,FALSE
"120","Chris Douglas-Roberts","SF",0.571,"MIL",0.537,0.146,0.25,0.113,0.126,0.572,0.037,0.052,0.326,0.106,0.128,0.449,0.507,0.098,0.092,0.831,0.013,0.08,0.058,0.043,0.118,0.035,0.075,0.197,0.114,"2011",FALSE,0,0,35,FALSE
"121","Zabian Dowdell","PG",0.619,"PHO",0.293,0,0.083,0.049,0.058,0.544,0.007,0.011,0.3,0.05,0.065,0.417,0.467,0.021,0.017,0.941,0.01,0.015,0.013,0.044,0.081,0.005,0.062,0.081,0.043,"2011",FALSE,0,0,40,FALSE
"123","Jared Dudley","SF",0.595,"PHO",1,0.183,0.606,0.29,0.289,0.636,0.261,0.286,0.415,0.203,0.212,0.519,0.622,0.214,0.224,0.743,0.212,0.206,0.208,0.093,0.354,0.053,0.166,0.375,0.306,"2011",FALSE,0,0,40,FALSE
"124","Chris Duhon","PG",0.667,"ORL",0.622,0.061,0.219,0.047,0.059,0.507,0.032,0.059,0.25,0.037,0.043,0.468,0.478,0.019,0.026,0.56,0.017,0.043,0.034,0.101,0.065,0.005,0.131,0.081,0.044,"2011",FALSE,0,0,52,FALSE
"125","Tim Duncan","C",0.81,"SAS",0.927,0.927,0.61,0.405,0.386,0.667,0,0.005,0,0.436,0.47,0.502,0.556,0.243,0.264,0.716,0.323,0.505,0.443,0.174,0.203,0.388,0.263,0.321,0.361,"2011",FALSE,0,0,61,FALSE
"126","Mike Dunleavy","SG",0.714,"IND",0.744,0.537,0.476,0.232,0.239,0.616,0.254,0.287,0.402,0.144,0.15,0.519,0.622,0.132,0.129,0.8,0.054,0.246,0.18,0.09,0.163,0.08,0.149,0.288,0.241,"2011",FALSE,0,0,37,FALSE
"128","Kevin Durant","SF",0.524,"OKC",0.951,0.951,0.86,0.688,0.708,0.616,0.361,0.467,0.35,0.589,0.634,0.504,0.566,0.786,0.694,0.88,0.109,0.473,0.348,0.184,0.358,0.202,0.47,0.429,0.763,"2011",FALSE,0,0.157,55,TRUE
"129","Devin Ebanks","SG",0.5,"LAL",0.244,0,0.033,0.02,0.023,0.549,0.005,0.006,0.4,0.02,0.026,0.413,0.479,0.024,0.024,0.783,0.029,0.012,0.018,0.002,0.016,0.013,0.013,0.019,0.022,"2011",FALSE,0,0,57,FALSE
"130","Wayne Ellington","SG",0.548,"MIN",0.756,0.098,0.334,0.155,0.183,0.537,0.119,0.137,0.397,0.117,0.156,0.406,0.514,0.056,0.055,0.792,0.05,0.081,0.071,0.062,0.114,0.008,0.114,0.229,0.145,"2011",FALSE,0,0,17,FALSE
"131","Monta Ellis","SG",0.595,"GSW",0.976,0.976,0.913,0.702,0.741,0.601,0.341,0.428,0.361,0.613,0.695,0.478,0.548,0.45,0.443,0.789,0.084,0.235,0.184,0.387,0.683,0.061,0.543,0.547,0.681,"2011",FALSE,0,0,36,FALSE
"135","Jeremy Evans","SF",0.548,"UTA",0.598,0.037,0.131,0.074,0.053,0.881,0,0.001,0,0.079,0.064,0.667,0.734,0.034,0.038,0.703,0.069,0.061,0.063,0.021,0.069,0.045,0.041,0.135,0.063,"2011",FALSE,0,0,39,FALSE
"137","Reggie Evans","PF",0.714,"TOR",0.366,0.22,0.226,0.041,0.047,0.544,0,0.001,0,0.044,0.058,0.412,0.453,0.063,0.091,0.545,0.228,0.224,0.225,0.033,0.118,0.016,0.084,0.24,0.047,"2011",FALSE,0,0,22,FALSE
"138","Tyreke Evans","SG",0.5,"SAC",0.695,0.646,0.596,0.369,0.429,0.545,0.107,0.167,0.291,0.353,0.443,0.432,0.48,0.271,0.274,0.771,0.088,0.227,0.18,0.274,0.346,0.08,0.397,0.385,0.357,"2011",FALSE,0,0,24,FALSE
"139","Patrick Ewing","SF",0.619,"NOH",0.085,0,0.005,0,0.002,0,0,0.002,0,0,0.002,0,0,0.004,0.004,0.75,0.002,0.001,0.001,0.002,0,0.003,0.002,0.003,0.001,"2011",FALSE,0,0,46,FALSE
"140","Christian Eyenga","SF",0.5,"CLE",0.537,0.22,0.268,0.126,0.141,0.567,0.062,0.103,0.275,0.109,0.121,0.488,0.518,0.024,0.029,0.643,0.052,0.095,0.08,0.03,0.138,0.074,0.101,0.21,0.107,"2011",FALSE,0,0,19,FALSE
"141","Jordan Farmar","PG",0.571,"NJN",0.89,0.22,0.508,0.247,0.3,0.523,0.271,0.343,0.359,0.152,0.196,0.421,0.528,0.108,0.103,0.82,0.046,0.148,0.113,0.316,0.252,0.016,0.3,0.345,0.248,"2011",FALSE,0,0,24,FALSE
"144","Rudy Fernandez","SG",0.595,"POR",0.951,0.037,0.515,0.206,0.265,0.493,0.289,0.407,0.321,0.101,0.121,0.453,0.523,0.167,0.15,0.863,0.071,0.134,0.112,0.166,0.354,0.037,0.19,0.361,0.236,"2011",FALSE,0,0,48,FALSE
"145","Kyrylo Fesenko","C",0.571,"UTA",0.646,0.012,0.129,0.043,0.046,0.587,0,0.001,0,0.046,0.056,0.444,0.489,0.024,0.047,0.391,0.065,0.073,0.071,0.015,0.016,0.043,0.054,0.243,0.037,"2011",FALSE,0,0,39,FALSE
"146","Landry Fields","SG",0.524,"NYK",1,0.988,0.719,0.289,0.277,0.663,0.214,0.247,0.393,0.222,0.216,0.556,0.631,0.149,0.151,0.769,0.201,0.413,0.341,0.133,0.325,0.045,0.231,0.307,0.281,"2011",FALSE,0,0,42,FALSE
"147","Derek Fisher","PG",0.857,"LAL",1,1,0.65,0.199,0.243,0.519,0.157,0.179,0.396,0.149,0.209,0.386,0.499,0.11,0.106,0.806,0.027,0.137,0.099,0.192,0.402,0.021,0.151,0.518,0.197,"2011",FALSE,0,0,57,FALSE
"148","Jonny Flynn","PG",0.5,"MIN",0.646,0.098,0.278,0.104,0.136,0.487,0.077,0.113,0.31,0.08,0.111,0.393,0.463,0.042,0.043,0.762,0.023,0.065,0.05,0.156,0.138,0.008,0.244,0.156,0.099,"2011",FALSE,0,0,17,FALSE
"149","Gary Forbes","SF",0.595,"DEN",0.768,0.134,0.224,0.12,0.126,0.605,0.047,0.065,0.328,0.109,0.121,0.488,0.543,0.078,0.09,0.678,0.054,0.087,0.076,0.042,0.093,0.016,0.099,0.208,0.115,"2011",FALSE,0,0,50,FALSE
"150","T.J. Ford","PG",0.643,"IND",0.5,0.037,0.219,0.088,0.109,0.515,0.015,0.036,0.188,0.088,0.115,0.417,0.442,0.046,0.049,0.729,0.033,0.064,0.053,0.121,0.142,0.021,0.136,0.186,0.079,"2011",FALSE,0,0,37,FALSE
"151","Jeff Foster","C",0.81,"IND",0.683,0.037,0.266,0.077,0.077,0.639,0,0.003,0,0.083,0.092,0.488,0.532,0.036,0.049,0.563,0.306,0.189,0.229,0.04,0.098,0.082,0.056,0.342,0.066,"2011",FALSE,0,0,37,FALSE
"152","Randy Foye","SG",0.643,"LAC",0.768,0.293,0.439,0.199,0.244,0.517,0.177,0.245,0.327,0.14,0.177,0.43,0.506,0.176,0.153,0.893,0.025,0.089,0.067,0.146,0.191,0.056,0.205,0.329,0.218,"2011",FALSE,0,0,32,FALSE
"153","Channing Frye","PF",0.643,"PHO",0.939,0.78,0.719,0.346,0.382,0.576,0.425,0.495,0.39,0.195,0.22,0.479,0.594,0.118,0.11,0.832,0.124,0.445,0.335,0.082,0.187,0.21,0.157,0.733,0.345,"2011",FALSE,0,0,40,FALSE
"157","Francisco Garcia","SF",0.69,"SAC",0.707,0.415,0.392,0.2,0.219,0.581,0.201,0.253,0.362,0.131,0.142,0.502,0.579,0.086,0.078,0.855,0.046,0.108,0.087,0.061,0.207,0.13,0.097,0.34,0.198,"2011",FALSE,0,0,24,FALSE
"158","Kevin Garnett","PF",0.81,"BOS",0.866,0.866,0.628,0.42,0.378,0.704,0.002,0.006,0.2,0.451,0.461,0.53,0.588,0.247,0.223,0.862,0.159,0.544,0.412,0.147,0.386,0.152,0.248,0.399,0.373,"2011",FALSE,0,0,56,FALSE
"159","Marc Gasol","C",0.619,"MEM",0.988,0.988,0.732,0.352,0.318,0.703,0.007,0.008,0.429,0.376,0.386,0.528,0.588,0.291,0.302,0.748,0.294,0.412,0.372,0.172,0.301,0.362,0.315,0.714,0.336,"2011",FALSE,0,0,46,FALSE
"160","Pau Gasol","C",0.714,"LAL",1,1,0.86,0.574,0.515,0.705,0.002,0.003,0.333,0.616,0.63,0.53,0.589,0.468,0.442,0.823,0.512,0.564,0.546,0.235,0.195,0.346,0.306,0.547,0.544,"2011",FALSE,0,0,57,FALSE
"161","Rudy Gay","SF",0.571,"MEM",0.659,0.659,0.609,0.396,0.4,0.628,0.142,0.163,0.396,0.366,0.409,0.486,0.559,0.257,0.248,0.805,0.157,0.252,0.22,0.131,0.37,0.154,0.291,0.353,0.377,"2011",FALSE,0,0,46,FALSE
"163","Paul George","SG",0.476,"IND",0.744,0.232,0.358,0.173,0.182,0.604,0.102,0.156,0.297,0.144,0.145,0.537,0.561,0.102,0.104,0.762,0.071,0.186,0.146,0.056,0.252,0.069,0.151,0.342,0.168,"2011",FALSE,0,0,37,FALSE
"164","Daniel Gibson","SG",0.571,"CLE",0.817,0.183,0.528,0.255,0.304,0.533,0.294,0.331,0.403,0.152,0.207,0.398,0.543,0.177,0.168,0.822,0.046,0.152,0.116,0.173,0.195,0.056,0.172,0.415,0.275,"2011",FALSE,0,0,19,FALSE
"165","Taj Gibson","PF",0.595,"CHI",0.976,0.232,0.493,0.226,0.231,0.621,0.002,0.009,0.125,0.242,0.279,0.472,0.519,0.132,0.152,0.676,0.31,0.294,0.299,0.05,0.159,0.282,0.153,0.547,0.201,"2011",FALSE,0,0,62,FALSE
"166","Manu Ginobili","SG",0.786,"SAS",0.976,0.963,0.687,0.426,0.468,0.577,0.383,0.498,0.349,0.299,0.325,0.497,0.566,0.472,0.422,0.871,0.08,0.251,0.193,0.338,0.5,0.074,0.375,0.439,0.492,"2011",FALSE,0,0.017,61,TRUE
"167","Ryan Gomes","SF",0.667,"LAC",0.927,0.756,0.593,0.2,0.232,0.547,0.179,0.238,0.341,0.14,0.166,0.459,0.534,0.081,0.087,0.718,0.117,0.192,0.166,0.101,0.252,0.032,0.119,0.429,0.193,"2011",FALSE,0,0,32,FALSE
"168","Drew Gooden","PF",0.69,"MIL",0.427,0.22,0.243,0.151,0.167,0.575,0.007,0.023,0.15,0.159,0.193,0.447,0.483,0.107,0.105,0.794,0.14,0.164,0.156,0.04,0.085,0.048,0.099,0.264,0.14,"2011",FALSE,0,0,35,FALSE
"169","Ben Gordon","SG",0.643,"DET",1,0.329,0.603,0.328,0.354,0.587,0.266,0.3,0.402,0.241,0.284,0.46,0.567,0.18,0.165,0.85,0.078,0.153,0.127,0.147,0.195,0.043,0.304,0.48,0.325,"2011",FALSE,0,0,30,FALSE
"170","Eric Gordon","SG",0.524,"LAC",0.683,0.683,0.598,0.413,0.437,0.6,0.264,0.328,0.364,0.334,0.371,0.488,0.562,0.38,0.358,0.825,0.086,0.118,0.107,0.21,0.289,0.048,0.325,0.31,0.44,"2011",FALSE,0,0,32,FALSE
"172","Joey Graham","SF",0.667,"CLE",0.476,0.098,0.166,0.079,0.082,0.611,0.022,0.034,0.3,0.076,0.084,0.49,0.537,0.038,0.037,0.806,0.015,0.075,0.055,0.015,0.024,0.019,0.06,0.197,0.071,"2011",FALSE,0,0,19,FALSE
"173","Stephen Graham","SG",0.667,"NJN",0.72,0.341,0.271,0.078,0.092,0.54,0.012,0.024,0.238,0.079,0.101,0.425,0.464,0.041,0.039,0.816,0.033,0.105,0.08,0.034,0.057,0.003,0.082,0.286,0.07,"2011",FALSE,0,0,24,FALSE
"174","Danny Granger","SF",0.643,"IND",0.963,0.963,0.782,0.517,0.58,0.567,0.391,0.459,0.386,0.393,0.481,0.443,0.541,0.522,0.479,0.848,0.166,0.336,0.278,0.174,0.362,0.165,0.444,0.574,0.573,"2011",FALSE,0,0,37,FALSE
"178","Willie Green","SG",0.69,"NOH",0.939,0.159,0.474,0.261,0.28,0.591,0.134,0.175,0.348,0.225,0.256,0.476,0.542,0.103,0.103,0.78,0.042,0.138,0.105,0.064,0.146,0.035,0.144,0.385,0.237,"2011",FALSE,0,0,46,FALSE
"179","Donte Greene","SF",0.524,"SAC",0.841,0.256,0.319,0.151,0.178,0.539,0.112,0.174,0.292,0.116,0.131,0.478,0.513,0.057,0.067,0.662,0.094,0.097,0.096,0.041,0.146,0.053,0.129,0.237,0.141,"2011",FALSE,0,0,24,FALSE
"181","Blake Griffin","PF",0.5,"LAC",1,1,0.881,0.673,0.633,0.675,0.017,0.027,0.292,0.717,0.763,0.51,0.564,0.59,0.715,0.642,0.516,0.714,0.646,0.268,0.256,0.12,0.481,0.679,0.651,"2011",FALSE,0,0.004,32,TRUE
"182","Hamed Haddadi","C",0.595,"MEM",0.378,0,0.048,0.029,0.027,0.689,0,0.001,0,0.031,0.032,0.526,0.574,0.02,0.024,0.652,0.046,0.044,0.044,0.004,0.008,0.035,0.024,0.078,0.026,"2011",FALSE,0,0,46,FALSE
"183","Richard Hamilton","SG",0.762,"DET",0.671,0.476,0.424,0.279,0.309,0.572,0.137,0.163,0.382,0.242,0.297,0.442,0.522,0.193,0.177,0.849,0.046,0.101,0.082,0.147,0.159,0.011,0.19,0.256,0.274,"2011",FALSE,0,0,30,FALSE
"184","Tyler Hansbrough","PF",0.595,"IND",0.854,0.354,0.434,0.276,0.282,0.62,0,0.002,0,0.297,0.345,0.466,0.517,0.261,0.26,0.779,0.277,0.219,0.239,0.035,0.15,0.04,0.164,0.431,0.271,"2011",FALSE,0,0,37,FALSE
"186","James Harden","SG",0.5,"OKC",1,0.061,0.62,0.288,0.315,0.581,0.281,0.366,0.349,0.193,0.203,0.514,0.576,0.382,0.353,0.843,0.08,0.212,0.167,0.151,0.374,0.064,0.228,0.558,0.352,"2011",FALSE,0,0,55,FALSE
"187","Al Harrington","PF",0.714,"DEN",0.89,0.037,0.471,0.272,0.311,0.555,0.291,0.37,0.357,0.171,0.196,0.473,0.559,0.114,0.12,0.735,0.145,0.254,0.217,0.087,0.159,0.027,0.228,0.544,0.27,"2011",FALSE,0,0,50,FALSE
"189","Manny Harris","SG",0.5,"CLE",0.659,0.183,0.264,0.104,0.133,0.499,0.085,0.104,0.37,0.077,0.111,0.376,0.481,0.094,0.096,0.763,0.069,0.103,0.092,0.073,0.126,0.019,0.136,0.175,0.113,"2011",FALSE,0,0,19,FALSE
"192","Spencer Hawes","C",0.524,"PHI",0.988,0.988,0.486,0.255,0.261,0.62,0.022,0.042,0.243,0.265,0.299,0.48,0.526,0.062,0.091,0.534,0.247,0.334,0.304,0.104,0.118,0.189,0.209,0.542,0.206,"2011",FALSE,0,0,41,FALSE
"193","Chuck Hayes","C",0.643,"HOU",0.902,0.768,0.588,0.236,0.213,0.703,0,0.002,0,0.254,0.26,0.529,0.586,0.124,0.146,0.662,0.419,0.377,0.392,0.174,0.321,0.13,0.185,0.539,0.206,"2011",FALSE,0,0,43,FALSE
"194","Gordon Hayward","SF",0.476,"UTA",0.878,0.207,0.345,0.137,0.135,0.647,0.087,0.084,0.473,0.111,0.124,0.489,0.604,0.091,0.1,0.711,0.078,0.097,0.091,0.07,0.122,0.051,0.151,0.286,0.137,"2011",FALSE,0,0,39,FALSE
"195","Lazar Hayward","SF",0.571,"MIN",0.512,0,0.119,0.053,0.071,0.476,0.042,0.068,0.283,0.04,0.053,0.404,0.458,0.044,0.043,0.786,0.044,0.047,0.046,0.024,0.049,0.019,0.041,0.119,0.056,"2011",FALSE,0,0,17,FALSE
"196","Brendan Haywood","C",0.738,"DAL",0.878,0.098,0.377,0.124,0.103,0.765,0,0.001,0,0.133,0.125,0.577,0.638,0.085,0.182,0.362,0.247,0.245,0.246,0.016,0.065,0.197,0.11,0.394,0.113,"2011",FALSE,0,0,57,FALSE
"197","Luther Head","PG",0.667,"SAC",0.439,0.171,0.166,0.066,0.075,0.553,0.062,0.072,0.391,0.045,0.056,0.43,0.546,0.052,0.051,0.78,0.031,0.044,0.039,0.06,0.041,0.024,0.069,0.116,0.071,"2011",FALSE,0,0,24,FALSE
"198","Gerald Henderson","SG",0.548,"CHA",0.829,0.366,0.47,0.25,0.262,0.605,0.017,0.041,0.194,0.262,0.301,0.472,0.512,0.169,0.168,0.785,0.094,0.157,0.135,0.087,0.203,0.085,0.138,0.318,0.231,"2011",FALSE,0,0,34,FALSE
"199","Xavier Henry","SG",0.452,"MEM",0.463,0.195,0.149,0.063,0.074,0.541,0.005,0.019,0.118,0.066,0.081,0.441,0.459,0.044,0.053,0.635,0.017,0.028,0.024,0.015,0.045,0.008,0.028,0.129,0.058,"2011",FALSE,0,0,46,FALSE
"200","Roy Hibbert","C",0.571,"IND",0.988,0.976,0.635,0.397,0.41,0.615,0,0.005,0,0.427,0.5,0.463,0.512,0.271,0.283,0.745,0.348,0.425,0.399,0.143,0.134,0.378,0.399,0.69,0.362,"2011",FALSE,0,0,37,FALSE
"201","J.J. Hickson","C",0.524,"CLE",0.976,0.805,0.639,0.415,0.431,0.611,0,0.006,0,0.446,0.525,0.461,0.509,0.327,0.378,0.673,0.415,0.475,0.454,0.078,0.195,0.144,0.373,0.58,0.39,"2011",FALSE,0,0,19,FALSE
"202","Nene Hilario","C",0.667,"DEN",0.915,0.915,0.648,0.389,0.301,0.82,0.002,0.006,0.2,0.417,0.366,0.618,0.683,0.378,0.414,0.711,0.277,0.423,0.373,0.128,0.341,0.194,0.289,0.642,0.385,"2011",FALSE,0,0,50,FALSE
"203","George Hill","PG",0.571,"SAS",0.927,0.061,0.608,0.278,0.291,0.604,0.192,0.23,0.377,0.219,0.242,0.49,0.571,0.308,0.278,0.863,0.046,0.174,0.13,0.166,0.268,0.056,0.213,0.412,0.312,"2011",FALSE,0,0,61,FALSE
"204","Grant Hill","SF",0.905,"PHO",0.976,0.976,0.682,0.386,0.38,0.645,0.112,0.129,0.395,0.368,0.401,0.498,0.568,0.282,0.264,0.829,0.147,0.259,0.221,0.172,0.26,0.093,0.289,0.496,0.373,"2011",FALSE,0,0,40,FALSE
"205","Jordan Hill","C",0.548,"HOU",0.878,0.134,0.318,0.167,0.162,0.655,0,0.002,0,0.18,0.197,0.494,0.546,0.079,0.087,0.706,0.245,0.177,0.2,0.025,0.057,0.138,0.134,0.423,0.143,"2011",FALSE,0,0,43,FALSE
"207","Jrue Holiday","PG",0.476,"PHI",1,1,0.821,0.431,0.46,0.595,0.201,0.251,0.365,0.38,0.438,0.47,0.541,0.228,0.215,0.823,0.13,0.262,0.217,0.456,0.488,0.077,0.47,0.547,0.404,"2011",FALSE,0,0,41,FALSE
"209","Al Horford","C",0.571,"ATL",0.939,0.939,0.765,0.496,0.424,0.743,0.005,0.005,0.5,0.532,0.517,0.557,0.62,0.198,0.193,0.798,0.348,0.532,0.469,0.229,0.24,0.213,0.256,0.52,0.416,"2011",FALSE,0,0,44,FALSE
"210","Eddie House","SG",0.762,"MIA",0.683,0.012,0.277,0.124,0.148,0.532,0.169,0.198,0.389,0.062,0.082,0.411,0.561,0.05,0.041,0.95,0.017,0.082,0.06,0.053,0.13,0.008,0.062,0.183,0.128,"2011",FALSE,0,0,58,FALSE
"211","Dwight Howard","C",0.595,"ORL",0.951,0.951,0.831,0.599,0.48,0.791,0,0.008,0,0.644,0.585,0.597,0.659,0.722,0.942,0.596,0.591,0.784,0.718,0.092,0.435,0.495,0.601,0.695,0.63,"2011",FALSE,3,0.531,52,TRUE
"212","Josh Howard","SF",0.714,"WAS",0.22,0.122,0.116,0.056,0.075,0.477,0.017,0.033,0.241,0.053,0.075,0.383,0.422,0.038,0.048,0.617,0.034,0.056,0.048,0.021,0.053,0.013,0.043,0.092,0.054,"2011",FALSE,0,0,23,FALSE
"214","Lester Hudson","PG",0.619,"WAS",0.134,0,0.021,0.006,0.011,0.333,0.01,0.017,0.267,0.002,0.005,0.222,0.37,0.003,0.004,0.5,0.002,0.004,0.003,0.015,0.016,0.003,0.015,0.027,0.006,"2011",FALSE,0,0,23,FALSE
"215","Kris Humphries","PF",0.595,"NJN",0.902,0.537,0.583,0.297,0.268,0.703,0,0.001,0,0.319,0.328,0.527,0.586,0.168,0.197,0.665,0.43,0.542,0.504,0.072,0.134,0.213,0.222,0.453,0.262,"2011",FALSE,0,0,24,FALSE
"216","Serge Ibaka","PF",0.5,"OKC",1,0.537,0.627,0.324,0.284,0.724,0,0.001,0,0.349,0.347,0.544,0.603,0.183,0.189,0.75,0.409,0.405,0.407,0.019,0.126,0.527,0.153,0.72,0.285,"2011",FALSE,0,0,55,FALSE
"217","Andre Iguodala","SF",0.643,"PHI",0.817,0.817,0.699,0.327,0.349,0.593,0.152,0.204,0.337,0.288,0.326,0.479,0.54,0.275,0.309,0.693,0.117,0.324,0.253,0.363,0.411,0.101,0.297,0.294,0.334,"2011",FALSE,0,0,41,FALSE
"218","Zydrunas Ilgauskas","C",0.833,"MIA",0.878,0.622,0.324,0.157,0.147,0.677,0,0.001,0,0.169,0.179,0.509,0.564,0.048,0.047,0.783,0.207,0.178,0.188,0.022,0.093,0.154,0.112,0.499,0.127,"2011",FALSE,0,0,58,FALSE
"220","Ersan Ilyasova","PF",0.548,"MIL",0.732,0.415,0.426,0.214,0.233,0.581,0.09,0.137,0.298,0.193,0.218,0.479,0.523,0.123,0.107,0.894,0.201,0.258,0.239,0.048,0.207,0.064,0.136,0.429,0.202,"2011",FALSE,0,0,35,FALSE
"221","Royal Ivey","SG",0.69,"OKC",0.305,0,0.044,0.015,0.017,0.561,0.017,0.018,0.438,0.009,0.012,0.409,0.57,0.003,0.002,1,0.004,0.014,0.01,0.006,0.024,0.003,0.011,0.046,0.014,"2011",FALSE,0,0,55,FALSE
"223","Darnell Jackson","PF",0.595,"SAC",0.72,0.024,0.138,0.074,0.073,0.649,0.007,0.012,0.273,0.077,0.083,0.503,0.552,0.04,0.05,0.612,0.094,0.045,0.061,0.012,0.049,0.008,0.05,0.164,0.066,"2011",FALSE,0,0,24,FALSE
"224","Stephen Jackson","SG",0.762,"CHA",0.817,0.817,0.681,0.421,0.487,0.548,0.301,0.405,0.337,0.327,0.395,0.449,0.52,0.329,0.314,0.816,0.101,0.249,0.199,0.207,0.325,0.074,0.45,0.434,0.438,"2011",FALSE,0,0,34,FALSE
"225","Damion James","SF",0.548,"NJN",0.305,0.11,0.114,0.044,0.047,0.596,0,0.003,0,0.048,0.056,0.46,0.497,0.024,0.029,0.643,0.033,0.068,0.056,0.017,0.065,0.032,0.054,0.097,0.039,"2011",FALSE,0,0,24,FALSE
"226","LeBron James","SF",0.619,"MIA",0.963,0.963,0.867,0.733,0.683,0.68,0.229,0.315,0.33,0.693,0.68,0.552,0.601,0.665,0.682,0.759,0.153,0.506,0.386,0.476,0.504,0.133,0.612,0.439,0.745,"2011",FALSE,4,0.431,58,TRUE
"227","Antawn Jamison","PF",0.81,"CLE",0.683,0.463,0.521,0.362,0.403,0.569,0.226,0.297,0.346,0.294,0.346,0.462,0.532,0.226,0.241,0.731,0.164,0.287,0.245,0.08,0.203,0.08,0.166,0.369,0.357,"2011",FALSE,0,0,19,FALSE
"230","Richard Jefferson","SF",0.714,"SAS",0.988,0.988,0.696,0.294,0.295,0.632,0.336,0.347,0.44,0.176,0.189,0.504,0.643,0.196,0.201,0.759,0.103,0.254,0.203,0.092,0.154,0.09,0.2,0.442,0.315,"2011",FALSE,0,0,61,FALSE
"232","Brandon Jennings","PG",0.5,"MIL",0.768,0.744,0.614,0.349,0.426,0.52,0.244,0.342,0.323,0.274,0.351,0.422,0.492,0.263,0.253,0.809,0.08,0.191,0.153,0.262,0.386,0.056,0.315,0.353,0.36,"2011",FALSE,0,0,35,FALSE
"233","Eugene Jeter","PG",0.643,"SAC",0.756,0.012,0.243,0.103,0.119,0.545,0.015,0.034,0.2,0.104,0.129,0.437,0.468,0.049,0.042,0.902,0.017,0.061,0.046,0.139,0.118,0.005,0.11,0.146,0.09,"2011",FALSE,0,0,24,FALSE
"234","Yi Jianlian","PF",0.548,"WAS",0.768,0.134,0.315,0.14,0.16,0.557,0.007,0.015,0.231,0.148,0.188,0.425,0.469,0.082,0.094,0.681,0.151,0.168,0.162,0.021,0.11,0.085,0.11,0.31,0.125,"2011",FALSE,0,0,23,FALSE
"235","Amir Johnson","PF",0.548,"TOR",0.878,0.659,0.524,0.272,0.228,0.757,0,0.001,0,0.292,0.279,0.569,0.631,0.167,0.165,0.788,0.361,0.27,0.301,0.07,0.215,0.234,0.149,0.709,0.243,"2011",FALSE,0,0,22,FALSE
"236","Armon Johnson","PG",0.5,"POR",0.463,0,0.078,0.044,0.046,0.607,0.012,0.014,0.417,0.043,0.05,0.461,0.533,0.017,0.023,0.591,0.021,0.025,0.024,0.039,0.02,0.003,0.082,0.084,0.039,"2011",FALSE,0,0,48,FALSE
"239","Joe Johnson","SG",0.69,"ATL",0.878,0.878,0.723,0.497,0.534,0.591,0.221,0.339,0.297,0.442,0.486,0.494,0.534,0.258,0.25,0.802,0.113,0.23,0.19,0.29,0.191,0.019,0.315,0.353,0.463,"2011",FALSE,0,0,44,FALSE
"241","Wesley Johnson","SG",0.548,"MIN",0.963,0.768,0.586,0.262,0.314,0.529,0.256,0.326,0.356,0.175,0.222,0.427,0.526,0.085,0.095,0.696,0.098,0.188,0.157,0.127,0.236,0.144,0.205,0.439,0.25,"2011",FALSE,0,0,17,FALSE
"242","Dahntay Jones","SG",0.714,"IND",0.549,0.024,0.167,0.097,0.098,0.623,0.035,0.044,0.359,0.089,0.099,0.491,0.556,0.091,0.093,0.767,0.008,0.061,0.042,0.028,0.081,0.019,0.067,0.189,0.1,"2011",FALSE,0,0,37,FALSE
"243","Dominique Jones","SG",0.524,"DAL",0.22,0,0.038,0.014,0.021,0.415,0,0.005,0,0.015,0.023,0.341,0.346,0.019,0.017,0.824,0.011,0.019,0.016,0.016,0.02,0.008,0.022,0.019,0.015,"2011",FALSE,0,0,57,FALSE
"244","James Jones","SF",0.714,"MIA",0.988,0.098,0.438,0.141,0.159,0.563,0.306,0.324,0.429,0.024,0.033,0.39,0.667,0.079,0.074,0.833,0.044,0.136,0.105,0.037,0.118,0.051,0.045,0.348,0.168,"2011",FALSE,0,0,58,FALSE
"245","Solomon Jones","C",0.619,"IND",0.476,0,0.149,0.047,0.056,0.54,0,0.001,0,0.051,0.068,0.408,0.45,0.054,0.064,0.661,0.086,0.068,0.074,0.026,0.049,0.059,0.075,0.253,0.049,"2011",FALSE,0,0,37,FALSE
"246","DeAndre Jordan","C",0.524,"LAC",0.976,0.805,0.579,0.226,0.157,0.915,0,0.001,0,0.243,0.192,0.688,0.762,0.13,0.223,0.452,0.396,0.365,0.376,0.036,0.167,0.378,0.218,0.687,0.2,"2011",FALSE,0,0,32,FALSE
"248","Jason Kapono","SF",0.69,"PHI",0.293,0.024,0.032,0.007,0.013,0.333,0.002,0.009,0.125,0.006,0.011,0.3,0.298,0.001,0.002,0.5,0.006,0.008,0.007,0.003,0.008,0.003,0.004,0.011,0.006,"2011",FALSE,0,0,41,FALSE
"249","Jason Kidd","PG",0.881,"DAL",0.976,0.976,0.751,0.208,0.274,0.481,0.331,0.441,0.34,0.085,0.116,0.4,0.524,0.089,0.079,0.87,0.067,0.314,0.229,0.563,0.545,0.077,0.386,0.321,0.222,"2011",FALSE,0,0,57,FALSE
"250","Andrei Kirilenko","SF",0.69,"UTA",0.78,0.756,0.566,0.245,0.249,0.623,0.09,0.111,0.367,0.226,0.25,0.489,0.556,0.275,0.278,0.77,0.191,0.225,0.214,0.165,0.329,0.197,0.252,0.305,0.265,"2011",FALSE,0,0,39,FALSE
"251","Linas Kleiza","SF",0.619,"TOR",0.476,0.28,0.292,0.172,0.187,0.584,0.097,0.148,0.298,0.145,0.155,0.505,0.54,0.054,0.067,0.631,0.071,0.139,0.116,0.034,0.077,0.019,0.14,0.267,0.154,"2011",FALSE,0,0,22,FALSE
"252","Kyle Korver","SG",0.69,"CHI",1,0,0.467,0.234,0.256,0.579,0.299,0.326,0.415,0.127,0.151,0.455,0.602,0.102,0.09,0.885,0.023,0.137,0.098,0.107,0.142,0.053,0.129,0.42,0.24,"2011",FALSE,0,0,62,FALSE
"258","Ty Lawson","PG",0.548,"DEN",0.976,0.378,0.595,0.335,0.317,0.671,0.172,0.193,0.404,0.288,0.292,0.536,0.614,0.228,0.231,0.764,0.128,0.141,0.137,0.324,0.325,0.011,0.295,0.358,0.329,"2011",FALSE,0,0,50,FALSE
"259","Courtney Lee","SG",0.595,"HOU",0.988,0.012,0.488,0.245,0.265,0.585,0.177,0.196,0.408,0.189,0.227,0.453,0.557,0.126,0.123,0.792,0.098,0.157,0.137,0.086,0.236,0.048,0.147,0.275,0.237,"2011",FALSE,0,0,43,FALSE
"260","David Lee","PF",0.643,"GSW",0.89,0.89,0.746,0.48,0.45,0.676,0.002,0.003,0.333,0.515,0.55,0.508,0.564,0.278,0.275,0.787,0.415,0.494,0.467,0.2,0.301,0.082,0.366,0.569,0.425,"2011",FALSE,0,0,36,FALSE
"262","Jeremy Lin","PG",0.524,"GSW",0.354,0,0.081,0.027,0.033,0.519,0.002,0.006,0.2,0.028,0.038,0.403,0.44,0.025,0.026,0.76,0.023,0.022,0.022,0.036,0.134,0.024,0.039,0.084,0.027,"2011",FALSE,0,0,36,FALSE
"263","Shaun Livingston","PG",0.595,"CHA",0.89,0,0.357,0.179,0.183,0.621,0.002,0.005,0.25,0.191,0.222,0.468,0.519,0.143,0.129,0.864,0.055,0.119,0.097,0.141,0.191,0.077,0.19,0.294,0.169,"2011",FALSE,0,0,34,FALSE
"264","Brook Lopez","C",0.524,"NJN",1,1,0.818,0.623,0.602,0.656,0,0.001,0,0.67,0.738,0.492,0.547,0.509,0.503,0.787,0.377,0.289,0.319,0.111,0.191,0.319,0.379,0.647,0.591,"2011",FALSE,0,0,24,FALSE
"266","Kevin Love","PF",0.524,"MIN",0.89,0.89,0.739,0.466,0.472,0.627,0.219,0.238,0.417,0.41,0.46,0.483,0.57,0.561,0.513,0.85,0.631,0.777,0.727,0.158,0.183,0.074,0.334,0.399,0.521,"2011",FALSE,0,0,17,FALSE
"267","Kyle Lowry","PG",0.571,"HOU",0.915,0.866,0.725,0.334,0.372,0.568,0.321,0.387,0.376,0.225,0.263,0.464,0.562,0.254,0.258,0.765,0.17,0.218,0.202,0.43,0.415,0.061,0.341,0.558,0.357,"2011",FALSE,0,0,43,FALSE
"268","John Lucas III","PG",0.667,"CHI",0.024,0,0.003,0.001,0.001,0.444,0,0.001,0,0.001,0.001,0.5,0.37,0,0.002,0,0,0,0,0.001,0,0,0,0,0.001,"2011",FALSE,0,0,62,FALSE
"269","Corey Maggette","SF",0.738,"MIL",0.817,0.22,0.397,0.245,0.257,0.604,0.07,0.088,0.359,0.234,0.271,0.468,0.531,0.358,0.334,0.834,0.084,0.196,0.158,0.072,0.085,0.013,0.274,0.472,0.284,"2011",FALSE,0,0,35,FALSE
"271","Ian Mahinmi","C",0.571,"DAL",0.683,0,0.138,0.053,0.045,0.748,0,0.002,0,0.057,0.054,0.573,0.623,0.083,0.084,0.768,0.082,0.076,0.078,0.007,0.057,0.04,0.054,0.283,0.061,"2011",FALSE,0,0,57,FALSE
"272","Shawn Marion","SF",0.762,"DAL",0.976,0.329,0.638,0.42,0.384,0.693,0.012,0.037,0.152,0.446,0.452,0.536,0.581,0.167,0.169,0.768,0.321,0.38,0.36,0.095,0.276,0.133,0.28,0.388,0.353,"2011",FALSE,0,0,57,FALSE
"273","Sean Marks","C",0.833,"POR",0.354,0,0.059,0.018,0.02,0.576,0.005,0.002,1,0.018,0.024,0.405,0.506,0.007,0.008,0.625,0.031,0.024,0.026,0.003,0.012,0.013,0.024,0.119,0.016,"2011",FALSE,0,0,48,FALSE
"274","Cartier Martin","SF",0.619,"WAS",0.634,0.012,0.153,0.069,0.084,0.52,0.097,0.112,0.394,0.033,0.047,0.386,0.552,0.037,0.041,0.7,0.038,0.054,0.048,0.015,0.073,0.016,0.034,0.14,0.074,"2011",FALSE,0,0,23,FALSE
"275","Kenyon Martin","PF",0.786,"DEN",0.585,0.585,0.349,0.179,0.167,0.681,0.005,0.01,0.222,0.19,0.199,0.518,0.571,0.056,0.074,0.583,0.128,0.228,0.194,0.094,0.175,0.093,0.127,0.367,0.146,"2011",FALSE,0,0,50,FALSE
"276","Kevin Martin","SG",0.643,"HOU",0.976,0.976,0.737,0.535,0.583,0.581,0.438,0.518,0.383,0.392,0.456,0.467,0.562,0.786,0.688,0.888,0.054,0.228,0.169,0.17,0.325,0.04,0.397,0.418,0.662,"2011",FALSE,0,0,43,FALSE
"277","Roger Mason","SG",0.714,"NYK",0.317,0,0.09,0.025,0.035,0.451,0.04,0.05,0.364,0.01,0.019,0.303,0.491,0.009,0.01,0.7,0.01,0.038,0.028,0.017,0.024,0.005,0.013,0.067,0.026,"2011",FALSE,0,0,42,FALSE
"278","Wesley Matthews","SG",0.571,"POR",1,0.841,0.781,0.426,0.451,0.599,0.383,0.427,0.407,0.298,0.339,0.476,0.587,0.352,0.324,0.844,0.092,0.209,0.169,0.141,0.415,0.024,0.297,0.526,0.459,"2011",FALSE,0,0,48,FALSE
"280","Eric Maynor","PG",0.548,"OKC",1,0,0.34,0.13,0.153,0.536,0.092,0.108,0.385,0.101,0.134,0.409,0.509,0.057,0.061,0.729,0.048,0.095,0.079,0.204,0.142,0.016,0.166,0.259,0.123,"2011",FALSE,0,0,55,FALSE
"281","O.J. Mayo","SG",0.548,"MEM",0.866,0.207,0.529,0.294,0.344,0.543,0.239,0.298,0.364,0.216,0.272,0.431,0.523,0.131,0.135,0.756,0.067,0.134,0.111,0.125,0.297,0.069,0.213,0.342,0.284,"2011",FALSE,0,0,46,FALSE
"282","Luc Mbah a Moute","PF",0.571,"MIL",0.963,0.634,0.592,0.191,0.197,0.617,0,0.008,0,0.206,0.237,0.47,0.514,0.176,0.193,0.707,0.323,0.249,0.275,0.058,0.293,0.074,0.166,0.485,0.187,"2011",FALSE,0,0,35,FALSE
"283","Antonio McDyess","PF",0.857,"SAS",0.89,0.195,0.393,0.163,0.158,0.655,0,0.001,0,0.176,0.193,0.493,0.546,0.069,0.079,0.675,0.233,0.271,0.258,0.072,0.146,0.104,0.155,0.439,0.138,"2011",FALSE,0,0,61,FALSE
"284","JaVale McGee","C",0.548,"WAS",0.963,0.915,0.621,0.321,0.278,0.733,0,0.003,0,0.345,0.339,0.552,0.611,0.177,0.237,0.583,0.426,0.408,0.414,0.033,0.167,0.513,0.22,0.625,0.282,"2011",FALSE,0,0,23,FALSE
"285","Tracy McGrady","SG",0.738,"DET",0.878,0.476,0.477,0.22,0.237,0.589,0.075,0.099,0.341,0.205,0.24,0.462,0.523,0.119,0.133,0.698,0.094,0.201,0.164,0.216,0.268,0.09,0.22,0.272,0.203,"2011",FALSE,0,0,30,FALSE
"286","Dominic McGuire","SF",0.595,"CHA",0.634,0.098,0.215,0.07,0.084,0.528,0,0.002,0,0.075,0.102,0.4,0.44,0.04,0.04,0.769,0.12,0.135,0.13,0.037,0.041,0.088,0.054,0.253,0.061,"2011",FALSE,0,0,34,FALSE
"287","Josh McRoberts","PF",0.548,"IND",0.878,0.622,0.452,0.204,0.178,0.729,0.057,0.068,0.383,0.196,0.184,0.577,0.64,0.116,0.122,0.739,0.208,0.271,0.25,0.129,0.191,0.152,0.2,0.445,0.188,"2011",FALSE,0,0,37,FALSE
"288","Jodie Meeks","SG",0.548,"PHI",0.902,0.78,0.584,0.234,0.262,0.567,0.343,0.393,0.397,0.108,0.125,0.468,0.607,0.201,0.175,0.894,0.04,0.149,0.112,0.067,0.256,0.011,0.129,0.261,0.273,"2011",FALSE,0,0,41,FALSE
"290","C.J. Miles","SF",0.548,"UTA",0.951,0.232,0.557,0.354,0.414,0.543,0.271,0.383,0.322,0.267,0.316,0.459,0.52,0.21,0.202,0.811,0.103,0.2,0.167,0.116,0.301,0.101,0.2,0.596,0.353,"2011",FALSE,0,0,39,FALSE
"292","Andre Miller","PG",0.81,"POR",0.988,0.988,0.75,0.375,0.388,0.613,0.01,0.042,0.108,0.4,0.455,0.476,0.513,0.329,0.3,0.853,0.185,0.204,0.197,0.486,0.463,0.032,0.425,0.461,0.363,"2011",FALSE,0,0,48,FALSE
"293","Brad Miller","C",0.81,"HOU",0.732,0.061,0.287,0.128,0.136,0.595,0.1,0.121,0.374,0.096,0.107,0.487,0.571,0.103,0.097,0.83,0.084,0.177,0.145,0.125,0.114,0.056,0.116,0.264,0.135,"2011",FALSE,0,0,43,FALSE
"294","Mike Miller","SG",0.714,"MIA",0.5,0.024,0.237,0.078,0.093,0.535,0.107,0.133,0.364,0.04,0.047,0.452,0.563,0.03,0.035,0.676,0.073,0.145,0.12,0.044,0.081,0.005,0.088,0.237,0.081,"2011",FALSE,0,0,58,FALSE
"295","Patty Mills","PG",0.524,"POR",0.78,0,0.222,0.131,0.151,0.549,0.117,0.15,0.353,0.092,0.11,0.451,0.537,0.048,0.048,0.766,0.036,0.032,0.033,0.094,0.11,0.003,0.134,0.17,0.125,"2011",FALSE,0,0,48,FALSE
"296","Paul Millsap","PF",0.595,"UTA",0.927,0.927,0.737,0.508,0.455,0.708,0.022,0.026,0.391,0.537,0.544,0.535,0.596,0.339,0.348,0.757,0.314,0.412,0.378,0.161,0.419,0.184,0.312,0.733,0.464,"2011",FALSE,0,0,39,FALSE
"299","Greg Monroe","C",0.476,"DET",0.976,0.585,0.629,0.293,0.253,0.735,0,0.001,0,0.315,0.31,0.552,0.612,0.192,0.24,0.622,0.474,0.351,0.393,0.09,0.378,0.12,0.175,0.528,0.265,"2011",FALSE,0,0,30,FALSE
"301","Anthony Morrow","SG",0.595,"NJN",0.707,0.573,0.525,0.27,0.285,0.6,0.274,0.293,0.423,0.176,0.203,0.469,0.599,0.127,0.11,0.897,0.071,0.134,0.112,0.058,0.077,0.019,0.116,0.364,0.27,"2011",FALSE,0,0,24,FALSE
"306","Eduardo Najera","PF",0.81,"CHA",0.378,0,0.105,0.025,0.033,0.481,0.027,0.038,0.324,0.016,0.021,0.395,0.487,0.008,0.011,0.545,0.027,0.03,0.029,0.017,0.045,0.016,0.028,0.14,0.024,"2011",FALSE,0,0,34,FALSE
"307","Steve Nash","PG",0.857,"PHO",0.915,0.915,0.707,0.386,0.373,0.656,0.201,0.231,0.395,0.331,0.342,0.525,0.602,0.3,0.256,0.912,0.076,0.218,0.17,0.735,0.195,0.011,0.571,0.235,0.391,"2011",FALSE,0,0,40,FALSE
"308","Gary Neal","SG",0.619,"SAS",0.976,0.012,0.477,0.276,0.291,0.601,0.321,0.348,0.419,0.162,0.183,0.481,0.614,0.111,0.107,0.808,0.04,0.174,0.128,0.082,0.11,0.011,0.168,0.399,0.276,"2011",FALSE,0,0,61,FALSE
"309","Jameer Nelson","PG",0.667,"ORL",0.927,0.927,0.656,0.362,0.386,0.595,0.296,0.335,0.401,0.265,0.305,0.471,0.574,0.172,0.167,0.802,0.071,0.188,0.148,0.392,0.305,0.008,0.418,0.563,0.352,"2011",FALSE,0,0,52,FALSE
"310","Joakim Noah","C",0.595,"CHI",0.585,0.585,0.446,0.204,0.185,0.7,0,0.001,0,0.22,0.226,0.526,0.583,0.184,0.193,0.739,0.348,0.314,0.325,0.092,0.195,0.191,0.194,0.42,0.198,"2011",FALSE,0,0,62,FALSE
"311","Andres Nocioni","SF",0.738,"PHI",0.659,0.207,0.264,0.114,0.127,0.568,0.104,0.133,0.356,0.079,0.09,0.478,0.558,0.065,0.063,0.803,0.036,0.149,0.11,0.039,0.057,0.04,0.101,0.27,0.115,"2011",FALSE,0,0,41,FALSE
"313","Dirk Nowitzki","PF",0.762,"DAL",0.89,0.89,0.709,0.59,0.543,0.689,0.164,0.19,0.393,0.566,0.57,0.538,0.606,0.522,0.456,0.892,0.096,0.46,0.335,0.163,0.154,0.125,0.295,0.464,0.594,"2011",FALSE,0,0.093,57,TRUE
"314","Jermaine O'Neal","C",0.762,"BOS",0.293,0.122,0.122,0.048,0.05,0.612,0,0.001,0,0.052,0.061,0.463,0.51,0.038,0.044,0.674,0.048,0.063,0.058,0.01,0.008,0.08,0.058,0.175,0.046,"2011",FALSE,0,0,56,FALSE
"317","Lamar Odom","PF",0.738,"LAL",1,0.427,0.747,0.457,0.411,0.707,0.169,0.201,0.382,0.421,0.403,0.566,0.631,0.22,0.253,0.675,0.335,0.531,0.464,0.214,0.191,0.162,0.3,0.539,0.417,"2011",FALSE,0,0,57,FALSE
"318","Emeka Okafor","C",0.667,"NOH",0.878,0.878,0.647,0.29,0.241,0.764,0,0.001,0,0.312,0.295,0.574,0.637,0.192,0.265,0.562,0.44,0.451,0.447,0.036,0.163,0.338,0.256,0.62,0.263,"2011",FALSE,0,0,46,FALSE
"319","Mehmet Okur","C",0.738,"UTA",0.159,0,0.048,0.021,0.029,0.473,0.012,0.018,0.313,0.018,0.026,0.37,0.439,0.02,0.021,0.75,0.017,0.021,0.02,0.016,0.016,0.011,0.015,0.049,0.023,"2011",FALSE,0,0,39,FALSE
"320","Travis Outlaw","SF",0.619,"NJN",1,0.671,0.667,0.265,0.336,0.5,0.189,0.284,0.302,0.206,0.27,0.413,0.474,0.175,0.176,0.772,0.103,0.269,0.212,0.072,0.138,0.096,0.153,0.399,0.267,"2011",FALSE,0,0,24,FALSE
"323","Anthony Parker","SF",0.833,"CLE",0.878,0.793,0.592,0.213,0.254,0.532,0.214,0.256,0.379,0.139,0.183,0.412,0.529,0.098,0.098,0.779,0.063,0.184,0.142,0.187,0.272,0.027,0.172,0.294,0.212,"2011",FALSE,0,0,19,FALSE
"324","Tony Parker","PG",0.667,"SAS",0.951,0.951,0.716,0.537,0.492,0.692,0.062,0.079,0.357,0.552,0.563,0.531,0.59,0.308,0.312,0.769,0.057,0.207,0.156,0.441,0.366,0.008,0.431,0.364,0.483,"2011",FALSE,0,0.002,61,TRUE
"325","Patrick Patterson","PF",0.5,"HOU",0.634,0.073,0.246,0.144,0.123,0.744,0,0.002,0,0.155,0.149,0.562,0.62,0.04,0.043,0.714,0.164,0.113,0.131,0.035,0.069,0.098,0.067,0.208,0.116,"2011",FALSE,0,0,43,FALSE
"326","Chris Paul","PG",0.595,"NOH",0.976,0.976,0.815,0.416,0.427,0.617,0.177,0.207,0.388,0.374,0.42,0.482,0.558,0.446,0.395,0.878,0.073,0.287,0.214,0.672,0.764,0.013,0.381,0.528,0.448,"2011",FALSE,0,0.002,46,TRUE
"331","Johan Petro","C",0.595,"NJN",0.939,0.012,0.253,0.125,0.133,0.593,0,0.005,0,0.134,0.161,0.451,0.494,0.02,0.029,0.536,0.119,0.149,0.139,0.038,0.138,0.09,0.099,0.48,0.096,"2011",FALSE,0,0,24,FALSE
"332","Paul Pierce","SF",0.786,"BOS",0.976,0.976,0.785,0.49,0.47,0.663,0.276,0.335,0.374,0.412,0.408,0.547,0.612,0.511,0.462,0.86,0.065,0.393,0.281,0.223,0.325,0.136,0.369,0.623,0.534,"2011",FALSE,0,0,56,FALSE
"335","Quincy Pondexter","SF",0.524,"NOH",0.805,0.073,0.208,0.071,0.083,0.541,0.045,0.056,0.36,0.057,0.073,0.423,0.507,0.032,0.035,0.706,0.044,0.065,0.058,0.024,0.069,0.027,0.034,0.17,0.066,"2011",FALSE,0,0,46,FALSE
"336","James Posey","SF",0.81,"IND",0.598,0,0.237,0.078,0.111,0.448,0.167,0.239,0.316,0.015,0.016,0.483,0.528,0.015,0.015,0.733,0.019,0.136,0.096,0.029,0.098,0.016,0.052,0.278,0.085,"2011",FALSE,0,0,37,FALSE
"338","Josh Powell","PF",0.667,"ATL",0.659,0,0.185,0.091,0.096,0.603,0,0.001,0,0.098,0.117,0.454,0.502,0.048,0.046,0.8,0.094,0.085,0.088,0.019,0.02,0.013,0.114,0.21,0.079,"2011",FALSE,0,0,44,FALSE
"339","A.J. Price","PG",0.571,"IND",0.61,0,0.225,0.11,0.147,0.475,0.102,0.168,0.275,0.076,0.096,0.427,0.467,0.071,0.083,0.667,0.031,0.056,0.047,0.095,0.118,0.003,0.114,0.164,0.114,"2011",FALSE,0,0,37,FALSE
"340","Ronnie Price","SG",0.643,"UTA",0.72,0,0.203,0.072,0.097,0.469,0.05,0.078,0.29,0.056,0.08,0.383,0.444,0.038,0.04,0.744,0.042,0.039,0.04,0.048,0.171,0.013,0.119,0.286,0.07,"2011",FALSE,0,0,39,FALSE
"341","Tayshaun Prince","SF",0.714,"DET",0.951,0.951,0.725,0.457,0.461,0.631,0.085,0.111,0.347,0.457,0.509,0.486,0.544,0.156,0.173,0.702,0.149,0.249,0.215,0.185,0.122,0.109,0.177,0.243,0.388,"2011",FALSE,0,0,30,FALSE
"343","Chris Quinn","PG",0.643,"SAS",0.5,0,0.083,0.032,0.042,0.484,0.027,0.042,0.297,0.023,0.03,0.407,0.47,0.005,0.008,0.5,0.006,0.022,0.016,0.036,0.02,0.003,0.026,0.078,0.029,"2011",FALSE,0,0,61,FALSE
"344","Vladimir Radmanovic","PF",0.714,"GSW",0.902,0.073,0.331,0.132,0.146,0.575,0.174,0.195,0.405,0.07,0.082,0.462,0.601,0.04,0.035,0.882,0.122,0.147,0.139,0.068,0.179,0.117,0.123,0.423,0.132,"2011",FALSE,0,0,36,FALSE
"346","Zach Randolph","PF",0.69,"MEM",0.915,0.902,0.771,0.578,0.547,0.671,0.02,0.049,0.186,0.614,0.646,0.515,0.563,0.397,0.407,0.758,0.623,0.584,0.597,0.14,0.256,0.066,0.325,0.472,0.531,"2011",FALSE,0,0,46,FALSE
"348","Andy Rautins","SG",0.571,"NYK",0.061,0,0.007,0.003,0.003,0.572,0.002,0.005,0.25,0.002,0.002,0.667,0.556,0.001,0.002,0.5,0,0.001,0.001,0.003,0.004,0,0.015,0,0.003,"2011",FALSE,0,0,42,FALSE
"349","Michael Redd","SG",0.738,"MIL",0.122,0,0.038,0.017,0.021,0.533,0.01,0.019,0.235,0.015,0.016,0.5,0.493,0.005,0.004,1,0,0.008,0.005,0.01,0.008,0.003,0.009,0.011,0.016,"2011",FALSE,0,0,35,FALSE
"350","J.J. Redick","SG",0.619,"ORL",0.72,0.061,0.428,0.191,0.206,0.588,0.216,0.247,0.397,0.114,0.129,0.482,0.598,0.148,0.132,0.875,0.011,0.106,0.074,0.088,0.118,0.008,0.114,0.216,0.209,"2011",FALSE,0,0,52,FALSE
"352","Quentin Richardson","SF",0.714,"ORL",0.695,0.232,0.27,0.084,0.117,0.455,0.104,0.165,0.288,0.047,0.061,0.413,0.471,0.044,0.045,0.75,0.075,0.138,0.116,0.033,0.102,0.013,0.071,0.199,0.088,"2011",FALSE,0,0,52,FALSE
"353","Luke Ridnour","PG",0.69,"MIN",0.866,0.805,0.611,0.309,0.313,0.624,0.201,0.208,0.44,0.248,0.28,0.479,0.587,0.16,0.141,0.883,0.071,0.161,0.13,0.33,0.362,0.027,0.341,0.394,0.297,"2011",FALSE,0,0,17,FALSE
"355","Rajon Rondo","PG",0.571,"BOS",0.829,0.829,0.715,0.308,0.308,0.633,0.025,0.049,0.233,0.32,0.354,0.491,0.536,0.099,0.136,0.568,0.166,0.209,0.194,0.653,0.622,0.029,0.504,0.323,0.255,"2011",FALSE,0,0.004,56,TRUE
"356","Derrick Rose","PG",0.524,"CHI",0.988,0.988,0.856,0.688,0.735,0.593,0.318,0.435,0.332,0.607,0.684,0.481,0.539,0.63,0.571,0.858,0.155,0.247,0.216,0.535,0.346,0.136,0.599,0.367,0.715,"2011",TRUE,113,0.977,62,TRUE
"357","Quinton Ross","SF",0.69,"NJN",0.439,0.049,0.1,0.025,0.027,0.588,0,0.003,0,0.027,0.032,0.464,0.49,0.007,0.014,0.357,0.019,0.02,0.02,0.009,0.012,0.016,0.015,0.108,0.02,"2011",FALSE,0,0,24,FALSE
"358","Brandon Roy","SG",0.619,"POR",0.573,0.28,0.371,0.202,0.241,0.533,0.095,0.129,0.333,0.178,0.231,0.418,0.484,0.155,0.142,0.848,0.054,0.092,0.079,0.111,0.15,0.032,0.119,0.205,0.202,"2011",FALSE,0,0,48,FALSE
"359","Brandon Rush","SG",0.595,"IND",0.817,0.256,0.496,0.21,0.237,0.561,0.231,0.252,0.417,0.129,0.165,0.425,0.569,0.106,0.109,0.755,0.063,0.183,0.142,0.053,0.167,0.093,0.149,0.288,0.214,"2011",FALSE,0,0,37,FALSE
"360","John Salmons","SG",0.738,"MIL",0.89,0.854,0.723,0.361,0.413,0.553,0.206,0.247,0.379,0.302,0.383,0.427,0.513,0.258,0.247,0.813,0.052,0.237,0.174,0.216,0.293,0.074,0.295,0.423,0.362,"2011",FALSE,0,0,35,FALSE
"361","Samardo Samuels","PF",0.524,"CLE",0.451,0.122,0.198,0.106,0.111,0.608,0,0.003,0,0.114,0.134,0.462,0.507,0.09,0.113,0.618,0.143,0.082,0.103,0.015,0.061,0.048,0.114,0.237,0.102,"2011",FALSE,0,0,19,FALSE
"364","Luis Scola","PF",0.714,"HOU",0.902,0.902,0.683,0.55,0.52,0.672,0,0.003,0,0.592,0.635,0.505,0.56,0.283,0.298,0.738,0.281,0.456,0.396,0.159,0.195,0.117,0.317,0.612,0.477,"2011",FALSE,0,0,43,FALSE
"365","Thabo Sefolosha","SG",0.619,"OKC",0.963,0.963,0.58,0.152,0.153,0.628,0.07,0.115,0.275,0.134,0.13,0.558,0.571,0.078,0.081,0.747,0.124,0.279,0.226,0.095,0.394,0.101,0.119,0.461,0.142,"2011",FALSE,0,0,55,FALSE
"367","Ramon Sessions","PG",0.571,"CLE",0.988,0.463,0.604,0.35,0.357,0.621,0.007,0.017,0.2,0.374,0.429,0.472,0.52,0.46,0.435,0.823,0.088,0.208,0.167,0.36,0.244,0.021,0.384,0.251,0.38,"2011",FALSE,0,0,19,FALSE
"368","Mustafa Shakur","PG",0.619,"WAS",0.268,0,0.045,0.02,0.027,0.475,0.002,0.011,0.1,0.021,0.028,0.408,0.404,0.011,0.015,0.533,0.013,0.015,0.014,0.021,0.02,0.008,0.039,0.04,0.018,"2011",FALSE,0,0,23,FALSE
"372","Craig Smith","PF",0.643,"LAC",0.585,0,0.166,0.101,0.087,0.737,0,0.006,0,0.108,0.103,0.568,0.614,0.066,0.07,0.735,0.082,0.073,0.076,0.027,0.065,0.019,0.071,0.226,0.091,"2011",FALSE,0,0,32,FALSE
"374","J.R. Smith","SF",0.595,"DEN",0.963,0.073,0.557,0.33,0.361,0.58,0.308,0.359,0.39,0.226,0.263,0.466,0.571,0.216,0.227,0.738,0.086,0.275,0.21,0.15,0.374,0.043,0.216,0.466,0.342,"2011",FALSE,0,0,50,FALSE
"375","Jason Smith","C",0.571,"NOH",0.939,0.073,0.312,0.132,0.141,0.591,0,0.002,0,0.142,0.172,0.446,0.492,0.078,0.072,0.843,0.17,0.151,0.158,0.031,0.106,0.085,0.114,0.404,0.117,"2011",FALSE,0,0,46,FALSE
"377","Josh Smith","PF",0.595,"ATL",0.939,0.939,0.749,0.481,0.479,0.636,0.127,0.174,0.331,0.464,0.5,0.503,0.558,0.303,0.325,0.725,0.256,0.519,0.429,0.219,0.402,0.319,0.425,0.585,0.45,"2011",FALSE,0,0,44,FALSE
"379","Marreese Speights","C",0.548,"PHI",0.78,0.012,0.208,0.139,0.134,0.66,0.002,0.005,0.25,0.149,0.162,0.498,0.552,0.073,0.075,0.753,0.122,0.145,0.137,0.026,0.033,0.051,0.086,0.323,0.121,"2011",FALSE,0,0,41,FALSE
"380","Tiago Splitter","C",0.619,"SAS",0.732,0.073,0.209,0.098,0.088,0.705,0,0.001,0,0.105,0.107,0.532,0.588,0.101,0.144,0.543,0.138,0.128,0.131,0.022,0.118,0.045,0.069,0.245,0.098,"2011",FALSE,0,0,61,FALSE
"381","Jerry Stackhouse","SG",0.857,"MIA",0.085,0.012,0.014,0.003,0.006,0.333,0.002,0.005,0.25,0.002,0.005,0.25,0.324,0.007,0.007,0.714,0.002,0.006,0.005,0.003,0,0.005,0.004,0.008,0.004,"2011",FALSE,0,0,58,FALSE
"382","Lance Stephenson","SG",0.476,"IND",0.146,0,0.033,0.013,0.018,0.444,0,0.006,0,0.014,0.019,0.382,0.37,0.015,0.014,0.786,0.002,0.017,0.012,0.018,0.016,0,0.034,0.038,0.013,"2011",FALSE,0,0,37,FALSE
"383","DeShawn Stevenson","SG",0.69,"DAL",0.878,0.659,0.328,0.124,0.152,0.517,0.234,0.281,0.378,0.035,0.046,0.42,0.589,0.044,0.044,0.767,0.038,0.085,0.069,0.066,0.085,0.013,0.095,0.191,0.135,"2011",FALSE,0,0,57,FALSE
"385","Amar'e Stoudemire","C",0.667,"NYK",0.951,0.951,0.812,0.72,0.682,0.669,0.025,0.026,0.435,0.764,0.823,0.503,0.561,0.626,0.614,0.792,0.379,0.435,0.416,0.174,0.289,0.399,0.539,0.739,0.696,"2011",FALSE,0,0.007,42,TRUE
"386","Rodney Stuckey","PG",0.571,"DET",0.854,0.659,0.618,0.351,0.381,0.585,0.065,0.102,0.289,0.351,0.416,0.457,0.506,0.437,0.392,0.866,0.134,0.145,0.141,0.31,0.309,0.027,0.334,0.477,0.382,"2011",FALSE,0,0,30,FALSE
"387","DaJuan Summers","SF",0.548,"DET",0.268,0.012,0.056,0.027,0.032,0.541,0.022,0.024,0.429,0.02,0.027,0.396,0.523,0.012,0.021,0.45,0.004,0.01,0.008,0.002,0.012,0.003,0.028,0.057,0.026,"2011",FALSE,0,0,30,FALSE
"388","Pape Sy","SF",0.524,"ATL",0.037,0,0.006,0.002,0.003,0.444,0,0.001,0,0.002,0.003,0.4,0.37,0.004,0.003,1,0.004,0.001,0.002,0.002,0.004,0,0.006,0.003,0.002,"2011",FALSE,0,0,44,FALSE
"390","Jeff Teague","PG",0.524,"ATL",0.854,0.085,0.273,0.129,0.14,0.584,0.045,0.054,0.375,0.12,0.144,0.449,0.519,0.102,0.1,0.794,0.021,0.09,0.067,0.119,0.183,0.066,0.138,0.221,0.127,"2011",FALSE,0,0,44,FALSE
"391","Sebastian Telfair","PG",0.595,"MIN",0.451,0.098,0.201,0.094,0.111,0.536,0.07,0.088,0.359,0.072,0.092,0.423,0.512,0.058,0.062,0.733,0.033,0.037,0.035,0.095,0.102,0.008,0.138,0.173,0.094,"2011",FALSE,0,0,17,FALSE
"393","Jason Terry","SG",0.786,"DAL",1,0.122,0.726,0.476,0.502,0.601,0.316,0.396,0.362,0.38,0.417,0.493,0.566,0.241,0.22,0.85,0.046,0.128,0.1,0.287,0.378,0.035,0.36,0.377,0.457,"2011",FALSE,0,0,57,FALSE
"396","Kurt Thomas","PF",0.905,"CHI",0.634,0.451,0.333,0.092,0.086,0.681,0.002,0.001,1,0.098,0.104,0.508,0.57,0.026,0.033,0.625,0.143,0.224,0.197,0.052,0.13,0.112,0.091,0.442,0.075,"2011",FALSE,0,0,62,FALSE
"397","Tyrus Thomas","C",0.571,"CHA",0.5,0.024,0.244,0.151,0.152,0.628,0,0.003,0,0.162,0.185,0.476,0.523,0.142,0.14,0.787,0.124,0.158,0.146,0.025,0.122,0.176,0.14,0.305,0.148,"2011",FALSE,0,0,34,FALSE
"398","Jason Thompson","PF",0.571,"SAC",0.915,0.476,0.495,0.262,0.246,0.676,0,0.003,0,0.282,0.299,0.51,0.563,0.16,0.206,0.605,0.275,0.308,0.297,0.076,0.114,0.117,0.213,0.571,0.234,"2011",FALSE,0,0,24,FALSE
"401","Anthony Tolliver","SF",0.595,"MIN",0.793,0.049,0.386,0.136,0.144,0.6,0.117,0.13,0.409,0.098,0.112,0.475,0.584,0.139,0.135,0.802,0.176,0.202,0.193,0.07,0.114,0.074,0.106,0.391,0.153,"2011",FALSE,0,0,17,FALSE
"404","Evan Turner","SG",0.524,"PHI",0.951,0.171,0.509,0.218,0.243,0.567,0.035,0.05,0.318,0.22,0.274,0.435,0.488,0.134,0.129,0.808,0.08,0.262,0.2,0.137,0.199,0.037,0.172,0.372,0.2,"2011",FALSE,0,0,41,FALSE
"406","Ime Udoka","SF",0.786,"SAS",0.244,0,0.037,0.005,0.01,0.317,0,0.009,0,0.005,0.007,0.385,0.264,0.005,0.008,0.5,0.01,0.014,0.012,0.011,0.033,0.003,0.011,0.038,0.005,"2011",FALSE,0,0,61,FALSE
"407","Beno Udrih","PG",0.667,"SAC",0.963,0.78,0.774,0.398,0.379,0.667,0.162,0.205,0.357,0.361,0.362,0.54,0.599,0.261,0.235,0.864,0.078,0.222,0.173,0.332,0.382,0.024,0.304,0.488,0.383,"2011",FALSE,0,0,24,FALSE
"408","Ben Uzoh","PG",0.524,"NJN",0.512,0,0.124,0.059,0.066,0.565,0.007,0.009,0.375,0.06,0.077,0.426,0.482,0.044,0.058,0.589,0.057,0.031,0.04,0.059,0.053,0.021,0.054,0.078,0.056,"2011",FALSE,0,0,24,FALSE
"409","Anderson Varejao","C",0.667,"CLE",0.378,0.378,0.281,0.11,0.099,0.704,0,0.002,0,0.119,0.121,0.533,0.587,0.071,0.083,0.667,0.187,0.202,0.197,0.039,0.11,0.101,0.086,0.235,0.1,"2011",FALSE,0,0,19,FALSE
"410","Greivis Vasquez","SG",0.571,"MEM",0.854,0.012,0.243,0.092,0.107,0.544,0.062,0.097,0.291,0.073,0.083,0.476,0.512,0.045,0.045,0.773,0.023,0.061,0.048,0.13,0.089,0.011,0.151,0.224,0.088,"2011",FALSE,0,0,46,FALSE
"411","Charlie Villanueva","PF",0.619,"DET",0.927,0.134,0.472,0.303,0.326,0.589,0.311,0.365,0.387,0.196,0.217,0.488,0.589,0.118,0.119,0.767,0.096,0.243,0.193,0.041,0.171,0.112,0.142,0.472,0.297,"2011",FALSE,0,0,30,FALSE
"413","Dwyane Wade","SG",0.69,"MIA",0.927,0.927,0.799,0.669,0.637,0.667,0.157,0.233,0.306,0.655,0.664,0.534,0.581,0.653,0.671,0.758,0.235,0.359,0.317,0.297,0.451,0.231,0.511,0.531,0.685,"2011",FALSE,0,0.02,58,TRUE
"414","Von Wafer","SG",0.595,"BOS",0.707,0.024,0.157,0.065,0.073,0.561,0.045,0.076,0.269,0.051,0.052,0.533,0.531,0.042,0.039,0.842,0.013,0.042,0.032,0.03,0.073,0.013,0.043,0.105,0.065,"2011",FALSE,0,0,56,FALSE
"415","Henry Walker","SG",0.548,"NYK",0.744,0.012,0.222,0.101,0.109,0.588,0.147,0.173,0.386,0.047,0.047,0.542,0.629,0.041,0.045,0.705,0.031,0.105,0.08,0.029,0.085,0.016,0.08,0.218,0.105,"2011",FALSE,0,0,42,FALSE
"416","John Wall","PG",0.476,"WAS",0.841,0.78,0.738,0.385,0.447,0.545,0.085,0.13,0.296,0.379,0.483,0.425,0.474,0.398,0.404,0.766,0.067,0.28,0.207,0.493,0.492,0.093,0.562,0.472,0.399,"2011",FALSE,0,0,23,FALSE
"417","Ben Wallace","C",0.857,"DET",0.659,0.598,0.35,0.065,0.069,0.6,0.002,0.002,0.5,0.069,0.083,0.449,0.503,0.025,0.059,0.333,0.247,0.219,0.229,0.062,0.22,0.144,0.095,0.218,0.054,"2011",FALSE,0,0,30,FALSE
"419","Luke Walton","SF",0.714,"LAL",0.659,0,0.137,0.037,0.053,0.437,0.02,0.038,0.235,0.031,0.046,0.366,0.402,0.009,0.01,0.7,0.017,0.058,0.044,0.053,0.037,0.011,0.067,0.102,0.032,"2011",FALSE,0,0,57,FALSE
"420","Willie Warren","PG",0.5,"LAC",0.232,0,0.038,0.013,0.016,0.495,0.012,0.017,0.333,0.008,0.011,0.4,0.492,0.008,0.008,0.75,0.002,0.011,0.008,0.023,0.024,0,0.017,0.043,0.013,"2011",FALSE,0,0,32,FALSE
"421","Hakim Warrick","PF",0.667,"PHO",0.976,0.073,0.401,0.221,0.205,0.681,0.002,0.012,0.091,0.236,0.245,0.522,0.569,0.28,0.302,0.721,0.168,0.207,0.193,0.059,0.13,0.024,0.17,0.27,0.236,"2011",FALSE,0,0,40,FALSE
"422","C.J. Watson","PG",0.619,"CHI",1,0.012,0.309,0.141,0.181,0.495,0.109,0.126,0.393,0.106,0.159,0.362,0.473,0.091,0.096,0.742,0.031,0.077,0.061,0.16,0.224,0.029,0.157,0.221,0.143,"2011",FALSE,0,0,62,FALSE
"423","Earl Watson","PG",0.738,"UTA",0.976,0.159,0.444,0.122,0.141,0.547,0.09,0.121,0.336,0.094,0.113,0.45,0.521,0.073,0.084,0.671,0.099,0.129,0.119,0.239,0.248,0.045,0.25,0.394,0.121,"2011",FALSE,0,0,39,FALSE
"424","Kyle Weaver","SG",0.571,"UTA",0.061,0,0.02,0.009,0.012,0.48,0.007,0.008,0.429,0.006,0.01,0.333,0.467,0.009,0.008,0.875,0.004,0.008,0.007,0.006,0.008,0.005,0.015,0.008,0.01,"2011",FALSE,0,0,39,FALSE
"425","Martell Webster","SF",0.571,"MIN",0.561,0.012,0.31,0.147,0.156,0.596,0.137,0.149,0.417,0.101,0.117,0.466,0.587,0.124,0.126,0.77,0.069,0.11,0.096,0.046,0.114,0.024,0.125,0.272,0.16,"2011",FALSE,0,0,17,FALSE
"426","Sonny Weems","SF",0.571,"TOR",0.72,0.341,0.4,0.221,0.236,0.592,0.042,0.069,0.279,0.22,0.255,0.467,0.512,0.095,0.097,0.766,0.075,0.113,0.1,0.089,0.138,0.005,0.185,0.235,0.192,"2011",FALSE,0,0,22,FALSE
"427","David West","PF",0.714,"NOH",0.854,0.854,0.694,0.511,0.479,0.677,0.005,0.01,0.222,0.547,0.582,0.51,0.566,0.349,0.336,0.807,0.296,0.371,0.346,0.141,0.272,0.165,0.306,0.544,0.467,"2011",FALSE,0,0,46,FALSE
"428","Delonte West","PG",0.643,"BOS",0.293,0.024,0.128,0.053,0.055,0.611,0.03,0.037,0.364,0.045,0.049,0.494,0.564,0.017,0.015,0.867,0.011,0.031,0.024,0.055,0.081,0.027,0.065,0.078,0.048,"2011",FALSE,0,0,56,FALSE
"429","Mario West","SG",0.619,"NJN",0.073,0.037,0.033,0.009,0.01,0.572,0.002,0.005,0.25,0.008,0.01,0.471,0.502,0.004,0.005,0.6,0.004,0.009,0.007,0.009,0.028,0,0.004,0.035,0.008,"2011",FALSE,0,0,24,FALSE
"430","Russell Westbrook","PG",0.524,"OKC",1,1,0.806,0.594,0.64,0.589,0.085,0.116,0.33,0.604,0.726,0.451,0.504,0.702,0.649,0.842,0.231,0.256,0.248,0.576,0.63,0.08,0.681,0.558,0.633,"2011",FALSE,0,0,55,FALSE
"433","Chris Wilcox","PF",0.667,"DET",0.695,0.354,0.282,0.181,0.148,0.775,0,0.001,0,0.195,0.181,0.583,0.646,0.066,0.092,0.562,0.182,0.175,0.177,0.037,0.118,0.045,0.093,0.391,0.15,"2011",FALSE,0,0,30,FALSE
"434","Damien Wilkins","SF",0.738,"ATL",0.634,0,0.191,0.067,0.063,0.672,0.005,0.011,0.2,0.07,0.072,0.528,0.568,0.053,0.058,0.714,0.044,0.067,0.059,0.035,0.11,0.024,0.045,0.194,0.064,"2011",FALSE,0,0,44,FALSE
"437","Jawad Williams","SF",0.643,"CLE",0.317,0.012,0.111,0.04,0.058,0.433,0.032,0.051,0.289,0.029,0.046,0.346,0.419,0.012,0.012,0.75,0.013,0.041,0.031,0.019,0.037,0.008,0.034,0.092,0.037,"2011",FALSE,0,0,19,FALSE
"438","Lou Williams","SG",0.571,"PHI",0.915,0,0.494,0.312,0.366,0.541,0.219,0.286,0.348,0.245,0.306,0.434,0.513,0.388,0.366,0.823,0.061,0.116,0.097,0.216,0.191,0.045,0.22,0.345,0.363,"2011",FALSE,0,0,41,FALSE
"439","Marvin Williams","SF",0.571,"ATL",0.793,0.634,0.528,0.238,0.247,0.611,0.092,0.124,0.336,0.217,0.241,0.489,0.548,0.194,0.179,0.845,0.13,0.243,0.205,0.076,0.138,0.061,0.134,0.28,0.239,"2011",FALSE,0,0,44,FALSE
"441","Reggie Williams","SF",0.571,"GSW",0.976,0.11,0.46,0.259,0.263,0.625,0.254,0.272,0.423,0.173,0.187,0.502,0.62,0.132,0.138,0.746,0.086,0.17,0.141,0.104,0.114,0.008,0.123,0.334,0.261,"2011",FALSE,0,0,36,FALSE
"442","Shawne Williams","PF",0.571,"NYK",0.78,0.134,0.374,0.159,0.177,0.568,0.211,0.239,0.401,0.082,0.098,0.457,0.596,0.054,0.05,0.837,0.115,0.178,0.156,0.04,0.159,0.136,0.099,0.442,0.16,"2011",FALSE,0,0,42,FALSE
"445","Metta World Peace","SF",0.738,"LAL",1,1,0.682,0.252,0.303,0.529,0.206,0.263,0.356,0.185,0.24,0.419,0.511,0.122,0.14,0.676,0.191,0.166,0.175,0.15,0.504,0.096,0.194,0.488,0.246,"2011",FALSE,0,0,57,FALSE
"448","Dorell Wright","SF",0.595,"GSW",1,1,0.891,0.469,0.527,0.564,0.483,0.582,0.376,0.303,0.355,0.462,0.564,0.238,0.235,0.789,0.168,0.341,0.282,0.208,0.504,0.168,0.287,0.461,0.475,"2011",FALSE,0,0,36,FALSE
"449","Julian Wright","SF",0.548,"TOR",0.634,0.073,0.217,0.079,0.074,0.684,0.005,0.011,0.2,0.083,0.085,0.533,0.577,0.029,0.044,0.512,0.09,0.071,0.077,0.05,0.159,0.053,0.093,0.121,0.066,"2011",FALSE,0,0,22,FALSE
"450","Nick Young","SG",0.595,"WAS",0.78,0.488,0.576,0.398,0.43,0.588,0.261,0.306,0.387,0.319,0.375,0.462,0.552,0.246,0.235,0.816,0.05,0.147,0.114,0.064,0.183,0.045,0.194,0.388,0.394,"2011",FALSE,0,0,23,FALSE
"451","Sam Young","SF",0.595,"MEM",0.951,0.561,0.446,0.225,0.227,0.629,0.042,0.056,0.34,0.225,0.25,0.486,0.543,0.118,0.119,0.767,0.076,0.146,0.122,0.061,0.276,0.061,0.131,0.323,0.202,"2011",FALSE,0,0,46,FALSE
"452","Thaddeus Young","PF",0.524,"PHI",1,0.012,0.604,0.443,0.39,0.721,0.015,0.025,0.273,0.47,0.465,0.548,0.604,0.163,0.179,0.707,0.293,0.279,0.284,0.07,0.366,0.069,0.213,0.458,0.369,"2011",FALSE,0,0,41,FALSE
"  2","Arron Afflalo","SG",0.619,"DEN",0.756,0.756,0.59,0.318,0.322,0.628,0.219,0.249,0.398,0.251,0.27,0.504,0.593,0.261,0.254,0.798,0.076,0.156,0.129,0.128,0.146,0.035,0.183,0.361,0.333,"2012",FALSE,0,0,38,FALSE
"  6","LaMarcus Aldridge","PF",0.619,"POR",0.671,0.671,0.564,0.467,0.434,0.683,0.005,0.012,0.182,0.501,0.526,0.516,0.57,0.295,0.282,0.814,0.287,0.29,0.289,0.115,0.207,0.12,0.239,0.412,0.421,"2012",FALSE,0,0,28,FALSE
"  8","Ray Allen","SG",0.857,"BOS",0.561,0.512,0.443,0.219,0.227,0.611,0.264,0.264,0.453,0.125,0.146,0.463,0.629,0.128,0.109,0.915,0.027,0.127,0.093,0.094,0.199,0.021,0.147,0.224,0.231,"2012",FALSE,0,0,39,FALSE
"  9","Tony Allen","SG",0.714,"MEM",0.707,0.695,0.432,0.203,0.206,0.625,0.02,0.029,0.308,0.21,0.238,0.479,0.531,0.185,0.18,0.8,0.187,0.134,0.152,0.068,0.423,0.088,0.203,0.383,0.201,"2012",FALSE,0,0,41,FALSE
" 10","Morris Almond","SG",0.619,"WAS",0.049,0,0.019,0.006,0.008,0.471,0.002,0.003,0.333,0.005,0.008,0.357,0.424,0.001,0.003,0.333,0.002,0.007,0.005,0.002,0.028,0,0.002,0.016,0.005,"2012",FALSE,0,0,20,FALSE
" 11","Al-Farouq Aminu","SF",0.5,"NOH",0.805,0.256,0.418,0.145,0.168,0.548,0.032,0.053,0.277,0.143,0.179,0.431,0.477,0.114,0.117,0.754,0.182,0.212,0.201,0.057,0.24,0.09,0.196,0.367,0.141,"2012",FALSE,0,0,21,FALSE
" 14","Alan Anderson","SF",0.69,"TOR",0.207,0.146,0.13,0.053,0.065,0.516,0.06,0.069,0.393,0.032,0.046,0.383,0.524,0.038,0.035,0.853,0.015,0.026,0.022,0.022,0.02,0.008,0.054,0.094,0.058,"2012",FALSE,0,0,23,FALSE
" 15","James Anderson","SG",0.524,"SAS",0.622,0.024,0.171,0.064,0.08,0.505,0.047,0.077,0.279,0.049,0.06,0.443,0.482,0.052,0.053,0.75,0.031,0.063,0.052,0.035,0.033,0.005,0.065,0.094,0.067,"2012",FALSE,0,0,50,FALSE
" 16","Ryan Anderson","PF",0.548,"ORL",0.744,0.744,0.556,0.321,0.348,0.585,0.413,0.476,0.393,0.173,0.189,0.496,0.609,0.198,0.176,0.877,0.428,0.245,0.308,0.046,0.203,0.069,0.123,0.394,0.346,"2012",FALSE,0,0,37,FALSE
" 17","Carmelo Anthony","SF",0.643,"NYK",0.671,0.671,0.531,0.426,0.472,0.573,0.169,0.229,0.335,0.388,0.464,0.454,0.514,0.39,0.378,0.804,0.168,0.254,0.225,0.172,0.252,0.064,0.31,0.42,0.44,"2012",FALSE,0,0,36,FALSE
" 19","Gilbert Arenas","PG",0.714,"MEM",0.207,0,0.06,0.025,0.029,0.541,0.032,0.044,0.333,0.014,0.014,0.52,0.564,0.009,0.01,0.7,0.004,0.016,0.012,0.015,0.045,0.003,0.026,0.094,0.025,"2012",FALSE,0,0,41,FALSE
" 20","Trevor Ariza","SF",0.619,"NOH",0.5,0.5,0.382,0.162,0.185,0.556,0.072,0.098,0.333,0.145,0.178,0.44,0.503,0.104,0.105,0.775,0.078,0.173,0.141,0.116,0.28,0.066,0.164,0.197,0.157,"2012",FALSE,0,0,21,FALSE
" 22","D.J. Augustin","PG",0.571,"CHA",0.585,0.561,0.399,0.177,0.224,0.501,0.152,0.202,0.341,0.127,0.174,0.396,0.487,0.139,0.123,0.875,0.046,0.084,0.071,0.264,0.146,0.003,0.237,0.175,0.188,"2012",FALSE,0,0,7,FALSE
" 23","Gustavo Ayon","PF",0.619,"NOH",0.659,0.293,0.308,0.135,0.12,0.715,0,0.001,0,0.146,0.147,0.538,0.596,0.052,0.065,0.619,0.164,0.178,0.173,0.064,0.215,0.122,0.099,0.318,0.113,"2012",FALSE,0,0,21,FALSE
" 26","Luke Babbitt","SF",0.524,"POR",0.488,0.049,0.152,0.069,0.08,0.547,0.107,0.113,0.43,0.029,0.041,0.384,0.594,0.022,0.021,0.85,0.031,0.078,0.062,0.014,0.041,0.011,0.058,0.124,0.071,"2012",FALSE,0,0,28,FALSE
" 27","Renaldo Balkman","SF",0.643,"NYK",0.171,0,0.033,0.015,0.015,0.667,0.005,0.01,0.222,0.015,0.013,0.609,0.59,0.011,0.011,0.727,0.011,0.02,0.017,0.004,0.016,0.008,0.013,0.038,0.015,"2012",FALSE,0,0,36,FALSE
" 29","J.J. Barea","PG",0.643,"MIN",0.5,0.134,0.292,0.162,0.192,0.533,0.132,0.161,0.371,0.119,0.155,0.415,0.514,0.101,0.101,0.776,0.027,0.099,0.075,0.199,0.085,0,0.222,0.164,0.163,"2012",FALSE,0,0,26,FALSE
" 30","Andrea Bargnani","C",0.619,"TOR",0.378,0.378,0.292,0.202,0.223,0.576,0.085,0.13,0.296,0.182,0.208,0.474,0.519,0.2,0.178,0.873,0.046,0.147,0.112,0.052,0.073,0.04,0.149,0.14,0.213,"2012",FALSE,0,0,23,FALSE
" 31","Matt Barnes","SF",0.738,"LAL",0.768,0.195,0.408,0.169,0.178,0.603,0.114,0.156,0.333,0.134,0.14,0.518,0.569,0.126,0.132,0.742,0.185,0.245,0.225,0.108,0.142,0.128,0.157,0.41,0.173,"2012",FALSE,0,0,41,FALSE
" 34","Tony Battie","C",0.833,"PHI",0.329,0.134,0.083,0.018,0.023,0.497,0,0.001,0,0.02,0.028,0.38,0.414,0.005,0.004,1,0.015,0.059,0.044,0.014,0.016,0.016,0.009,0.07,0.015,"2012",FALSE,0,0,35,FALSE
" 35","Shane Battier","SF",0.786,"MIA",0.793,0.122,0.424,0.109,0.134,0.516,0.154,0.207,0.339,0.053,0.061,0.468,0.548,0.03,0.038,0.622,0.107,0.099,0.102,0.07,0.26,0.088,0.08,0.283,0.11,"2012",FALSE,0,0,46,FALSE
" 36","Nicolas Batum","SF",0.548,"POR",0.72,0.415,0.507,0.279,0.295,0.601,0.266,0.309,0.391,0.189,0.207,0.496,0.593,0.176,0.164,0.836,0.155,0.189,0.177,0.072,0.232,0.16,0.194,0.283,0.289,"2012",FALSE,0,0,28,FALSE
" 37","Jerryd Bayless","PG",0.548,"TOR",0.378,0.134,0.2,0.113,0.127,0.565,0.109,0.117,0.423,0.076,0.097,0.424,0.56,0.099,0.091,0.852,0.015,0.058,0.043,0.101,0.098,0.011,0.114,0.189,0.125,"2012",FALSE,0,0,23,FALSE
" 38","Michael Beasley","SF",0.548,"MIN",0.573,0.085,0.308,0.214,0.229,0.593,0.095,0.114,0.376,0.19,0.223,0.462,0.537,0.081,0.098,0.642,0.075,0.167,0.135,0.039,0.073,0.051,0.172,0.224,0.191,"2012",FALSE,0,0,26,FALSE
" 39","Rodrigue Beaubois","PG",0.548,"DAL",0.646,0.146,0.326,0.182,0.205,0.563,0.095,0.149,0.288,0.156,0.177,0.479,0.517,0.077,0.071,0.841,0.036,0.131,0.099,0.131,0.228,0.074,0.151,0.264,0.167,"2012",FALSE,0,0,36,FALSE
" 40","Marco Belinelli","SG",0.595,"NOH",0.805,0.671,0.556,0.277,0.316,0.556,0.266,0.321,0.377,0.186,0.227,0.445,0.55,0.134,0.133,0.783,0.036,0.152,0.112,0.087,0.195,0.013,0.149,0.31,0.275,"2012",FALSE,0,0,21,FALSE
" 41","Raja Bell","SG",0.833,"UTA",0.415,0.402,0.225,0.078,0.08,0.621,0.085,0.098,0.391,0.049,0.049,0.54,0.626,0.028,0.026,0.84,0.011,0.043,0.032,0.033,0.053,0.005,0.045,0.21,0.077,"2012",FALSE,0,0,36,FALSE
" 43","Mike Bibby","PG",0.786,"NYK",0.476,0.049,0.158,0.034,0.057,0.376,0.067,0.096,0.318,0.008,0.022,0.205,0.434,0.008,0.008,0.75,0.01,0.054,0.039,0.069,0.085,0.008,0.043,0.121,0.036,"2012",FALSE,0,0,36,FALSE
" 45","Chauncey Billups","SG",0.833,"LAC",0.244,0.244,0.172,0.08,0.105,0.485,0.119,0.141,0.384,0.036,0.058,0.34,0.521,0.112,0.098,0.895,0.008,0.046,0.033,0.069,0.037,0.008,0.082,0.108,0.106,"2012",FALSE,0,0,40,FALSE
" 47","DeJuan Blair","PF",0.524,"SAS",0.78,0.756,0.386,0.26,0.232,0.712,0,0.001,0,0.28,0.284,0.535,0.593,0.097,0.122,0.613,0.294,0.196,0.229,0.067,0.24,0.032,0.198,0.453,0.216,"2012",FALSE,0,0,50,FALSE
" 48","Steve Blake","PG",0.738,"LAL",0.646,0.061,0.35,0.098,0.123,0.503,0.132,0.178,0.335,0.05,0.062,0.436,0.529,0.028,0.028,0.778,0.017,0.075,0.056,0.15,0.159,0.005,0.155,0.202,0.097,"2012",FALSE,0,0,41,FALSE
" 49","Andray Blatche","PF",0.595,"WAS",0.317,0.159,0.177,0.09,0.113,0.507,0.005,0.008,0.286,0.095,0.134,0.382,0.427,0.044,0.05,0.673,0.08,0.107,0.098,0.024,0.081,0.045,0.08,0.146,0.078,"2012",FALSE,0,0,20,FALSE
" 50","Eric Bledsoe","PG",0.524,"LAC",0.488,0.012,0.131,0.047,0.058,0.519,0.015,0.034,0.2,0.045,0.054,0.448,0.459,0.037,0.045,0.636,0.042,0.043,0.042,0.057,0.126,0.037,0.101,0.156,0.047,"2012",FALSE,0,0,40,FALSE
" 51","Keith Bogans","SF",0.738,"NJN",0.061,0.012,0.027,0.008,0.01,0.508,0.007,0.014,0.25,0.005,0.005,0.556,0.502,0.003,0.005,0.4,0.01,0.006,0.007,0.003,0.008,0,0.006,0.04,0.007,"2012",FALSE,0,0,22,FALSE
" 52","Andrew Bogut","C",0.643,"MIL",0.146,0.146,0.103,0.059,0.063,0.599,0,0.001,0,0.063,0.076,0.452,0.499,0.019,0.024,0.609,0.042,0.077,0.065,0.027,0.049,0.064,0.052,0.097,0.048,"2012",FALSE,0,0,31,FALSE
" 53","Matt Bonner","PF",0.738,"SAS",0.793,0.024,0.375,0.149,0.161,0.587,0.261,0.282,0.42,0.051,0.056,0.49,0.656,0.021,0.022,0.762,0.055,0.184,0.14,0.052,0.061,0.056,0.03,0.183,0.151,"2012",FALSE,0,0,50,FALSE
" 54","Trevor Booker","PF",0.571,"WAS",0.61,0.39,0.357,0.175,0.157,0.708,0.002,0.002,0.5,0.187,0.191,0.531,0.591,0.074,0.096,0.602,0.228,0.205,0.212,0.034,0.195,0.114,0.125,0.372,0.148,"2012",FALSE,0,0,20,FALSE
" 55","Carlos Boozer","PF",0.714,"CHI",0.805,0.805,0.551,0.433,0.387,0.709,0,0.001,0,0.466,0.474,0.533,0.591,0.126,0.141,0.693,0.218,0.447,0.369,0.107,0.256,0.064,0.248,0.453,0.35,"2012",FALSE,0,0,50,FALSE
" 56","Chris Bosh","PF",0.643,"MIA",0.695,0.695,0.568,0.38,0.371,0.649,0.025,0.04,0.286,0.399,0.435,0.496,0.548,0.303,0.287,0.821,0.18,0.356,0.295,0.088,0.207,0.12,0.252,0.345,0.362,"2012",FALSE,0,0,46,FALSE
" 57","Earl Boykins","PG",0.833,"HOU",0.098,0,0.031,0.012,0.017,0.444,0.005,0.01,0.222,0.01,0.015,0.37,0.401,0.017,0.015,0.867,0,0.011,0.007,0.015,0.004,0,0.015,0.013,0.014,"2012",FALSE,0,0,34,FALSE
" 58","Craig Brackins","PF",0.571,"PHI",0.171,0.012,0.025,0.009,0.015,0.364,0.007,0.01,0.333,0.006,0.014,0.25,0.353,0.001,0.002,0.5,0.01,0.01,0.01,0.007,0,0.003,0.009,0.016,0.008,"2012",FALSE,0,0,35,FALSE
" 59","Avery Bradley","PG",0.5,"BOS",0.78,0.341,0.387,0.193,0.185,0.664,0.055,0.061,0.407,0.185,0.196,0.511,0.583,0.082,0.08,0.795,0.065,0.08,0.075,0.075,0.175,0.032,0.162,0.294,0.171,"2012",FALSE,0,0,39,FALSE
" 60","Elton Brand","C",0.762,"PHI",0.732,0.732,0.49,0.278,0.267,0.659,0,0.001,0,0.299,0.327,0.495,0.549,0.112,0.119,0.733,0.277,0.282,0.28,0.083,0.236,0.258,0.14,0.474,0.233,"2012",FALSE,0,0,35,FALSE
" 61","Corey Brewer","SF",0.595,"DEN",0.72,0.207,0.364,0.194,0.213,0.579,0.082,0.143,0.26,0.175,0.19,0.5,0.522,0.119,0.134,0.692,0.082,0.106,0.098,0.076,0.293,0.045,0.121,0.305,0.185,"2012",FALSE,0,0,38,FALSE
" 62","Ronnie Brewer","SG",0.619,"CHI",0.805,0.524,0.463,0.184,0.205,0.569,0.047,0.078,0.275,0.178,0.212,0.455,0.498,0.074,0.103,0.56,0.138,0.158,0.151,0.118,0.293,0.056,0.127,0.173,0.161,"2012",FALSE,0,0,50,FALSE
" 63","Jon Brockman","PF",0.571,"MIL",0.427,0,0.068,0.015,0.021,0.444,0,0.001,0,0.016,0.025,0.341,0.37,0.009,0.015,0.467,0.063,0.042,0.049,0.008,0.016,0.003,0.022,0.089,0.013,"2012",FALSE,0,0,31,FALSE
" 64","MarShon Brooks","SG",0.548,"NJN",0.683,0.573,0.466,0.265,0.295,0.571,0.117,0.169,0.313,0.236,0.276,0.463,0.517,0.149,0.152,0.764,0.134,0.129,0.131,0.113,0.211,0.04,0.254,0.313,0.25,"2012",FALSE,0,0,22,FALSE
" 65","Derrick Brown","SF",0.571,"CHA",0.793,0.207,0.408,0.205,0.188,0.691,0.015,0.027,0.25,0.214,0.217,0.535,0.584,0.124,0.145,0.667,0.182,0.14,0.154,0.058,0.195,0.032,0.119,0.259,0.185,"2012",FALSE,0,0,7,FALSE
" 67","Shannon Brown","SG",0.619,"PHO",0.72,0.232,0.396,0.243,0.275,0.56,0.169,0.212,0.362,0.19,0.231,0.446,0.53,0.106,0.102,0.808,0.073,0.118,0.103,0.059,0.179,0.04,0.138,0.178,0.23,"2012",FALSE,0,0,33,FALSE
" 68","Kobe Bryant","SG",0.786,"LAL",0.707,0.707,0.632,0.555,0.615,0.573,0.216,0.324,0.303,0.507,0.592,0.464,0.513,0.504,0.464,0.845,0.126,0.245,0.205,0.227,0.28,0.048,0.44,0.283,0.571,"2012",FALSE,2,0.291,41,TRUE
" 69","Chase Budinger","SF",0.548,"HOU",0.707,0.11,0.367,0.201,0.217,0.589,0.219,0.247,0.402,0.125,0.142,0.476,0.594,0.071,0.072,0.771,0.073,0.178,0.142,0.064,0.118,0.019,0.119,0.175,0.197,"2012",FALSE,0,0,34,FALSE
" 70","Alec Burks","SG",0.476,"UTA",0.72,0,0.266,0.148,0.164,0.572,0.037,0.051,0.333,0.144,0.176,0.442,0.5,0.138,0.147,0.727,0.109,0.074,0.086,0.047,0.11,0.013,0.11,0.226,0.15,"2012",FALSE,0,0,36,FALSE
" 71","Caron Butler","SF",0.738,"LAC",0.768,0.768,0.53,0.278,0.324,0.543,0.229,0.29,0.358,0.203,0.253,0.435,0.524,0.115,0.11,0.813,0.084,0.185,0.15,0.067,0.211,0.024,0.166,0.332,0.266,"2012",FALSE,0,0,40,FALSE
" 72","Jimmy Butler","SG",0.524,"CHI",0.512,0,0.102,0.031,0.036,0.54,0.005,0.012,0.182,0.031,0.038,0.441,0.464,0.057,0.058,0.768,0.044,0.033,0.037,0.012,0.045,0.013,0.03,0.054,0.038,"2012",FALSE,0,0,50,FALSE
" 73","Rasual Butler","SF",0.762,"TOR",0.415,0.171,0.128,0.04,0.061,0.411,0.052,0.087,0.273,0.021,0.032,0.357,0.43,0.009,0.012,0.583,0.011,0.06,0.043,0.016,0.028,0.013,0.032,0.105,0.039,"2012",FALSE,0,0,23,FALSE
" 74","Derrick Byars","PF",0.643,"SAS",0.024,0,0.01,0.003,0.005,0.364,0,0.007,0,0.003,0.003,0.6,0.303,0.005,0.004,1,0.011,0.005,0.007,0.001,0.008,0,0,0.005,0.004,"2012",FALSE,0,0,50,FALSE
" 75","Andrew Bynum","C",0.571,"LAL",0.732,0.732,0.598,0.429,0.366,0.744,0.002,0.006,0.2,0.461,0.446,0.56,0.62,0.31,0.348,0.692,0.367,0.513,0.463,0.073,0.11,0.309,0.328,0.28,0.397,"2012",FALSE,0,0,41,FALSE
" 76","Will Bynum","PG",0.69,"DET",0.439,0,0.145,0.072,0.089,0.508,0.017,0.033,0.241,0.07,0.093,0.406,0.443,0.065,0.066,0.766,0.019,0.046,0.037,0.057,0.093,0.008,0.116,0.164,0.072,"2012",FALSE,0,0,25,FALSE
" 77","Jose Calderon","PG",0.714,"TOR",0.646,0.646,0.509,0.211,0.22,0.609,0.147,0.179,0.371,0.165,0.179,0.5,0.577,0.079,0.07,0.882,0.036,0.14,0.105,0.402,0.191,0.008,0.224,0.253,0.196,"2012",FALSE,0,0,23,FALSE
" 79","Brian Cardinal","SF",0.81,"DAL",0.537,0,0.078,0.014,0.025,0.34,0.025,0.055,0.204,0.004,0.003,0.667,0.383,0.007,0.006,0.833,0.008,0.03,0.022,0.014,0.033,0.005,0.017,0.102,0.015,"2012",FALSE,0,0,36,FALSE
" 81","Matt Carroll","SG",0.738,"CHA",0.646,0.024,0.169,0.05,0.072,0.441,0.02,0.049,0.186,0.046,0.064,0.386,0.397,0.04,0.039,0.789,0.015,0.05,0.038,0.033,0.065,0.019,0.052,0.14,0.05,"2012",FALSE,0,0,7,FALSE
" 82","Anthony Carter","PG",0.857,"TOR",0.293,0,0.059,0.016,0.024,0.428,0.012,0.019,0.294,0.012,0.02,0.333,0.409,0.011,0.01,0.8,0.01,0.028,0.022,0.029,0.033,0.011,0.037,0.054,0.017,"2012",FALSE,0,0,23,FALSE
" 83","Vince Carter","SG",0.833,"DAL",0.744,0.488,0.436,0.216,0.249,0.548,0.184,0.231,0.361,0.155,0.19,0.442,0.533,0.126,0.118,0.826,0.061,0.172,0.134,0.119,0.228,0.066,0.181,0.361,0.217,"2012",FALSE,0,0,36,FALSE
" 84","Omri Casspi","SF",0.548,"CLE",0.793,0.427,0.38,0.161,0.19,0.537,0.132,0.19,0.315,0.118,0.138,0.463,0.519,0.098,0.111,0.685,0.12,0.164,0.149,0.057,0.15,0.056,0.138,0.31,0.162,"2012",FALSE,0,0,21,FALSE
" 85","Mario Chalmers","PG",0.595,"MIA",0.78,0.78,0.517,0.216,0.229,0.597,0.251,0.293,0.388,0.127,0.134,0.513,0.61,0.106,0.104,0.792,0.031,0.154,0.112,0.191,0.394,0.029,0.306,0.447,0.221,"2012",FALSE,0,0,46,FALSE
" 86","Tyson Chandler","C",0.69,"NYK",0.756,0.756,0.583,0.233,0.163,0.905,0,0.002,0,0.251,0.199,0.683,0.754,0.287,0.324,0.689,0.405,0.397,0.4,0.048,0.228,0.237,0.22,0.501,0.247,"2012",FALSE,0,0,36,FALSE
" 87","Wilson Chandler","SF",0.571,"DEN",0.098,0.073,0.061,0.03,0.036,0.523,0.007,0.014,0.25,0.029,0.038,0.418,0.457,0.013,0.012,0.833,0.011,0.035,0.027,0.015,0.024,0.016,0.039,0.049,0.026,"2012",FALSE,0,0,38,FALSE
" 88","Josh Childress","SF",0.667,"PHO",0.415,0,0.139,0.046,0.046,0.647,0.01,0.027,0.167,0.046,0.042,0.587,0.561,0,0.002,0,0.059,0.064,0.062,0.029,0.057,0.016,0.019,0.102,0.035,"2012",FALSE,0,0,33,FALSE
" 90","Norris Cole","PG",0.548,"MIA",0.793,0.024,0.357,0.171,0.207,0.524,0.052,0.086,0.276,0.162,0.211,0.417,0.463,0.087,0.087,0.776,0.04,0.07,0.059,0.114,0.179,0.005,0.226,0.334,0.156,"2012",FALSE,0,0,46,FALSE
" 92","Darren Collison","PG",0.571,"IND",0.732,0.683,0.532,0.222,0.241,0.587,0.085,0.106,0.362,0.204,0.242,0.457,0.524,0.168,0.157,0.83,0.057,0.156,0.122,0.247,0.199,0.037,0.246,0.272,0.219,"2012",FALSE,0,0,42,FALSE
" 93","Nick Collison","PF",0.738,"OKC",0.768,0,0.37,0.116,0.092,0.796,0,0.001,0,0.125,0.113,0.6,0.663,0.058,0.064,0.71,0.228,0.154,0.179,0.07,0.134,0.074,0.131,0.412,0.1,"2012",FALSE,0,0,47,FALSE
" 94","Mike Conley","PG",0.571,"MEM",0.756,0.744,0.615,0.286,0.315,0.577,0.149,0.179,0.377,0.246,0.296,0.45,0.53,0.18,0.163,0.861,0.042,0.133,0.102,0.347,0.553,0.029,0.269,0.358,0.278,"2012",FALSE,0,0,41,FALSE
" 96","Daequan Cook","SG",0.571,"OKC",0.695,0.268,0.28,0.105,0.136,0.491,0.197,0.257,0.346,0.031,0.038,0.441,0.558,0.019,0.023,0.636,0.023,0.109,0.08,0.013,0.089,0.029,0.034,0.186,0.11,"2012",FALSE,0,0,47,FALSE
" 97","DeMarcus Cousins","C",0.5,"SAC",0.78,0.756,0.552,0.433,0.46,0.597,0.005,0.016,0.143,0.464,0.556,0.453,0.499,0.347,0.384,0.702,0.507,0.435,0.459,0.088,0.378,0.199,0.366,0.693,0.41,"2012",FALSE,0,0,22,FALSE
" 98","Jamal Crawford","PG",0.738,"POR",0.732,0.073,0.457,0.274,0.339,0.512,0.199,0.293,0.308,0.211,0.269,0.426,0.487,0.253,0.212,0.927,0.031,0.101,0.077,0.164,0.224,0.037,0.239,0.199,0.296,"2012",FALSE,0,0,28,FALSE
" 99","Jordan Crawford","SG",0.548,"WAS",0.78,0.39,0.496,0.338,0.401,0.533,0.197,0.308,0.289,0.281,0.338,0.451,0.496,0.213,0.209,0.793,0.084,0.123,0.11,0.163,0.24,0.013,0.304,0.299,0.331,"2012",FALSE,0,0,20,FALSE
"100","Dante Cunningham","PF",0.571,"MEM",0.78,0.061,0.318,0.139,0.128,0.688,0,0.002,0,0.15,0.156,0.52,0.573,0.06,0.071,0.652,0.174,0.154,0.161,0.032,0.171,0.09,0.062,0.264,0.118,"2012",FALSE,0,0,41,FALSE
"102","Stephen Curry","PG",0.548,"GSW",0.317,0.28,0.207,0.14,0.136,0.653,0.137,0.137,0.455,0.094,0.099,0.514,0.648,0.05,0.048,0.809,0.029,0.072,0.058,0.119,0.159,0.021,0.14,0.167,0.135,"2012",FALSE,0,0,23,FALSE
"103","Samuel Dalembert","C",0.714,"HOU",0.793,0.549,0.409,0.193,0.182,0.675,0,0.001,0,0.208,0.222,0.508,0.562,0.119,0.116,0.796,0.302,0.296,0.298,0.028,0.15,0.295,0.177,0.437,0.173,"2012",FALSE,0,0,34,FALSE
"105","Marquis Daniels","SG",0.738,"BOS",0.463,0,0.137,0.05,0.066,0.485,0,0.011,0,0.054,0.075,0.391,0.404,0.022,0.024,0.739,0.031,0.05,0.043,0.04,0.085,0.024,0.06,0.097,0.043,"2012",FALSE,0,0,39,FALSE
"106","Baron Davis","PG",0.762,"NYK",0.354,0.171,0.168,0.066,0.085,0.493,0.065,0.096,0.306,0.044,0.056,0.424,0.489,0.021,0.025,0.667,0.025,0.043,0.037,0.116,0.138,0.008,0.164,0.164,0.063,"2012",FALSE,0,0,36,FALSE
"107","Ed Davis","PF",0.524,"TOR",0.805,0.11,0.434,0.166,0.154,0.684,0,0.001,0,0.179,0.188,0.515,0.57,0.094,0.109,0.67,0.256,0.302,0.286,0.052,0.163,0.168,0.144,0.42,0.147,"2012",FALSE,0,0,23,FALSE
"108","Glen Davis","PF",0.619,"ORL",0.744,0.159,0.404,0.218,0.246,0.561,0.005,0.016,0.143,0.232,0.293,0.429,0.47,0.151,0.172,0.683,0.205,0.222,0.216,0.04,0.175,0.051,0.162,0.286,0.2,"2012",FALSE,0,0,37,FALSE
"109","Josh Davis","PF",0.738,"MEM",0.183,0,0.037,0.01,0.012,0.493,0.01,0.015,0.308,0.006,0.008,0.429,0.493,0.005,0.008,0.5,0.031,0.011,0.018,0.005,0.028,0.003,0.006,0.051,0.01,"2012",FALSE,0,0,41,FALSE
"111","Austin Daye","SF",0.548,"DET",0.5,0.049,0.171,0.071,0.104,0.429,0.032,0.07,0.21,0.062,0.093,0.364,0.389,0.046,0.044,0.814,0.027,0.076,0.059,0.028,0.089,0.056,0.086,0.167,0.069,"2012",FALSE,0,0,25,FALSE
"112","Carlos Delfino","SF",0.69,"MIL",0.659,0.646,0.435,0.176,0.208,0.536,0.214,0.27,0.36,0.1,0.121,0.449,0.552,0.05,0.049,0.792,0.038,0.187,0.136,0.106,0.321,0.027,0.142,0.267,0.172,"2012",FALSE,0,0,31,FALSE
"113","Luol Deng","SF",0.619,"CHI",0.659,0.659,0.603,0.301,0.347,0.549,0.197,0.243,0.367,0.241,0.305,0.43,0.516,0.168,0.17,0.77,0.147,0.271,0.229,0.135,0.228,0.096,0.207,0.218,0.292,"2012",FALSE,0,0,50,FALSE
"115","DeMar DeRozan","SG",0.524,"TOR",0.768,0.768,0.624,0.368,0.416,0.563,0.06,0.104,0.261,0.371,0.457,0.44,0.483,0.354,0.341,0.81,0.076,0.17,0.138,0.11,0.195,0.045,0.265,0.437,0.372,"2012",FALSE,0,0,23,FALSE
"119","Keyon Dooling","SG",0.738,"BOS",0.561,0.024,0.187,0.064,0.075,0.54,0.067,0.091,0.333,0.041,0.046,0.476,0.542,0.03,0.032,0.742,0.006,0.036,0.025,0.044,0.053,0.005,0.073,0.154,0.064,"2012",FALSE,0,0,39,FALSE
"120","Toney Douglas","PG",0.595,"NYK",0.463,0.11,0.186,0.091,0.133,0.432,0.067,0.132,0.231,0.07,0.098,0.387,0.412,0.029,0.027,0.846,0.031,0.056,0.047,0.066,0.118,0.003,0.121,0.148,0.084,"2012",FALSE,0,0,36,FALSE
"121","Goran Dragic","PG",0.595,"HOU",0.805,0.341,0.496,0.268,0.276,0.616,0.169,0.228,0.337,0.217,0.224,0.525,0.576,0.202,0.195,0.805,0.101,0.114,0.11,0.302,0.346,0.027,0.338,0.447,0.274,"2012",FALSE,0,0,34,FALSE
"122","Jared Dudley","SG",0.619,"PHO",0.793,0.732,0.572,0.302,0.296,0.647,0.199,0.236,0.383,0.241,0.245,0.535,0.608,0.157,0.169,0.726,0.182,0.205,0.197,0.096,0.199,0.051,0.155,0.288,0.291,"2012",FALSE,0,0,33,FALSE
"123","Chris Duhon","PG",0.69,"ORL",0.768,0.11,0.347,0.082,0.093,0.559,0.124,0.134,0.42,0.036,0.047,0.417,0.602,0.022,0.022,0.81,0.027,0.087,0.067,0.13,0.142,0.024,0.175,0.191,0.084,"2012",FALSE,0,0,37,FALSE
"124","Tim Duncan","C",0.833,"SAS",0.707,0.707,0.462,0.349,0.337,0.656,0,0.005,0,0.376,0.411,0.495,0.547,0.229,0.256,0.695,0.21,0.407,0.34,0.113,0.154,0.234,0.209,0.264,0.316,"2012",FALSE,0,0.002,50,TRUE
"125","Mike Dunleavy","SF",0.738,"MIL",0.671,0.037,0.409,0.231,0.232,0.632,0.206,0.235,0.399,0.162,0.167,0.527,0.619,0.153,0.147,0.811,0.055,0.174,0.133,0.101,0.114,0.021,0.125,0.235,0.239,"2012",FALSE,0,0,31,FALSE
"126","Kevin Durant","SF",0.548,"OKC",0.805,0.805,0.721,0.622,0.597,0.661,0.331,0.388,0.387,0.531,0.538,0.535,0.608,0.57,0.515,0.86,0.076,0.484,0.344,0.198,0.358,0.205,0.534,0.358,0.653,"2012",FALSE,24,0.735,47,TRUE
"127","Jerome Dyson","PG",0.571,"NOH",0.11,0.012,0.051,0.018,0.022,0.528,0.002,0.009,0.125,0.019,0.023,0.45,0.451,0.037,0.037,0.778,0.004,0.017,0.012,0.015,0.045,0.005,0.043,0.051,0.024,"2012",FALSE,0,0,21,FALSE
"128","Devin Ebanks","SG",0.524,"LAL",0.293,0.146,0.112,0.036,0.041,0.555,0,0.01,0,0.039,0.045,0.463,0.462,0.03,0.036,0.657,0.05,0.028,0.035,0.01,0.045,0.016,0.039,0.07,0.034,"2012",FALSE,0,0,41,FALSE
"129","Wayne Ellington","SG",0.571,"MIN",0.622,0.049,0.275,0.118,0.139,0.539,0.087,0.122,0.324,0.091,0.109,0.448,0.513,0.042,0.041,0.8,0.027,0.084,0.065,0.028,0.106,0.027,0.056,0.151,0.11,"2012",FALSE,0,0,26,FALSE
"132","Andre Emmett","SF",0.69,"NJN",0.073,0,0.013,0.004,0.003,0.761,0,0.001,0,0.004,0.003,0.667,0.634,0.007,0.008,0.625,0.004,0.004,0.004,0.001,0.008,0.003,0.004,0.005,0.005,"2012",FALSE,0,0,22,FALSE
"134","Jeremy Evans","SF",0.571,"UTA",0.354,0,0.061,0.026,0.019,0.857,0,0.001,0,0.028,0.023,0.659,0.714,0.011,0.016,0.5,0.036,0.031,0.033,0.011,0.024,0.064,0.011,0.062,0.022,"2012",FALSE,0,0,36,FALSE
"135","Maurice Evans","SF",0.786,"WAS",0.293,0,0.097,0.044,0.052,0.536,0.042,0.051,0.378,0.029,0.038,0.418,0.531,0.013,0.013,0.769,0.015,0.016,0.016,0.008,0.057,0,0.022,0.097,0.041,"2012",FALSE,0,0,20,FALSE
"137","Tyreke Evans","SG",0.524,"SAC",0.768,0.744,0.612,0.395,0.414,0.604,0.05,0.112,0.202,0.404,0.452,0.484,0.516,0.266,0.265,0.779,0.122,0.223,0.189,0.243,0.341,0.077,0.369,0.367,0.366,"2012",FALSE,0,0,22,FALSE
"140","Jordan Farmar","PG",0.595,"NJN",0.476,0.061,0.235,0.142,0.145,0.623,0.137,0.141,0.44,0.096,0.107,0.484,0.616,0.075,0.065,0.905,0.013,0.054,0.04,0.111,0.098,0.005,0.147,0.132,0.143,"2012",FALSE,0,0,22,FALSE
"142","Raymond Felton","PG",0.643,"POR",0.732,0.683,0.539,0.252,0.295,0.543,0.154,0.229,0.305,0.207,0.248,0.453,0.506,0.132,0.128,0.806,0.052,0.121,0.097,0.335,0.317,0.027,0.366,0.329,0.242,"2012",FALSE,0,0,28,FALSE
"143","Rudy Fernandez","SG",0.619,"DEN",0.378,0.012,0.201,0.096,0.104,0.587,0.1,0.138,0.328,0.061,0.058,0.573,0.588,0.04,0.044,0.698,0.017,0.056,0.042,0.064,0.126,0.008,0.086,0.1,0.095,"2012",FALSE,0,0,38,FALSE
"145","Landry Fields","SG",0.548,"NYK",0.805,0.756,0.536,0.228,0.236,0.613,0.077,0.137,0.256,0.213,0.221,0.523,0.544,0.102,0.141,0.562,0.113,0.217,0.182,0.145,0.321,0.045,0.22,0.267,0.205,"2012",FALSE,0,0,36,FALSE
"149","Gary Forbes","SG",0.619,"TOR",0.585,0.024,0.202,0.108,0.125,0.551,0.072,0.094,0.349,0.086,0.106,0.441,0.519,0.087,0.094,0.725,0.052,0.074,0.067,0.046,0.098,0.011,0.116,0.151,0.113,"2012",FALSE,0,0,23,FALSE
"150","T.J. Ford","PG",0.667,"SAS",0.171,0,0.054,0.018,0.02,0.589,0.005,0.009,0.25,0.018,0.02,0.486,0.517,0.015,0.014,0.786,0.006,0.015,0.012,0.039,0.037,0.005,0.05,0.062,0.018,"2012",FALSE,0,0,50,FALSE
"152","Jeff Foster","C",0.833,"IND",0.134,0,0.04,0.009,0.008,0.667,0.002,0.001,1,0.008,0.01,0.471,0.587,0.008,0.009,0.667,0.034,0.024,0.027,0.003,0.033,0.003,0.015,0.07,0.009,"2012",FALSE,0,0,42,FALSE
"153","Randy Foye","SG",0.667,"LAC",0.793,0.585,0.476,0.248,0.296,0.531,0.316,0.371,0.386,0.134,0.178,0.41,0.551,0.097,0.087,0.859,0.048,0.112,0.09,0.125,0.187,0.064,0.157,0.35,0.251,"2012",FALSE,0,0,40,FALSE
"154","Jimmer Fredette","PG",0.524,"SAC",0.744,0.085,0.321,0.166,0.205,0.515,0.194,0.244,0.361,0.098,0.13,0.409,0.526,0.053,0.049,0.833,0.033,0.056,0.048,0.093,0.122,0.008,0.144,0.197,0.163,"2012",FALSE,0,0,22,FALSE
"155","Channing Frye","PF",0.667,"PHO",0.78,0.72,0.472,0.247,0.282,0.555,0.226,0.297,0.346,0.171,0.197,0.469,0.544,0.097,0.084,0.89,0.136,0.306,0.248,0.076,0.171,0.186,0.136,0.474,0.238,"2012",FALSE,0,0,33,FALSE
"157","Sundiata Gaines","SG",0.595,"NJN",0.695,0.146,0.224,0.099,0.125,0.501,0.07,0.093,0.341,0.077,0.107,0.392,0.476,0.078,0.099,0.615,0.052,0.08,0.071,0.108,0.224,0.005,0.112,0.156,0.103,"2012",FALSE,0,0,22,FALSE
"158","Danilo Gallinari","SF",0.548,"DEN",0.524,0.488,0.382,0.187,0.214,0.552,0.149,0.207,0.328,0.138,0.16,0.47,0.532,0.241,0.215,0.871,0.054,0.173,0.132,0.1,0.171,0.061,0.147,0.232,0.222,"2012",FALSE,0,0,38,FALSE
"159","Francisco Garcia","SF",0.714,"SAC",0.598,0.037,0.226,0.083,0.105,0.501,0.095,0.148,0.29,0.05,0.055,0.49,0.51,0.032,0.031,0.8,0.021,0.087,0.065,0.027,0.146,0.098,0.047,0.197,0.083,"2012",FALSE,0,0,22,FALSE
"160","Kevin Garnett","C",0.833,"BOS",0.732,0.732,0.528,0.378,0.358,0.671,0.007,0.01,0.333,0.404,0.433,0.505,0.561,0.214,0.194,0.857,0.126,0.425,0.323,0.15,0.228,0.162,0.231,0.38,0.334,"2012",FALSE,0,0,39,FALSE
"161","Marc Gasol","C",0.643,"MEM",0.793,0.793,0.671,0.345,0.341,0.643,0.002,0.014,0.083,0.37,0.411,0.489,0.537,0.313,0.326,0.748,0.229,0.456,0.378,0.175,0.252,0.322,0.261,0.542,0.336,"2012",FALSE,0,0,41,FALSE
"162","Pau Gasol","PF",0.738,"LAL",0.793,0.793,0.688,0.444,0.422,0.668,0.017,0.03,0.259,0.47,0.502,0.508,0.56,0.27,0.269,0.782,0.35,0.492,0.443,0.204,0.15,0.234,0.306,0.342,0.399,"2012",FALSE,0,0,41,FALSE
"163","Rudy Gay","SF",0.595,"MEM",0.793,0.793,0.686,0.469,0.491,0.607,0.134,0.195,0.312,0.448,0.504,0.482,0.533,0.275,0.271,0.791,0.249,0.285,0.273,0.126,0.386,0.146,0.347,0.372,0.435,"2012",FALSE,0,0,41,FALSE
"164","Alonzo Gee","SG",0.571,"CLE",0.768,0.378,0.517,0.22,0.254,0.549,0.109,0.155,0.321,0.19,0.234,0.442,0.502,0.221,0.218,0.788,0.193,0.219,0.21,0.097,0.337,0.045,0.246,0.402,0.235,"2012",FALSE,0,0,21,FALSE
"165","Paul George","SG",0.5,"IND",0.805,0.805,0.554,0.272,0.294,0.587,0.224,0.264,0.385,0.199,0.228,0.472,0.567,0.193,0.187,0.802,0.107,0.312,0.242,0.136,0.439,0.101,0.252,0.515,0.282,"2012",FALSE,0,0,42,FALSE
"166","Daniel Gibson","SG",0.595,"CLE",0.427,0.085,0.259,0.084,0.114,0.468,0.137,0.157,0.396,0.033,0.061,0.294,0.513,0.045,0.044,0.791,0.021,0.089,0.066,0.065,0.106,0.043,0.097,0.186,0.093,"2012",FALSE,0,0,21,FALSE
"168","Manu Ginobili","SG",0.81,"SAS",0.415,0.085,0.224,0.145,0.131,0.701,0.129,0.142,0.413,0.102,0.09,0.616,0.687,0.116,0.104,0.871,0.034,0.097,0.076,0.13,0.098,0.032,0.138,0.151,0.155,"2012",FALSE,0,0,50,FALSE
"170","Ryan Gomes","SF",0.69,"LAC",0.39,0.024,0.12,0.03,0.044,0.435,0.01,0.033,0.138,0.028,0.037,0.409,0.386,0.011,0.011,0.727,0.027,0.047,0.04,0.01,0.065,0,0.032,0.092,0.026,"2012",FALSE,0,0,40,FALSE
"171","Drew Gooden","C",0.714,"MIL",0.683,0.561,0.416,0.278,0.302,0.583,0.04,0.062,0.291,0.282,0.34,0.45,0.499,0.233,0.214,0.846,0.249,0.231,0.237,0.124,0.187,0.09,0.235,0.302,0.27,"2012",FALSE,0,0,31,FALSE
"172","Ben Gordon","SG",0.667,"DET",0.634,0.256,0.396,0.226,0.244,0.589,0.157,0.166,0.429,0.178,0.216,0.446,0.557,0.155,0.14,0.86,0.027,0.106,0.079,0.109,0.138,0.029,0.248,0.307,0.229,"2012",FALSE,0,0,25,FALSE
"173","Eric Gordon","PG",0.548,"NOH",0.11,0.11,0.088,0.061,0.064,0.6,0.025,0.045,0.25,0.055,0.056,0.53,0.54,0.065,0.067,0.754,0.004,0.023,0.016,0.027,0.053,0.011,0.052,0.054,0.065,"2012",FALSE,0,0,21,FALSE
"174","Marcin Gortat","C",0.643,"PHO",0.805,0.805,0.598,0.413,0.354,0.74,0,0.002,0,0.444,0.433,0.557,0.617,0.216,0.258,0.649,0.354,0.471,0.431,0.051,0.195,0.263,0.194,0.383,0.359,"2012",FALSE,0,0,33,FALSE
"175","Andrew Goudelock","SG",0.548,"LAL",0.488,0,0.119,0.066,0.08,0.521,0.07,0.085,0.373,0.042,0.056,0.404,0.523,0.015,0.012,0.917,0.01,0.026,0.02,0.017,0.016,0,0.045,0.086,0.062,"2012",FALSE,0,0,41,FALSE
"176","Danny Granger","SF",0.667,"IND",0.756,0.756,0.584,0.378,0.433,0.555,0.306,0.365,0.381,0.279,0.349,0.434,0.534,0.336,0.299,0.873,0.151,0.226,0.201,0.094,0.252,0.106,0.237,0.388,0.409,"2012",FALSE,0,0,42,FALSE
"178","Danny Green","SG",0.571,"SAS",0.805,0.463,0.431,0.204,0.22,0.589,0.254,0.264,0.436,0.113,0.137,0.449,0.61,0.104,0.103,0.79,0.103,0.173,0.149,0.074,0.236,0.122,0.144,0.288,0.213,"2012",FALSE,0,0,50,FALSE
"179","Gerald Green","SF",0.619,"NJN",0.378,0.024,0.221,0.149,0.147,0.641,0.107,0.124,0.391,0.116,0.118,0.529,0.609,0.065,0.067,0.754,0.029,0.092,0.071,0.029,0.114,0.045,0.119,0.216,0.141,"2012",FALSE,0,0,22,FALSE
"180","Willie Green","SG",0.714,"ATL",0.646,0.024,0.261,0.148,0.15,0.628,0.124,0.128,0.442,0.107,0.12,0.486,0.609,0.063,0.058,0.857,0.029,0.065,0.052,0.034,0.093,0.016,0.071,0.199,0.143,"2012",FALSE,0,0,40,FALSE
"181","Donte Greene","PF",0.548,"SAC",0.646,0.085,0.22,0.104,0.122,0.541,0.062,0.119,0.238,0.086,0.091,0.516,0.503,0.058,0.057,0.8,0.036,0.113,0.087,0.029,0.073,0.077,0.069,0.181,0.101,"2012",FALSE,0,0,22,FALSE
"182","Blake Griffin","PF",0.524,"LAC",0.805,0.805,0.677,0.543,0.47,0.732,0.005,0.018,0.125,0.582,0.567,0.556,0.611,0.323,0.481,0.521,0.417,0.496,0.469,0.18,0.22,0.128,0.323,0.582,0.483,"2012",FALSE,0,0,40,FALSE
"183","Hamed Haddadi","C",0.619,"MEM",0.427,0,0.058,0.025,0.022,0.723,0,0.001,0,0.027,0.027,0.553,0.602,0.024,0.027,0.692,0.054,0.043,0.046,0.007,0.004,0.069,0.045,0.116,0.025,"2012",FALSE,0,0,41,FALSE
"184","Jordan Hamilton","SF",0.5,"DEN",0.317,0.024,0.073,0.046,0.051,0.576,0.042,0.053,0.362,0.032,0.036,0.484,0.566,0.003,0.005,0.4,0.021,0.051,0.041,0.017,0.016,0.008,0.034,0.04,0.041,"2012",FALSE,0,0,38,FALSE
"185","Richard Hamilton","SG",0.786,"CHI",0.341,0.341,0.197,0.135,0.143,0.603,0.042,0.052,0.37,0.128,0.149,0.466,0.532,0.038,0.038,0.784,0.038,0.046,0.043,0.072,0.049,0.003,0.106,0.151,0.115,"2012",FALSE,0,0,50,FALSE
"186","Tyler Hansbrough","PF",0.619,"IND",0.805,0,0.408,0.188,0.22,0.54,0,0.001,0,0.202,0.27,0.406,0.45,0.299,0.286,0.813,0.216,0.176,0.19,0.026,0.22,0.024,0.14,0.429,0.217,"2012",FALSE,0,0,42,FALSE
"187","Luke Harangody","PF",0.571,"CLE",0.256,0.012,0.065,0.022,0.03,0.472,0.012,0.024,0.238,0.019,0.025,0.409,0.436,0.012,0.012,0.75,0.038,0.033,0.035,0.005,0.024,0.008,0.009,0.046,0.021,"2012",FALSE,0,0,21,FALSE
"188","James Harden","SG",0.524,"OKC",0.756,0.024,0.551,0.299,0.289,0.655,0.284,0.33,0.39,0.203,0.19,0.579,0.647,0.413,0.38,0.846,0.057,0.22,0.165,0.197,0.252,0.04,0.295,0.404,0.369,"2012",FALSE,0,0,47,FALSE
"189","Justin Harper","PF",0.524,"ORL",0.171,0,0.024,0.009,0.014,0.387,0.005,0.015,0.154,0.007,0.01,0.389,0.359,0,0.001,0,0.006,0.009,0.008,0.002,0.008,0.008,0.013,0.013,0.007,"2012",FALSE,0,0,37,FALSE
"190","Josh Harrellson","PF",0.524,"NYK",0.451,0.049,0.153,0.061,0.069,0.564,0.05,0.067,0.339,0.045,0.051,0.478,0.544,0.021,0.027,0.615,0.09,0.096,0.094,0.009,0.093,0.053,0.043,0.129,0.057,"2012",FALSE,0,0,36,FALSE
"191","Al Harrington","PF",0.738,"DEN",0.78,0.012,0.498,0.334,0.356,0.595,0.251,0.342,0.333,0.254,0.265,0.519,0.569,0.157,0.181,0.676,0.138,0.316,0.255,0.076,0.236,0.032,0.241,0.488,0.321,"2012",FALSE,0,0,38,FALSE
"192","Devin Harris","PG",0.667,"UTA",0.768,0.768,0.493,0.233,0.249,0.593,0.192,0.24,0.362,0.171,0.186,0.498,0.573,0.206,0.215,0.746,0.023,0.099,0.073,0.271,0.26,0.035,0.263,0.367,0.252,"2012",FALSE,0,0,36,FALSE
"193","Manny Harris","SG",0.524,"CLE",0.317,0.061,0.129,0.058,0.069,0.533,0.03,0.041,0.333,0.05,0.064,0.421,0.489,0.054,0.061,0.695,0.021,0.059,0.046,0.027,0.053,0.016,0.058,0.075,0.061,"2012",FALSE,0,0,21,FALSE
"194","Terrel Harris","SG",0.571,"MIA",0.268,0.012,0.09,0.028,0.038,0.465,0.02,0.044,0.205,0.022,0.025,0.477,0.442,0.019,0.022,0.667,0.034,0.033,0.033,0.022,0.037,0.005,0.054,0.092,0.028,"2012",FALSE,0,0,46,FALSE
"195","Tobias Harris","SF",0.452,"MIL",0.512,0.11,0.136,0.076,0.078,0.623,0.015,0.026,0.261,0.076,0.082,0.5,0.539,0.058,0.056,0.815,0.057,0.071,0.066,0.019,0.053,0.019,0.067,0.121,0.073,"2012",FALSE,0,0,31,FALSE
"197","Spencer Hawes","C",0.548,"PHI",0.451,0.354,0.26,0.151,0.147,0.652,0.007,0.014,0.25,0.159,0.173,0.498,0.549,0.053,0.057,0.727,0.149,0.191,0.176,0.084,0.065,0.128,0.119,0.27,0.125,"2012",FALSE,0,0,35,FALSE
"198","Chuck Hayes","C",0.667,"SAC",0.659,0.11,0.294,0.071,0.078,0.572,0,0.002,0,0.076,0.095,0.435,0.477,0.034,0.04,0.667,0.138,0.161,0.153,0.066,0.146,0.045,0.108,0.299,0.061,"2012",FALSE,0,0,22,FALSE
"199","Gordon Hayward","SF",0.5,"UTA",0.805,0.707,0.57,0.258,0.27,0.608,0.137,0.179,0.346,0.221,0.241,0.496,0.559,0.255,0.239,0.832,0.113,0.17,0.15,0.178,0.215,0.109,0.235,0.286,0.276,"2012",FALSE,0,0,36,FALSE
"200","Lazar Hayward","SF",0.595,"OKC",0.317,0,0.04,0.013,0.017,0.456,0.01,0.016,0.286,0.009,0.014,0.375,0.439,0.009,0.012,0.583,0.004,0.014,0.01,0.003,0.012,0.003,0.019,0.049,0.013,"2012",FALSE,0,0,47,FALSE
"202","Gerald Henderson","SG",0.571,"CHA",0.671,0.671,0.518,0.321,0.333,0.612,0.027,0.053,0.234,0.334,0.381,0.475,0.519,0.205,0.21,0.76,0.122,0.16,0.147,0.108,0.199,0.053,0.216,0.345,0.293,"2012",FALSE,0,0,7,FALSE
"203","Xavier Henry","SG",0.476,"NOH",0.549,0,0.215,0.087,0.105,0.527,0.017,0.019,0.412,0.086,0.119,0.393,0.456,0.069,0.087,0.612,0.046,0.081,0.069,0.03,0.106,0.021,0.075,0.159,0.084,"2012",FALSE,0,0,21,FALSE
"204","Roy Hibbert","C",0.595,"IND",0.793,0.793,0.548,0.321,0.307,0.663,0,0.001,0,0.345,0.376,0.498,0.552,0.225,0.246,0.711,0.407,0.357,0.374,0.093,0.13,0.34,0.276,0.526,0.294,"2012",FALSE,0,0,42,FALSE
"206","Cory Higgins","PG",0.524,"CHA",0.463,0,0.12,0.05,0.074,0.433,0.01,0.023,0.2,0.05,0.079,0.343,0.376,0.056,0.062,0.7,0.013,0.028,0.023,0.031,0.02,0.016,0.084,0.108,0.053,"2012",FALSE,0,0,7,FALSE
"208","George Hill","PG",0.595,"IND",0.61,0.11,0.361,0.162,0.175,0.589,0.134,0.166,0.367,0.119,0.131,0.489,0.57,0.12,0.12,0.778,0.059,0.119,0.099,0.125,0.171,0.045,0.112,0.264,0.17,"2012",FALSE,0,0,42,FALSE
"209","Grant Hill","SF",0.929,"PHO",0.598,0.561,0.39,0.194,0.208,0.595,0.035,0.06,0.264,0.195,0.224,0.47,0.512,0.11,0.112,0.761,0.055,0.141,0.112,0.092,0.167,0.077,0.14,0.237,0.176,"2012",FALSE,0,0,33,FALSE
"211","Kirk Hinrich","SG",0.738,"ATL",0.585,0.378,0.35,0.118,0.136,0.552,0.117,0.153,0.346,0.078,0.09,0.472,0.548,0.033,0.033,0.781,0.021,0.089,0.066,0.113,0.154,0.029,0.125,0.27,0.112,"2012",FALSE,0,0,40,FALSE
"213","Jrue Holiday","PG",0.5,"PHI",0.793,0.793,0.622,0.348,0.384,0.576,0.162,0.193,0.38,0.307,0.374,0.445,0.523,0.124,0.123,0.783,0.109,0.154,0.139,0.249,0.419,0.048,0.291,0.369,0.31,"2012",FALSE,0,0,35,FALSE
"215","Tyler Honeycutt","SF",0.5,"SAC",0.183,0,0.025,0.008,0.011,0.444,0.002,0.003,0.333,0.007,0.012,0.333,0.393,0.004,0.005,0.6,0.006,0.011,0.009,0.006,0.016,0.008,0.004,0.008,0.007,"2012",FALSE,0,0,22,FALSE
"216","Al Horford","C",0.595,"ATL",0.134,0.134,0.098,0.055,0.047,0.737,0,0.001,0,0.059,0.058,0.559,0.614,0.029,0.031,0.733,0.05,0.051,0.05,0.021,0.041,0.037,0.034,0.057,0.048,"2012",FALSE,0,0,40,FALSE
"217","Dennis Horner","PF",0.548,"NJN",0.098,0,0.006,0.001,0.002,0.333,0,0.001,0,0.001,0.002,0.333,0.278,0.004,0.004,0.75,0.004,0.003,0.003,0,0,0,0.002,0.003,0.002,"2012",FALSE,0,0,22,FALSE
"218","Dwight Howard","C",0.619,"ORL",0.659,0.659,0.586,0.402,0.334,0.764,0,0.008,0,0.433,0.406,0.579,0.637,0.372,0.588,0.491,0.382,0.581,0.513,0.089,0.329,0.309,0.377,0.429,0.393,"2012",FALSE,0,0.011,37,TRUE
"219","Josh Howard","SF",0.738,"UTA",0.524,0.22,0.28,0.139,0.166,0.532,0.022,0.042,0.243,0.14,0.183,0.417,0.457,0.099,0.1,0.773,0.075,0.118,0.103,0.043,0.13,0.027,0.114,0.245,0.131,"2012",FALSE,0,0,36,FALSE
"222","Larry Hughes","PG",0.786,"ORL",0.11,0,0.032,0.005,0.01,0.303,0.002,0.008,0.143,0.004,0.008,0.267,0.278,0.001,0.002,0.5,0.002,0.004,0.003,0.006,0.008,0,0.026,0.027,0.004,"2012",FALSE,0,0,37,FALSE
"224","Serge Ibaka","PF",0.524,"OKC",0.805,0.805,0.507,0.253,0.225,0.713,0.002,0.003,0.333,0.272,0.275,0.536,0.596,0.103,0.121,0.661,0.369,0.303,0.325,0.024,0.134,0.641,0.17,0.482,0.213,"2012",FALSE,0,0,47,FALSE
"225","Andre Iguodala","SF",0.667,"PHI",0.756,0.756,0.625,0.278,0.291,0.605,0.189,0.218,0.394,0.22,0.248,0.481,0.571,0.16,0.202,0.617,0.107,0.323,0.249,0.291,0.435,0.08,0.248,0.248,0.272,"2012",FALSE,0,0,35,FALSE
"226","Ersan Ilyasova","PF",0.571,"MIL",0.732,0.5,0.468,0.284,0.275,0.656,0.127,0.126,0.455,0.253,0.274,0.501,0.594,0.189,0.188,0.781,0.375,0.331,0.346,0.061,0.171,0.117,0.164,0.358,0.276,"2012",FALSE,0,0,31,FALSE
"227","Kyrie Irving","PG",0.452,"CLE",0.622,0.622,0.441,0.338,0.344,0.625,0.182,0.207,0.399,0.288,0.318,0.491,0.574,0.226,0.202,0.872,0.084,0.146,0.125,0.236,0.22,0.053,0.345,0.296,0.333,"2012",FALSE,0,0,21,FALSE
"228","Royal Ivey","SG",0.714,"OKC",0.415,0,0.1,0.025,0.034,0.475,0.045,0.06,0.34,0.008,0.011,0.4,0.532,0.001,0.008,0.125,0.002,0.023,0.016,0.009,0.057,0,0.019,0.097,0.025,"2012",FALSE,0,0,47,FALSE
"229","Jarrett Jack","PG",0.667,"NOH",0.549,0.476,0.433,0.257,0.268,0.608,0.097,0.126,0.348,0.236,0.266,0.482,0.544,0.171,0.152,0.872,0.044,0.152,0.115,0.245,0.126,0.024,0.228,0.251,0.247,"2012",FALSE,0,0,21,FALSE
"230","Reggie Jackson","PG",0.5,"OKC",0.549,0,0.142,0.049,0.073,0.428,0.032,0.07,0.21,0.04,0.055,0.392,0.402,0.033,0.03,0.862,0.027,0.039,0.035,0.061,0.102,0.003,0.078,0.084,0.049,"2012",FALSE,0,0,47,FALSE
"232","Damion James","SF",0.571,"NJN",0.085,0.085,0.048,0.013,0.016,0.495,0,0.001,0,0.014,0.019,0.382,0.412,0.011,0.012,0.667,0.013,0.026,0.022,0.003,0.028,0.019,0.026,0.046,0.012,"2012",FALSE,0,0,22,FALSE
"233","LeBron James","SF",0.643,"MIA",0.756,0.756,0.658,0.601,0.538,0.708,0.134,0.168,0.362,0.59,0.575,0.556,0.616,0.512,0.516,0.771,0.18,0.395,0.322,0.332,0.467,0.133,0.459,0.259,0.594,"2012",TRUE,85,0.888,46,TRUE
"234","Mike James","PG",0.857,"CHI",0.134,0,0.034,0.019,0.023,0.544,0.015,0.011,0.6,0.015,0.022,0.359,0.521,0.009,0.008,0.875,0.004,0.008,0.007,0.025,0.016,0.005,0.03,0.054,0.019,"2012",FALSE,0,0,50,FALSE
"235","Antawn Jamison","PF",0.833,"CLE",0.793,0.793,0.609,0.407,0.48,0.537,0.226,0.301,0.341,0.343,0.438,0.425,0.497,0.245,0.279,0.683,0.235,0.283,0.267,0.113,0.207,0.114,0.194,0.442,0.395,"2012",FALSE,0,0,21,FALSE
"236","Al Jefferson","C",0.643,"UTA",0.744,0.744,0.587,0.499,0.482,0.656,0.002,0.005,0.25,0.536,0.589,0.493,0.548,0.181,0.182,0.774,0.254,0.449,0.382,0.115,0.191,0.269,0.134,0.418,0.413,"2012",FALSE,0,0,36,FALSE
"238","Jared Jeffries","PF",0.714,"NYK",0.476,0.049,0.206,0.057,0.066,0.547,0.007,0.018,0.188,0.058,0.072,0.438,0.467,0.065,0.074,0.681,0.132,0.082,0.099,0.022,0.118,0.066,0.062,0.24,0.06,"2012",FALSE,0,0,36,FALSE
"239","Charles Jenkins","PG",0.524,"GSW",0.622,0.341,0.253,0.126,0.134,0.596,0.007,0.023,0.15,0.132,0.153,0.469,0.502,0.045,0.04,0.872,0.015,0.06,0.044,0.146,0.134,0.016,0.129,0.229,0.105,"2012",FALSE,0,0,23,FALSE
"240","Brandon Jennings","PG",0.524,"MIL",0.805,0.805,0.66,0.454,0.516,0.557,0.321,0.438,0.332,0.354,0.413,0.464,0.529,0.255,0.246,0.808,0.094,0.176,0.148,0.314,0.423,0.059,0.315,0.307,0.445,"2012",FALSE,0,0,31,FALSE
"241","Jonas Jerebko","PF",0.571,"DET",0.78,0.159,0.416,0.205,0.208,0.624,0.08,0.12,0.302,0.187,0.196,0.519,0.559,0.132,0.128,0.806,0.184,0.211,0.201,0.037,0.167,0.056,0.142,0.437,0.196,"2012",FALSE,0,0,25,FALSE
"242","Yi Jianlian","PF",0.571,"DAL",0.366,0,0.057,0.03,0.038,0.504,0.007,0.011,0.3,0.029,0.041,0.389,0.44,0.019,0.022,0.667,0.023,0.037,0.032,0.004,0.028,0.021,0.03,0.062,0.028,"2012",FALSE,0,0,36,FALSE
"243","Amir Johnson","PF",0.571,"TOR",0.78,0.524,0.44,0.19,0.156,0.768,0.005,0.006,0.4,0.202,0.189,0.579,0.643,0.077,0.086,0.69,0.285,0.257,0.267,0.068,0.134,0.184,0.203,0.563,0.16,"2012",FALSE,0,0,23,FALSE
"245","Carldell Johnson","PG",0.69,"NOH",0.183,0,0.034,0.011,0.016,0.419,0.01,0.017,0.267,0.007,0.011,0.35,0.412,0.001,0.003,0.333,0.002,0.008,0.006,0.019,0.033,0,0.015,0.03,0.01,"2012",FALSE,0,0,21,FALSE
"247","Ivan Johnson","PF",0.643,"ATL",0.683,0,0.264,0.136,0.127,0.684,0.005,0.007,0.333,0.145,0.152,0.517,0.573,0.095,0.103,0.72,0.124,0.16,0.148,0.027,0.175,0.048,0.149,0.313,0.126,"2012",FALSE,0,0,40,FALSE
"249","James Johnson","SF",0.571,"TOR",0.756,0.488,0.442,0.225,0.238,0.6,0.047,0.068,0.317,0.223,0.258,0.467,0.52,0.107,0.118,0.704,0.141,0.216,0.191,0.105,0.289,0.223,0.218,0.477,0.2,"2012",FALSE,0,0,23,FALSE
"250","Joe Johnson","SG",0.714,"ATL",0.732,0.732,0.602,0.409,0.428,0.605,0.311,0.363,0.388,0.31,0.343,0.489,0.579,0.209,0.191,0.849,0.101,0.167,0.144,0.199,0.195,0.035,0.25,0.202,0.399,"2012",FALSE,0,0.001,40,TRUE
"252","Wesley Johnson","SF",0.571,"MIN",0.793,0.78,0.416,0.153,0.183,0.531,0.132,0.191,0.314,0.109,0.129,0.461,0.517,0.032,0.035,0.706,0.046,0.152,0.116,0.051,0.142,0.128,0.129,0.31,0.139,"2012",FALSE,0,0,26,FALSE
"253","Dahntay Jones","SF",0.738,"IND",0.793,0.037,0.298,0.111,0.129,0.545,0.082,0.087,0.429,0.085,0.115,0.402,0.52,0.11,0.102,0.838,0.044,0.093,0.076,0.054,0.093,0.029,0.099,0.321,0.122,"2012",FALSE,0,0,42,FALSE
"254","Dominique Jones","SG",0.548,"DAL",0.402,0.012,0.076,0.028,0.034,0.529,0.002,0.009,0.125,0.029,0.037,0.431,0.449,0.038,0.038,0.784,0.017,0.035,0.029,0.036,0.041,0.013,0.06,0.075,0.031,"2012",FALSE,0,0,36,FALSE
"255","James Jones","SG",0.738,"MIA",0.622,0.122,0.189,0.055,0.069,0.507,0.114,0.129,0.404,0.011,0.02,0.306,0.592,0.033,0.031,0.833,0.011,0.043,0.032,0.016,0.069,0.024,0.022,0.121,0.065,"2012",FALSE,0,0,46,FALSE
"257","DeAndre Jordan","C",0.548,"LAC",0.805,0.805,0.509,0.199,0.15,0.843,0,0.001,0,0.214,0.183,0.634,0.702,0.098,0.145,0.525,0.386,0.342,0.357,0.015,0.122,0.356,0.159,0.509,0.172,"2012",FALSE,0,0,40,FALSE
"259","Cory Joseph","PG",0.476,"SAS",0.354,0.012,0.075,0.021,0.032,0.419,0.007,0.017,0.2,0.02,0.031,0.345,0.373,0.015,0.017,0.647,0.01,0.02,0.016,0.029,0.028,0.008,0.026,0.043,0.02,"2012",FALSE,0,0,50,FALSE
"261","Enes Kanter","C",0.452,"UTA",0.805,0,0.247,0.113,0.109,0.661,0,0.001,0,0.122,0.133,0.498,0.551,0.093,0.108,0.667,0.205,0.17,0.182,0.007,0.073,0.061,0.116,0.235,0.107,"2012",FALSE,0,0,36,FALSE
"262","Jason Kapono","SG",0.714,"LAL",0.329,0,0.076,0.02,0.025,0.509,0.02,0.03,0.296,0.014,0.016,0.464,0.506,0.005,0.004,1,0.004,0.012,0.009,0.009,0.012,0,0.013,0.057,0.019,"2012",FALSE,0,0,41,FALSE
"263","D.J. Kennedy","SF",0.524,"CLE",0.024,0,0.017,0.005,0.006,0.556,0.005,0.005,0.5,0.003,0.005,0.375,0.556,0,0.002,0,0.002,0.006,0.005,0.003,0.008,0,0.006,0.019,0.004,"2012",FALSE,0,0,21,FALSE
"264","Jason Kidd","PG",0.905,"DAL",0.585,0.585,0.39,0.096,0.126,0.484,0.197,0.252,0.354,0.021,0.028,0.4,0.563,0.029,0.029,0.786,0.029,0.182,0.129,0.227,0.333,0.027,0.196,0.224,0.106,"2012",FALSE,0,0,36,FALSE
"265","Linas Kleiza","SF",0.643,"TOR",0.598,0.037,0.299,0.16,0.189,0.536,0.154,0.202,0.346,0.107,0.13,0.446,0.531,0.107,0.103,0.81,0.08,0.156,0.13,0.04,0.093,0.011,0.138,0.321,0.167,"2012",FALSE,0,0,23,FALSE
"266","Brandon Knight","PG",0.476,"DET",0.805,0.732,0.603,0.309,0.354,0.553,0.261,0.312,0.38,0.223,0.278,0.434,0.537,0.138,0.141,0.759,0.063,0.177,0.138,0.216,0.199,0.027,0.369,0.415,0.299,"2012",FALSE,0,0,25,FALSE
"267","Kyle Korver","SG",0.714,"CHI",0.793,0.085,0.416,0.172,0.19,0.576,0.294,0.306,0.435,0.062,0.08,0.426,0.639,0.073,0.068,0.833,0.05,0.132,0.104,0.096,0.146,0.04,0.114,0.296,0.187,"2012",FALSE,0,0,50,FALSE
"269","Carl Landry","PF",0.667,"NOH",0.5,0.098,0.283,0.176,0.167,0.671,0,0.003,0,0.189,0.202,0.507,0.559,0.194,0.189,0.799,0.149,0.135,0.14,0.033,0.053,0.032,0.138,0.24,0.18,"2012",FALSE,0,0,21,FALSE
"270","Ty Lawson","PG",0.571,"DEN",0.744,0.744,0.601,0.362,0.353,0.651,0.182,0.226,0.365,0.313,0.32,0.531,0.594,0.235,0.222,0.824,0.103,0.172,0.148,0.345,0.333,0.016,0.321,0.253,0.353,"2012",FALSE,0,0,38,FALSE
"271","Courtney Lee","SG",0.619,"HOU",0.707,0.317,0.497,0.243,0.267,0.577,0.216,0.245,0.401,0.171,0.205,0.452,0.564,0.094,0.088,0.826,0.05,0.132,0.104,0.076,0.276,0.059,0.138,0.286,0.233,"2012",FALSE,0,0,34,FALSE
"272","David Lee","PF",0.667,"GSW",0.695,0.695,0.6,0.449,0.424,0.671,0,0.006,0,0.483,0.517,0.506,0.559,0.29,0.288,0.782,0.327,0.371,0.356,0.139,0.22,0.059,0.321,0.482,0.405,"2012",FALSE,0,0,23,FALSE
"273","Malcolm Lee","SG",0.5,"MIN",0.232,0,0.069,0.022,0.027,0.52,0.005,0.011,0.2,0.022,0.028,0.429,0.452,0.019,0.017,0.824,0.017,0.017,0.017,0.027,0.033,0.011,0.037,0.059,0.022,"2012",FALSE,0,0,26,FALSE
"274","Kawhi Leonard","SF",0.476,"SAS",0.78,0.476,0.434,0.192,0.186,0.657,0.102,0.123,0.376,0.164,0.166,0.536,0.603,0.09,0.091,0.773,0.199,0.221,0.214,0.06,0.346,0.064,0.095,0.237,0.179,"2012",FALSE,0,0,50,FALSE
"276","Jon Leuer","PF",0.524,"MIL",0.561,0.146,0.157,0.094,0.088,0.677,0.007,0.01,0.333,0.098,0.103,0.516,0.573,0.028,0.029,0.75,0.086,0.074,0.078,0.021,0.057,0.045,0.039,0.181,0.077,"2012",FALSE,0,0,31,FALSE
"277","Rashard Lewis","SF",0.762,"WAS",0.341,0.183,0.206,0.082,0.102,0.513,0.04,0.076,0.239,0.072,0.087,0.448,0.468,0.041,0.038,0.838,0.065,0.074,0.071,0.023,0.093,0.027,0.069,0.132,0.077,"2012",FALSE,0,0,20,FALSE
"278","DeAndre Liggins","SF",0.548,"ORL",0.207,0,0.033,0.012,0.012,0.64,0,0.005,0,0.012,0.012,0.571,0.533,0.012,0.02,0.474,0.011,0.009,0.01,0.004,0.024,0,0.022,0.016,0.012,"2012",FALSE,0,0,37,FALSE
"279","Jeremy Lin","PG",0.548,"NYK",0.427,0.305,0.266,0.165,0.176,0.595,0.06,0.085,0.32,0.153,0.174,0.477,0.531,0.193,0.188,0.798,0.034,0.088,0.07,0.186,0.224,0.024,0.272,0.21,0.181,"2012",FALSE,0,0,36,FALSE
"280","Shaun Livingston","SG",0.619,"MIL",0.707,0.329,0.309,0.123,0.125,0.625,0.005,0.003,0.667,0.13,0.151,0.466,0.524,0.082,0.081,0.785,0.075,0.083,0.08,0.105,0.11,0.053,0.142,0.213,0.112,"2012",FALSE,0,0,31,FALSE
"283","Kevin Love","PF",0.548,"MIN",0.671,0.671,0.607,0.458,0.487,0.597,0.261,0.318,0.372,0.384,0.438,0.475,0.552,0.501,0.473,0.824,0.432,0.504,0.48,0.095,0.191,0.074,0.276,0.41,0.506,"2012",FALSE,0,0.048,26,TRUE
"284","Kyle Lowry","PG",0.595,"HOU",0.573,0.463,0.427,0.203,0.236,0.545,0.197,0.238,0.374,0.136,0.17,0.434,0.54,0.226,0.204,0.864,0.071,0.175,0.139,0.266,0.297,0.037,0.28,0.358,0.237,"2012",FALSE,0,0,34,FALSE
"285","John Lucas III","PG",0.69,"CHI",0.598,0.024,0.205,0.138,0.165,0.532,0.137,0.158,0.393,0.092,0.123,0.404,0.529,0.037,0.033,0.875,0.042,0.054,0.05,0.093,0.077,0.003,0.091,0.113,0.13,"2012",FALSE,0,0,50,FALSE
"286","Shelvin Mack","PG",0.5,"WAS",0.78,0,0.22,0.085,0.101,0.533,0.03,0.047,0.286,0.079,0.1,0.427,0.474,0.056,0.061,0.712,0.023,0.079,0.06,0.113,0.114,0.005,0.103,0.135,0.081,"2012",FALSE,0,0,20,FALSE
"288","Corey Maggette","SF",0.762,"CHA",0.39,0.341,0.249,0.134,0.172,0.497,0.06,0.074,0.364,0.12,0.173,0.375,0.45,0.235,0.214,0.856,0.04,0.103,0.082,0.034,0.093,0.003,0.127,0.224,0.169,"2012",FALSE,0,0,7,FALSE
"290","Ian Mahinmi","C",0.595,"DAL",0.744,0.146,0.322,0.126,0.11,0.728,0,0.001,0,0.135,0.134,0.549,0.607,0.124,0.151,0.639,0.207,0.18,0.189,0.01,0.154,0.082,0.108,0.474,0.125,"2012",FALSE,0,0,36,FALSE
"291","Shawn Marion","SF",0.786,"DAL",0.768,0.768,0.543,0.279,0.297,0.595,0.05,0.077,0.294,0.279,0.326,0.464,0.512,0.098,0.096,0.796,0.277,0.318,0.304,0.113,0.272,0.096,0.211,0.235,0.237,"2012",FALSE,0,0,36,FALSE
"292","Cartier Martin","SF",0.643,"WAS",0.207,0.024,0.111,0.057,0.062,0.587,0.072,0.085,0.387,0.031,0.033,0.508,0.61,0.015,0.02,0.579,0.023,0.046,0.038,0.009,0.045,0.005,0.028,0.094,0.056,"2012",FALSE,0,0,20,FALSE
"293","Kenyon Martin","PF",0.81,"LAC",0.512,0,0.266,0.094,0.101,0.588,0.007,0.015,0.231,0.098,0.117,0.454,0.498,0.026,0.056,0.37,0.094,0.131,0.118,0.015,0.179,0.114,0.069,0.278,0.077,"2012",FALSE,0,0,40,FALSE
"294","Kevin Martin","SG",0.667,"HOU",0.488,0.488,0.358,0.215,0.247,0.551,0.194,0.254,0.347,0.15,0.176,0.462,0.54,0.212,0.184,0.894,0.025,0.092,0.069,0.095,0.114,0.008,0.151,0.189,0.241,"2012",FALSE,0,0,34,FALSE
"295","Roger Mason","SG",0.738,"WAS",0.634,0,0.197,0.1,0.119,0.532,0.147,0.174,0.383,0.046,0.059,0.423,0.571,0.028,0.028,0.778,0.013,0.062,0.045,0.04,0.053,0.013,0.069,0.089,0.101,"2012",FALSE,0,0,20,FALSE
"296","Wesley Matthews","SG",0.595,"POR",0.805,0.646,0.631,0.304,0.351,0.549,0.321,0.38,0.383,0.193,0.24,0.434,0.551,0.194,0.176,0.86,0.107,0.167,0.146,0.097,0.39,0.04,0.157,0.399,0.319,"2012",FALSE,0,0,28,FALSE
"297","Jason Maxiell","PF",0.667,"DET",0.793,0.512,0.415,0.177,0.176,0.637,0,0.002,0,0.19,0.215,0.48,0.531,0.077,0.109,0.547,0.241,0.206,0.218,0.035,0.13,0.133,0.153,0.407,0.15,"2012",FALSE,0,0,25,FALSE
"298","Eric Maynor","PG",0.571,"OKC",0.11,0,0.039,0.014,0.018,0.479,0.015,0.019,0.353,0.008,0.012,0.364,0.484,0.005,0.004,1,0.006,0.01,0.008,0.019,0.02,0,0.024,0.035,0.013,"2012",FALSE,0,0,47,FALSE
"299","O.J. Mayo","SG",0.571,"MEM",0.805,0,0.501,0.29,0.339,0.544,0.249,0.31,0.364,0.208,0.26,0.434,0.529,0.176,0.177,0.773,0.057,0.179,0.137,0.145,0.289,0.061,0.267,0.369,0.294,"2012",FALSE,0,0,41,FALSE
"300","Luc Mbah a Moute","PF",0.595,"MIL",0.524,0.268,0.286,0.129,0.12,0.68,0.002,0.005,0.25,0.137,0.145,0.514,0.568,0.087,0.106,0.641,0.147,0.149,0.148,0.025,0.163,0.059,0.084,0.251,0.118,"2012",FALSE,0,0,31,FALSE
"302","Tracy McGrady","SF",0.762,"ATL",0.634,0,0.237,0.098,0.106,0.583,0.037,0.037,0.455,0.089,0.112,0.434,0.522,0.074,0.085,0.675,0.044,0.13,0.101,0.095,0.065,0.04,0.114,0.094,0.096,"2012",FALSE,0,0,40,FALSE
"303","Dominic McGuire","PF",0.619,"GSW",0.78,0.073,0.319,0.091,0.097,0.597,0,0.005,0,0.098,0.116,0.456,0.498,0.052,0.055,0.736,0.14,0.172,0.161,0.095,0.179,0.096,0.121,0.28,0.08,"2012",FALSE,0,0,23,FALSE
"304","Josh McRoberts","PF",0.571,"LAL",0.61,0.073,0.203,0.054,0.054,0.633,0.007,0.008,0.429,0.055,0.063,0.477,0.541,0.03,0.037,0.639,0.117,0.109,0.112,0.044,0.061,0.048,0.067,0.199,0.049,"2012",FALSE,0,0,41,FALSE
"305","Jodie Meeks","SG",0.571,"PHI",0.805,0.61,0.465,0.185,0.215,0.545,0.241,0.3,0.365,0.098,0.113,0.468,0.57,0.102,0.087,0.906,0.033,0.143,0.105,0.046,0.163,0.008,0.062,0.221,0.196,"2012",FALSE,0,0,35,FALSE
"306","C.J. Miles","SG",0.571,"UTA",0.683,0.171,0.324,0.171,0.214,0.508,0.114,0.169,0.307,0.136,0.178,0.416,0.478,0.143,0.14,0.794,0.052,0.088,0.076,0.059,0.187,0.048,0.114,0.329,0.179,"2012",FALSE,0,0,36,FALSE
"308","Andre Miller","SG",0.833,"DEN",0.805,0.085,0.512,0.234,0.254,0.584,0.045,0.094,0.217,0.233,0.265,0.478,0.506,0.181,0.174,0.811,0.101,0.167,0.144,0.379,0.256,0.024,0.381,0.358,0.226,"2012",FALSE,0,0,38,FALSE
"309","Brad Miller","C",0.833,"MIN",0.183,0.012,0.041,0.009,0.012,0.444,0.017,0.017,0.467,0.002,0.007,0.167,0.514,0.013,0.012,0.833,0.008,0.015,0.012,0.021,0.016,0.005,0.026,0.027,0.012,"2012",FALSE,0,0,26,FALSE
"310","Mike Miller","SG",0.738,"MIA",0.476,0.024,0.213,0.088,0.096,0.58,0.132,0.132,0.453,0.04,0.052,0.413,0.624,0.003,0.005,0.4,0.042,0.105,0.084,0.036,0.057,0.016,0.065,0.156,0.084,"2012",FALSE,0,0,46,FALSE
"311","Patty Mills","PG",0.548,"SAS",0.195,0.037,0.074,0.061,0.06,0.647,0.06,0.063,0.429,0.041,0.042,0.527,0.641,0.02,0.015,1,0.008,0.024,0.018,0.034,0.041,0.003,0.056,0.038,0.058,"2012",FALSE,0,0,50,FALSE
"312","Paul Millsap","PF",0.619,"UTA",0.78,0.756,0.594,0.412,0.396,0.66,0.017,0.035,0.226,0.436,0.468,0.505,0.554,0.267,0.262,0.792,0.344,0.38,0.368,0.129,0.48,0.138,0.241,0.598,0.375,"2012",FALSE,0,0,36,FALSE
"313","Nazr Mohammed","C",0.81,"OKC",0.768,0.012,0.196,0.076,0.078,0.623,0,0.001,0,0.082,0.095,0.47,0.519,0.017,0.024,0.565,0.113,0.11,0.111,0.012,0.081,0.098,0.056,0.272,0.06,"2012",FALSE,0,0,47,FALSE
"314","Greg Monroe","C",0.5,"DET",0.805,0.805,0.589,0.394,0.359,0.695,0,0.001,0,0.424,0.44,0.522,0.579,0.266,0.28,0.739,0.457,0.395,0.416,0.131,0.337,0.122,0.347,0.485,0.358,"2012",FALSE,0,0,25,FALSE
"315","Jamario Moon","SF",0.738,"CHA",0.098,0,0.035,0.007,0.011,0.389,0.005,0.011,0.2,0.005,0.008,0.357,0.37,0.003,0.002,1,0.004,0.02,0.014,0.004,0.004,0.013,0.017,0.013,0.006,"2012",FALSE,0,0,7,FALSE
"316","E'Twaun Moore","PG",0.524,"BOS",0.463,0,0.094,0.042,0.052,0.508,0.042,0.051,0.378,0.027,0.038,0.382,0.507,0.009,0.007,1,0.008,0.029,0.022,0.029,0.045,0.008,0.045,0.089,0.039,"2012",FALSE,0,0,39,FALSE
"318","Darius Morris","PG",0.5,"LAL",0.232,0,0.048,0.017,0.019,0.572,0.01,0.01,0.444,0.015,0.019,0.424,0.529,0.008,0.009,0.667,0.004,0.014,0.01,0.018,0.008,0,0.041,0.043,0.016,"2012",FALSE,0,0,41,FALSE
"319","Marcus Morris","PF",0.524,"HOU",0.207,0,0.036,0.015,0.025,0.395,0.005,0.019,0.118,0.015,0.021,0.378,0.35,0.008,0.008,0.75,0.01,0.011,0.01,0.003,0.008,0.005,0.009,0.032,0.014,"2012",FALSE,0,0,34,FALSE
"320","Markieff Morris","PF",0.524,"PHO",0.768,0.085,0.347,0.168,0.201,0.532,0.107,0.14,0.347,0.136,0.176,0.42,0.498,0.101,0.109,0.717,0.132,0.209,0.182,0.056,0.167,0.112,0.151,0.482,0.165,"2012",FALSE,0,0,33,FALSE
"321","Anthony Morrow","SG",0.619,"NJN",0.756,0.22,0.463,0.263,0.303,0.551,0.264,0.323,0.371,0.173,0.21,0.446,0.549,0.128,0.107,0.933,0.059,0.095,0.083,0.052,0.187,0.024,0.151,0.232,0.264,"2012",FALSE,0,0,22,FALSE
"323","Byron Mullens","C",0.524,"CHA",0.793,0.305,0.415,0.243,0.272,0.567,0.03,0.058,0.235,0.249,0.305,0.443,0.483,0.122,0.115,0.821,0.184,0.229,0.214,0.049,0.085,0.138,0.159,0.369,0.214,"2012",FALSE,0,0,7,FALSE
"324","Troy Murphy","PF",0.738,"LAL",0.72,0,0.271,0.074,0.079,0.6,0.07,0.076,0.418,0.051,0.059,0.471,0.591,0.008,0.009,0.667,0.076,0.15,0.125,0.044,0.061,0.043,0.056,0.264,0.066,"2012",FALSE,0,0,41,FALSE
"326","Eduardo Najera","PF",0.833,"CHA",0.268,0,0.076,0.023,0.029,0.5,0.02,0.033,0.276,0.017,0.02,0.457,0.487,0.003,0.004,0.5,0.021,0.039,0.033,0.01,0.077,0.011,0.015,0.108,0.02,"2012",FALSE,0,0,7,FALSE
"327","Steve Nash","PG",0.881,"PHO",0.756,0.756,0.555,0.285,0.255,0.709,0.137,0.159,0.39,0.25,0.234,0.58,0.646,0.168,0.146,0.894,0.05,0.159,0.122,0.57,0.154,0.021,0.494,0.143,0.273,"2012",FALSE,0,0.006,33,TRUE
"328","Gary Neal","SG",0.643,"SAS",0.683,0.085,0.341,0.205,0.224,0.581,0.206,0.223,0.419,0.134,0.162,0.448,0.58,0.066,0.066,0.781,0.023,0.105,0.077,0.101,0.11,0.005,0.129,0.202,0.197,"2012",FALSE,0,0,50,FALSE
"329","Jameer Nelson","PG",0.69,"ORL",0.695,0.695,0.483,0.25,0.279,0.569,0.216,0.261,0.377,0.179,0.212,0.459,0.554,0.094,0.091,0.807,0.055,0.151,0.118,0.279,0.154,0.013,0.291,0.35,0.239,"2012",FALSE,0,0,37,FALSE
"330","Joakim Noah","C",0.619,"CHI",0.78,0.78,0.551,0.241,0.225,0.677,0,0.001,0,0.259,0.276,0.509,0.564,0.204,0.212,0.748,0.463,0.384,0.411,0.137,0.167,0.245,0.198,0.437,0.23,"2012",FALSE,0,0,50,FALSE
"331","Andres Nocioni","SF",0.762,"PHI",0.134,0.012,0.016,0.005,0.009,0.333,0.002,0.007,0.167,0.004,0.008,0.286,0.306,0.008,0.011,0.545,0.002,0.013,0.009,0.001,0.004,0.003,0.011,0.011,0.006,"2012",FALSE,0,0,35,FALSE
"332","Steve Novak","PF",0.667,"NYK",0.659,0,0.289,0.156,0.155,0.637,0.331,0.318,0.472,0.029,0.031,0.509,0.75,0.029,0.027,0.846,0.017,0.094,0.068,0.01,0.065,0.024,0.045,0.159,0.168,"2012",FALSE,0,0,36,FALSE
"333","Dirk Nowitzki","PF",0.786,"DAL",0.756,0.756,0.588,0.457,0.476,0.609,0.194,0.239,0.368,0.411,0.464,0.481,0.55,0.421,0.365,0.896,0.088,0.369,0.273,0.117,0.171,0.08,0.252,0.348,0.474,"2012",FALSE,0,0.003,36,TRUE
"335","Lamar Odom","SF",0.762,"DAL",0.61,0.049,0.291,0.119,0.161,0.469,0.07,0.125,0.252,0.099,0.134,0.399,0.437,0.077,0.101,0.592,0.069,0.171,0.136,0.071,0.081,0.048,0.112,0.261,0.117,"2012",FALSE,0,0,36,FALSE
"337","Mehmet Okur","C",0.762,"NJN",0.207,0.171,0.129,0.05,0.064,0.499,0.057,0.081,0.319,0.03,0.038,0.433,0.508,0.004,0.005,0.6,0.042,0.059,0.053,0.026,0.037,0.013,0.054,0.121,0.046,"2012",FALSE,0,0,22,FALSE
"338","Daniel Orton","PF",0.5,"ORL",0.195,0.024,0.053,0.016,0.014,0.756,0,0.001,0,0.018,0.016,0.586,0.63,0.015,0.026,0.44,0.036,0.02,0.025,0.004,0.033,0.024,0.015,0.081,0.016,"2012",FALSE,0,0,37,FALSE
"339","Travis Outlaw","SF",0.643,"SAC",0.476,0.061,0.142,0.058,0.081,0.457,0.04,0.068,0.267,0.046,0.065,0.383,0.432,0.041,0.047,0.674,0.036,0.042,0.04,0.014,0.077,0.056,0.043,0.092,0.059,"2012",FALSE,0,0,22,FALSE
"340","Larry Owens","SF",0.69,"NJN",0.085,0,0.021,0.004,0.005,0.485,0.005,0.006,0.4,0.002,0.003,0.333,0.506,0.004,0.004,0.75,0.004,0.011,0.008,0.003,0,0.003,0.004,0.027,0.005,"2012",FALSE,0,0,22,FALSE
"342","Jannero Pargo","PG",0.762,"ATL",0.61,0,0.19,0.102,0.116,0.553,0.132,0.156,0.384,0.054,0.065,0.452,0.578,0.025,0.021,0.95,0.017,0.064,0.048,0.082,0.081,0.005,0.106,0.173,0.1,"2012",FALSE,0,0,40,FALSE
"343","Jeremy Pargo","PG",0.595,"MEM",0.537,0.061,0.12,0.048,0.069,0.444,0.025,0.043,0.263,0.042,0.063,0.357,0.408,0.021,0.028,0.593,0.023,0.025,0.024,0.047,0.061,0,0.099,0.124,0.044,"2012",FALSE,0,0,41,FALSE
"344","Anthony Parker","SF",0.857,"CLE",0.622,0.622,0.362,0.136,0.15,0.577,0.124,0.156,0.362,0.095,0.106,0.484,0.566,0.046,0.058,0.625,0.019,0.127,0.09,0.103,0.154,0.019,0.108,0.175,0.13,"2012",FALSE,0,0,21,FALSE
"345","Tony Parker","PG",0.69,"SAS",0.732,0.732,0.544,0.413,0.41,0.64,0.035,0.069,0.23,0.43,0.468,0.498,0.542,0.3,0.292,0.799,0.042,0.148,0.112,0.398,0.232,0.013,0.33,0.202,0.387,"2012",FALSE,4,0.274,50,TRUE
"346","Chandler Parsons","SF",0.548,"HOU",0.768,0.695,0.511,0.24,0.253,0.603,0.149,0.201,0.337,0.196,0.209,0.507,0.562,0.057,0.08,0.551,0.172,0.209,0.196,0.115,0.297,0.077,0.175,0.383,0.212,"2012",FALSE,0,0,34,FALSE
"347","Patrick Patterson","PF",0.524,"HOU",0.78,0.012,0.42,0.218,0.235,0.587,0,0.003,0,0.234,0.287,0.443,0.489,0.053,0.059,0.702,0.214,0.173,0.187,0.046,0.11,0.096,0.106,0.305,0.173,"2012",FALSE,0,0,34,FALSE
"348","Chris Paul","PG",0.619,"LAC",0.732,0.732,0.617,0.411,0.41,0.637,0.197,0.24,0.371,0.36,0.382,0.511,0.58,0.344,0.311,0.861,0.08,0.17,0.139,0.466,0.618,0.011,0.267,0.372,0.42,"2012",FALSE,6,0.318,40,TRUE
"349","Sasha Pavlovic","SF",0.667,"BOS",0.549,0.085,0.149,0.048,0.059,0.521,0.042,0.065,0.293,0.034,0.039,0.471,0.508,0.004,0.008,0.375,0.008,0.068,0.047,0.015,0.081,0.04,0.043,0.146,0.042,"2012",FALSE,0,0,39,FALSE
"352","Johan Petro","C",0.619,"NJN",0.72,0.122,0.26,0.105,0.12,0.559,0.002,0.001,1,0.112,0.146,0.417,0.468,0.041,0.038,0.838,0.13,0.155,0.146,0.039,0.085,0.061,0.082,0.329,0.088,"2012",FALSE,0,0,22,FALSE
"353","Paul Pierce","SF",0.81,"BOS",0.744,0.744,0.587,0.381,0.41,0.591,0.249,0.308,0.366,0.306,0.348,0.476,0.554,0.388,0.354,0.852,0.071,0.278,0.207,0.235,0.285,0.069,0.373,0.396,0.417,"2012",FALSE,0,0,39,FALSE
"354","Mickael Pietrus","SG",0.69,"BOS",0.512,0.073,0.261,0.101,0.124,0.513,0.152,0.205,0.335,0.045,0.05,0.489,0.553,0.026,0.032,0.645,0.034,0.111,0.085,0.021,0.085,0.027,0.071,0.218,0.102,"2012",FALSE,0,0,39,FALSE
"356","Quincy Pondexter","SF",0.548,"MEM",0.78,0.098,0.284,0.104,0.11,0.603,0.055,0.082,0.301,0.089,0.094,0.518,0.553,0.044,0.055,0.623,0.105,0.071,0.082,0.023,0.11,0.013,0.065,0.243,0.096,"2012",FALSE,0,0,41,FALSE
"357","A.J. Price","PG",0.595,"IND",0.537,0.012,0.161,0.057,0.08,0.452,0.065,0.099,0.295,0.034,0.049,0.384,0.46,0.037,0.036,0.8,0.025,0.048,0.04,0.074,0.081,0.005,0.069,0.081,0.061,"2012",FALSE,0,0,42,FALSE
"358","Ronnie Price","PG",0.667,"PHO",0.439,0.098,0.146,0.047,0.06,0.503,0.032,0.05,0.295,0.037,0.049,0.419,0.474,0.026,0.026,0.8,0.034,0.038,0.037,0.058,0.138,0.008,0.099,0.194,0.046,"2012",FALSE,0,0,33,FALSE
"359","Tayshaun Prince","SF",0.738,"DET",0.768,0.768,0.591,0.325,0.367,0.561,0.092,0.117,0.356,0.311,0.391,0.431,0.493,0.118,0.118,0.774,0.138,0.208,0.184,0.131,0.11,0.085,0.159,0.208,0.282,"2012",FALSE,0,0,25,FALSE
"361","Vladimir Radmanovic","SF",0.738,"ATL",0.598,0.037,0.214,0.072,0.091,0.501,0.124,0.152,0.37,0.025,0.035,0.387,0.559,0.029,0.03,0.759,0.065,0.108,0.093,0.046,0.085,0.04,0.075,0.167,0.078,"2012",FALSE,0,0,40,FALSE
"362","Anthony Randolph","PF",0.524,"MIN",0.415,0.061,0.146,0.091,0.092,0.627,0,0.001,0,0.098,0.112,0.472,0.522,0.085,0.086,0.762,0.08,0.08,0.08,0.016,0.053,0.093,0.086,0.151,0.089,"2012",FALSE,0,0,26,FALSE
"363","Zach Randolph","PF",0.714,"MEM",0.341,0.098,0.208,0.128,0.131,0.617,0.005,0.009,0.25,0.135,0.156,0.469,0.519,0.077,0.091,0.659,0.149,0.146,0.147,0.041,0.085,0.011,0.086,0.154,0.114,"2012",FALSE,0,0,41,FALSE
"364","Michael Redd","SG",0.762,"PHO",0.622,0.024,0.218,0.139,0.166,0.533,0.104,0.149,0.318,0.106,0.129,0.447,0.509,0.116,0.114,0.793,0.027,0.063,0.05,0.028,0.053,0,0.08,0.078,0.148,"2012",FALSE,0,0,33,FALSE
"365","J.J. Redick","SG",0.643,"ORL",0.793,0.268,0.5,0.24,0.269,0.567,0.279,0.302,0.418,0.142,0.178,0.43,0.579,0.189,0.162,0.911,0.034,0.131,0.098,0.141,0.11,0.016,0.147,0.248,0.265,"2012",FALSE,0,0,37,FALSE
"367","Jason Richardson","SG",0.738,"ORL",0.659,0.659,0.45,0.235,0.274,0.544,0.254,0.313,0.368,0.147,0.18,0.442,0.548,0.054,0.071,0.594,0.069,0.157,0.127,0.092,0.215,0.059,0.129,0.245,0.222,"2012",FALSE,0,0,37,FALSE
"368","Quentin Richardson","SF",0.738,"ORL",0.585,0.037,0.245,0.072,0.091,0.501,0.104,0.137,0.347,0.033,0.043,0.421,0.536,0.033,0.031,0.833,0.029,0.107,0.08,0.033,0.114,0.016,0.062,0.199,0.076,"2012",FALSE,0,0,37,FALSE
"369","Luke Ridnour","SG",0.714,"MIN",0.646,0.646,0.495,0.234,0.253,0.587,0.122,0.172,0.322,0.201,0.224,0.485,0.539,0.14,0.122,0.891,0.036,0.121,0.092,0.216,0.228,0.043,0.207,0.367,0.226,"2012",FALSE,0,0,26,FALSE
"370","Nate Robinson","PG",0.643,"GSW",0.622,0.11,0.337,0.198,0.223,0.565,0.164,0.204,0.365,0.145,0.171,0.459,0.547,0.124,0.116,0.832,0.029,0.084,0.065,0.198,0.24,0.005,0.162,0.318,0.201,"2012",FALSE,0,0,23,FALSE
"371","Rajon Rondo","PG",0.595,"BOS",0.646,0.646,0.554,0.248,0.263,0.597,0.025,0.047,0.238,0.256,0.299,0.464,0.507,0.143,0.186,0.597,0.119,0.194,0.168,0.533,0.386,0.008,0.416,0.267,0.222,"2012",FALSE,0,0.01,39,TRUE
"372","Derrick Rose","PG",0.548,"CHI",0.476,0.476,0.389,0.292,0.32,0.58,0.134,0.195,0.312,0.258,0.294,0.475,0.526,0.257,0.246,0.812,0.05,0.104,0.086,0.264,0.142,0.074,0.256,0.14,0.301,"2012",FALSE,0,0.004,50,TRUE
"373","Ricky Rubio","PG",0.5,"MIN",0.5,0.378,0.397,0.134,0.179,0.476,0.08,0.106,0.34,0.111,0.166,0.363,0.442,0.167,0.162,0.803,0.04,0.149,0.112,0.289,0.37,0.021,0.282,0.261,0.154,"2012",FALSE,0,0,26,FALSE
"374","Brandon Rush","SF",0.619,"GSW",0.793,0.012,0.486,0.227,0.216,0.668,0.246,0.247,0.452,0.142,0.141,0.544,0.674,0.086,0.084,0.793,0.063,0.216,0.164,0.076,0.142,0.154,0.147,0.173,0.224,"2012",FALSE,0,0,23,FALSE
"375","Walker Russell","PG",0.69,"DET",0.341,0,0.101,0.032,0.044,0.463,0.01,0.015,0.308,0.03,0.046,0.354,0.409,0.019,0.023,0.636,0.013,0.019,0.017,0.05,0.073,0.003,0.071,0.078,0.03,"2012",FALSE,0,0,25,FALSE
"376","John Salmons","SF",0.762,"SAC",0.561,0.39,0.354,0.136,0.159,0.545,0.082,0.126,0.295,0.112,0.131,0.464,0.508,0.038,0.046,0.644,0.038,0.113,0.088,0.08,0.15,0.019,0.097,0.208,0.121,"2012",FALSE,0,0,22,FALSE
"378","Larry Sanders","PF",0.548,"MIL",0.634,0,0.182,0.081,0.085,0.609,0,0.002,0,0.087,0.103,0.462,0.508,0.024,0.039,0.474,0.119,0.097,0.105,0.028,0.13,0.202,0.093,0.358,0.066,"2012",FALSE,0,0,31,FALSE
"379","Brian Scalabrine","PF",0.786,"CHI",0.341,0,0.035,0.014,0.014,0.623,0.002,0.008,0.143,0.014,0.013,0.565,0.537,0.004,0.006,0.5,0.015,0.013,0.014,0.013,0.02,0.016,0.019,0.024,0.011,"2012",FALSE,0,0,50,FALSE
"380","Luis Scola","PF",0.738,"HOU",0.805,0.805,0.585,0.422,0.409,0.655,0,0.003,0,0.454,0.499,0.493,0.546,0.202,0.204,0.773,0.233,0.304,0.28,0.12,0.142,0.064,0.33,0.577,0.362,"2012",FALSE,0,0,34,FALSE
"381","Thabo Sefolosha","SG",0.643,"OKC",0.512,0.512,0.259,0.065,0.071,0.576,0.077,0.08,0.437,0.037,0.047,0.429,0.591,0.05,0.044,0.884,0.04,0.106,0.084,0.04,0.15,0.045,0.086,0.21,0.072,"2012",FALSE,0,0,47,FALSE
"382","Josh Selby","PG",0.476,"MEM",0.341,0,0.067,0.024,0.033,0.463,0.005,0.017,0.133,0.024,0.032,0.404,0.401,0.015,0.014,0.786,0.004,0.013,0.01,0.026,0.028,0,0.062,0.046,0.022,"2012",FALSE,0,0,41,FALSE
"383","Kevin Seraphin","C",0.524,"WAS",0.695,0.256,0.333,0.196,0.176,0.708,0,0.001,0,0.211,0.215,0.533,0.59,0.062,0.072,0.671,0.197,0.176,0.183,0.028,0.077,0.202,0.142,0.358,0.16,"2012",FALSE,0,0,20,FALSE
"385","Iman Shumpert","PG",0.5,"NYK",0.72,0.427,0.483,0.207,0.246,0.535,0.119,0.177,0.306,0.173,0.213,0.44,0.496,0.115,0.112,0.798,0.08,0.143,0.122,0.141,0.411,0.021,0.239,0.466,0.199,"2012",FALSE,0,0,36,FALSE
"386","Xavier Silas","SG",0.571,"PHI",0.024,0,0.011,0.004,0.007,0.356,0.002,0.007,0.167,0.003,0.005,0.333,0.333,0.003,0.003,0.667,0.004,0.002,0.003,0.003,0,0,0.006,0.013,0.004,"2012",FALSE,0,0,35,FALSE
"387","Bobby Simmons","SF",0.738,"LAC",0.341,0,0.118,0.027,0.041,0.415,0.05,0.068,0.333,0.008,0.017,0.267,0.469,0.005,0.007,0.571,0.033,0.038,0.036,0.009,0.061,0.008,0.022,0.111,0.028,"2012",FALSE,0,0,40,FALSE
"388","Chris Singleton","SF",0.524,"WAS",0.805,0.622,0.405,0.112,0.144,0.496,0.109,0.143,0.346,0.075,0.104,0.389,0.491,0.04,0.045,0.682,0.082,0.189,0.152,0.042,0.285,0.08,0.082,0.474,0.108,"2012",FALSE,0,0,20,FALSE
"389","James Singleton","PF",0.714,"WAS",0.146,0,0.074,0.04,0.035,0.729,0.005,0.01,0.222,0.041,0.037,0.591,0.622,0.019,0.015,0.933,0.048,0.056,0.053,0.013,0.037,0.021,0.022,0.073,0.035,"2012",FALSE,0,0,20,FALSE
"392","Craig Smith","PF",0.667,"POR",0.573,0,0.131,0.057,0.054,0.672,0,0.001,0,0.061,0.065,0.509,0.56,0.05,0.055,0.717,0.063,0.076,0.072,0.016,0.065,0.013,0.052,0.148,0.055,"2012",FALSE,0,0,28,FALSE
"395","J.R. Smith","SG",0.619,"NYK",0.427,0.012,0.274,0.16,0.186,0.543,0.167,0.218,0.347,0.102,0.12,0.462,0.544,0.052,0.057,0.709,0.055,0.106,0.089,0.072,0.22,0.016,0.099,0.235,0.154,"2012",FALSE,0,0,36,FALSE
"396","Jason Smith","PF",0.595,"NOH",0.488,0.354,0.268,0.175,0.16,0.693,0.002,0.01,0.111,0.187,0.191,0.531,0.58,0.044,0.048,0.702,0.138,0.123,0.128,0.029,0.085,0.109,0.086,0.275,0.14,"2012",FALSE,0,0,21,FALSE
"398","Josh Smith","PF",0.619,"ATL",0.805,0.805,0.659,0.487,0.507,0.611,0.07,0.123,0.257,0.495,0.56,0.48,0.522,0.269,0.331,0.63,0.26,0.493,0.413,0.221,0.378,0.306,0.353,0.464,0.438,"2012",FALSE,0,0,40,FALSE
"399","Nolan Smith","PG",0.548,"POR",0.537,0.049,0.153,0.065,0.083,0.496,0.032,0.051,0.289,0.056,0.076,0.4,0.453,0.026,0.029,0.714,0.033,0.039,0.037,0.053,0.073,0.008,0.091,0.148,0.059,"2012",FALSE,0,0,28,FALSE
"400","Marreese Speights","PF",0.571,"MEM",0.732,0.659,0.381,0.214,0.225,0.604,0,0.003,0,0.23,0.274,0.456,0.503,0.111,0.112,0.771,0.254,0.239,0.244,0.041,0.085,0.077,0.159,0.396,0.186,"2012",FALSE,0,0,41,FALSE
"402","Jerry Stackhouse","SF",0.881,"ATL",0.366,0,0.077,0.036,0.046,0.493,0.032,0.043,0.342,0.025,0.035,0.387,0.483,0.028,0.024,0.913,0.011,0.017,0.015,0.012,0.041,0.008,0.028,0.032,0.038,"2012",FALSE,0,0,40,FALSE
"403","Lance Stephenson","SG",0.5,"IND",0.512,0.012,0.125,0.045,0.058,0.501,0.01,0.034,0.133,0.045,0.054,0.453,0.436,0.011,0.017,0.471,0.023,0.041,0.035,0.04,0.085,0.013,0.078,0.081,0.037,"2012",FALSE,0,0,42,FALSE
"404","DeShawn Stevenson","SF",0.714,"NJN",0.622,0.366,0.272,0.047,0.079,0.38,0.102,0.164,0.283,0.008,0.015,0.296,0.449,0.012,0.016,0.563,0.013,0.093,0.066,0.035,0.077,0.011,0.041,0.159,0.052,"2012",FALSE,0,0,22,FALSE
"406","Julyan Stone","SG",0.548,"DEN",0.268,0.024,0.051,0.013,0.014,0.559,0.005,0.012,0.182,0.011,0.011,0.55,0.502,0.011,0.011,0.727,0.01,0.02,0.016,0.032,0.033,0.016,0.024,0.049,0.013,"2012",FALSE,0,0,38,FALSE
"407","Amar'e Stoudemire","PF",0.69,"NYK",0.573,0.573,0.437,0.306,0.301,0.644,0.012,0.024,0.238,0.324,0.357,0.491,0.541,0.246,0.25,0.765,0.203,0.259,0.24,0.045,0.154,0.12,0.241,0.372,0.291,"2012",FALSE,0,0,36,FALSE
"408","Rodney Stuckey","SG",0.595,"DET",0.671,0.585,0.465,0.248,0.275,0.572,0.082,0.117,0.317,0.232,0.278,0.452,0.507,0.353,0.329,0.834,0.073,0.103,0.093,0.18,0.179,0.027,0.228,0.334,0.287,"2012",FALSE,0,0,25,FALSE
"409","DaJuan Summers","SF",0.571,"NOH",0.183,0.073,0.059,0.027,0.03,0.575,0.012,0.018,0.313,0.024,0.028,0.469,0.521,0.009,0.009,0.778,0.015,0.015,0.015,0.009,0.028,0,0.017,0.084,0.024,"2012",FALSE,0,0,21,FALSE
"410","Jeff Teague","PG",0.548,"ATL",0.805,0.805,0.618,0.309,0.309,0.635,0.127,0.168,0.342,0.28,0.295,0.514,0.571,0.185,0.19,0.757,0.04,0.137,0.104,0.276,0.431,0.098,0.289,0.391,0.293,"2012",FALSE,0,0,40,FALSE
"411","Sebastian Telfair","PG",0.619,"PHO",0.732,0.012,0.253,0.136,0.157,0.549,0.082,0.119,0.314,0.112,0.134,0.456,0.512,0.07,0.069,0.791,0.038,0.071,0.059,0.119,0.167,0.032,0.147,0.323,0.13,"2012",FALSE,0,0,33,FALSE
"412","Jason Terry","SG",0.81,"DAL",0.768,0.012,0.566,0.345,0.382,0.573,0.343,0.412,0.378,0.228,0.262,0.471,0.57,0.13,0.114,0.883,0.031,0.132,0.097,0.194,0.297,0.029,0.274,0.186,0.335,"2012",FALSE,0,0,36,FALSE
"414","Isaiah Thomas","PG",0.524,"SAC",0.793,0.451,0.469,0.248,0.263,0.597,0.206,0.247,0.379,0.18,0.199,0.491,0.579,0.204,0.19,0.832,0.092,0.119,0.11,0.229,0.215,0.021,0.226,0.326,0.264,"2012",FALSE,0,0,22,FALSE
"416","Lance Thomas","PF",0.548,"NOH",0.512,0.122,0.178,0.055,0.058,0.603,0,0.001,0,0.059,0.071,0.456,0.502,0.069,0.064,0.839,0.094,0.076,0.082,0.01,0.041,0.019,0.052,0.21,0.059,"2012",FALSE,0,0,21,FALSE
"418","Tyrus Thomas","PF",0.595,"CHA",0.659,0.366,0.287,0.116,0.15,0.489,0.002,0.003,0.333,0.124,0.183,0.367,0.41,0.083,0.085,0.759,0.094,0.15,0.131,0.03,0.146,0.16,0.114,0.388,0.107,"2012",FALSE,0,0,7,FALSE
"419","Trey Thompkins","C",0.5,"LAC",0.293,0,0.034,0.023,0.028,0.524,0.01,0.015,0.308,0.021,0.027,0.417,0.473,0.007,0.007,0.714,0.008,0.02,0.016,0.003,0.012,0.008,0.013,0.027,0.02,"2012",FALSE,0,0,40,FALSE
"420","Jason Thompson","PF",0.595,"SAC",0.78,0.573,0.469,0.229,0.204,0.713,0,0.002,0,0.247,0.249,0.537,0.594,0.144,0.186,0.602,0.317,0.275,0.29,0.068,0.175,0.117,0.147,0.402,0.206,"2012",FALSE,0,0,22,FALSE
"421","Klay Thompson","SG",0.5,"GSW",0.805,0.354,0.455,0.308,0.33,0.591,0.276,0.302,0.414,0.215,0.254,0.46,0.578,0.104,0.094,0.868,0.046,0.136,0.105,0.114,0.199,0.053,0.222,0.418,0.292,"2012",FALSE,0,0,23,FALSE
"423","Tristan Thompson","PF",0.476,"CLE",0.732,0.305,0.403,0.188,0.203,0.585,0,0.002,0,0.202,0.248,0.441,0.488,0.14,0.198,0.552,0.358,0.201,0.254,0.023,0.11,0.165,0.175,0.361,0.174,"2012",FALSE,0,0,21,FALSE
"424","Marcus Thornton","SG",0.571,"SAC",0.622,0.622,0.504,0.34,0.37,0.584,0.266,0.35,0.345,0.255,0.278,0.497,0.561,0.187,0.168,0.865,0.161,0.103,0.123,0.084,0.289,0.032,0.181,0.299,0.336,"2012",FALSE,0,0,22,FALSE
"425","Jamaal Tinsley","PG",0.786,"UTA",0.451,0.012,0.144,0.055,0.065,0.539,0.025,0.042,0.27,0.049,0.059,0.452,0.489,0.017,0.017,0.765,0.011,0.039,0.029,0.106,0.069,0.021,0.112,0.127,0.048,"2012",FALSE,0,0,36,FALSE
"426","Anthony Tolliver","SF",0.619,"MIN",0.622,0,0.25,0.069,0.084,0.52,0.062,0.114,0.248,0.048,0.046,0.568,0.51,0.054,0.057,0.745,0.096,0.102,0.1,0.019,0.073,0.051,0.075,0.232,0.073,"2012",FALSE,0,0,26,FALSE
"428","Hedo Turkoglu","SF",0.762,"ORL",0.646,0.646,0.468,0.202,0.232,0.553,0.226,0.291,0.353,0.123,0.139,0.48,0.561,0.089,0.098,0.705,0.046,0.174,0.13,0.2,0.183,0.045,0.306,0.375,0.203,"2012",FALSE,0,0,37,FALSE
"429","Evan Turner","SF",0.548,"PHI",0.793,0.244,0.485,0.254,0.272,0.595,0.027,0.055,0.224,0.262,0.305,0.466,0.506,0.097,0.111,0.676,0.052,0.347,0.246,0.155,0.163,0.053,0.226,0.315,0.215,"2012",FALSE,0,0,35,FALSE
"430","Jeremy Tyler","C",0.476,"GSW",0.512,0.28,0.161,0.085,0.096,0.561,0,0.001,0,0.092,0.117,0.423,0.468,0.038,0.053,0.558,0.103,0.085,0.092,0.014,0.065,0.053,0.078,0.226,0.072,"2012",FALSE,0,0,23,FALSE
"431","Edwin Ubiles","SF",0.595,"WAS",0.049,0,0.015,0.005,0.008,0.371,0.002,0.006,0.2,0.004,0.007,0.308,0.34,0.004,0.003,1,0.004,0.008,0.007,0.001,0.004,0.003,0.002,0.003,0.005,"2012",FALSE,0,0,20,FALSE
"433","Beno Udrih","SG",0.69,"MIL",0.72,0,0.306,0.141,0.153,0.587,0.042,0.067,0.288,0.134,0.154,0.473,0.517,0.052,0.057,0.709,0.05,0.075,0.067,0.195,0.15,0.003,0.166,0.186,0.123,"2012",FALSE,0,0,31,FALSE
"435","Anderson Varejao","C",0.69,"CLE",0.305,0.305,0.222,0.11,0.102,0.685,0,0.005,0,0.119,0.123,0.523,0.571,0.057,0.066,0.672,0.208,0.177,0.188,0.037,0.142,0.045,0.097,0.167,0.096,"2012",FALSE,0,0,21,FALSE
"436","Greivis Vasquez","SG",0.595,"NOH",0.805,0.317,0.483,0.218,0.241,0.573,0.107,0.152,0.319,0.189,0.219,0.469,0.523,0.127,0.12,0.821,0.044,0.149,0.113,0.308,0.244,0.021,0.319,0.34,0.208,"2012",FALSE,0,0,21,FALSE
"437","Jan Vesely","PF",0.5,"WAS",0.695,0.244,0.305,0.113,0.1,0.716,0,0.001,0,0.122,0.122,0.539,0.597,0.044,0.064,0.532,0.193,0.147,0.163,0.04,0.159,0.085,0.129,0.42,0.094,"2012",FALSE,0,0,20,FALSE
"438","Charlie Villanueva","PF",0.643,"DET",0.159,0,0.051,0.034,0.042,0.513,0.037,0.051,0.333,0.021,0.026,0.435,0.519,0.008,0.007,0.857,0.017,0.039,0.031,0.005,0.028,0.013,0.015,0.067,0.032,"2012",FALSE,0,0,25,FALSE
"439","Nikola Vucevic","C",0.5,"PHI",0.622,0.183,0.23,0.127,0.134,0.6,0.007,0.009,0.375,0.133,0.16,0.452,0.506,0.024,0.035,0.529,0.168,0.157,0.161,0.027,0.081,0.09,0.071,0.299,0.1,"2012",FALSE,0,0,35,FALSE
"440","Dwyane Wade","SG",0.714,"MIA",0.598,0.598,0.46,0.402,0.385,0.663,0.037,0.063,0.268,0.417,0.44,0.513,0.562,0.311,0.306,0.791,0.14,0.163,0.155,0.193,0.333,0.168,0.278,0.296,0.382,"2012",FALSE,0,0.005,46,TRUE
"441","Von Wafer","SG",0.619,"ORL",0.402,0.012,0.133,0.069,0.072,0.603,0.035,0.044,0.359,0.059,0.067,0.483,0.552,0.05,0.056,0.704,0.011,0.039,0.029,0.025,0.041,0.008,0.075,0.07,0.069,"2012",FALSE,0,0,37,FALSE
"442","Henry Walker","SG",0.571,"NYK",0.39,0.098,0.175,0.066,0.079,0.531,0.09,0.128,0.319,0.033,0.033,0.552,0.559,0.022,0.021,0.85,0.017,0.071,0.052,0.032,0.077,0.019,0.075,0.226,0.067,"2012",FALSE,0,0,36,FALSE
"443","Kemba Walker","PG",0.5,"CHA",0.805,0.305,0.507,0.272,0.353,0.488,0.172,0.255,0.305,0.221,0.305,0.392,0.457,0.222,0.219,0.789,0.057,0.203,0.153,0.248,0.244,0.053,0.256,0.213,0.282,"2012",FALSE,0,0,7,FALSE
"444","John Wall","PG",0.5,"WAS",0.805,0.805,0.675,0.366,0.411,0.564,0.007,0.047,0.071,0.39,0.481,0.44,0.471,0.419,0.414,0.789,0.092,0.25,0.196,0.455,0.386,0.152,0.55,0.369,0.38,"2012",FALSE,0,0,20,FALSE
"445","Ben Wallace","C",0.881,"DET",0.756,0.134,0.277,0.033,0.04,0.527,0.002,0.005,0.25,0.034,0.046,0.402,0.446,0.021,0.048,0.34,0.155,0.187,0.176,0.037,0.191,0.136,0.073,0.162,0.03,"2012",FALSE,0,0,25,FALSE
"448","Hakim Warrick","PF",0.69,"PHO",0.427,0,0.142,0.072,0.083,0.548,0.002,0.011,0.1,0.076,0.096,0.429,0.46,0.101,0.102,0.768,0.059,0.061,0.06,0.026,0.033,0.008,0.078,0.094,0.079,"2012",FALSE,0,0,33,FALSE
"450","C.J. Watson","PG",0.643,"CHI",0.598,0.305,0.328,0.156,0.201,0.491,0.169,0.195,0.393,0.097,0.149,0.352,0.496,0.111,0.107,0.808,0.04,0.083,0.069,0.172,0.183,0.021,0.209,0.278,0.167,"2012",FALSE,0,0,50,FALSE
"451","Earl Watson","PG",0.762,"UTA",0.61,0.024,0.292,0.052,0.074,0.451,0.025,0.059,0.192,0.046,0.061,0.407,0.41,0.041,0.047,0.674,0.057,0.09,0.079,0.186,0.22,0.059,0.183,0.283,0.053,"2012",FALSE,0,0,36,FALSE
"452","Martell Webster","SF",0.595,"MIN",0.573,0.317,0.323,0.111,0.125,0.564,0.092,0.123,0.339,0.081,0.092,0.479,0.546,0.075,0.074,0.792,0.08,0.125,0.11,0.034,0.126,0.045,0.099,0.232,0.114,"2012",FALSE,0,0,26,FALSE
"453","David West","PF",0.738,"IND",0.805,0.805,0.545,0.338,0.329,0.649,0.005,0.01,0.222,0.361,0.399,0.491,0.543,0.188,0.181,0.807,0.226,0.313,0.283,0.12,0.211,0.122,0.2,0.431,0.297,"2012",FALSE,0,0,42,FALSE
"454","Delonte West","PG",0.667,"DAL",0.537,0.402,0.3,0.161,0.166,0.615,0.067,0.086,0.355,0.145,0.16,0.489,0.554,0.082,0.072,0.886,0.025,0.087,0.066,0.119,0.236,0.029,0.164,0.181,0.149,"2012",FALSE,0,0,36,FALSE
"455","Russell Westbrook","PG",0.548,"OKC",0.805,0.805,0.66,0.559,0.583,0.609,0.154,0.221,0.316,0.537,0.603,0.482,0.534,0.45,0.425,0.823,0.184,0.204,0.197,0.311,0.455,0.056,0.515,0.396,0.55,"2012",FALSE,0,0.003,47,TRUE
"456","D.J. White","PF",0.595,"CHA",0.707,0.134,0.311,0.168,0.162,0.657,0.002,0.001,1,0.18,0.199,0.491,0.549,0.057,0.063,0.705,0.096,0.158,0.137,0.04,0.069,0.061,0.093,0.253,0.138,"2012",FALSE,0,0,7,FALSE
"459","Damien Wilkins","SF",0.762,"DET",0.732,0.024,0.261,0.074,0.089,0.525,0.017,0.026,0.304,0.072,0.096,0.406,0.458,0.045,0.056,0.63,0.042,0.077,0.065,0.038,0.118,0.035,0.065,0.229,0.068,"2012",FALSE,0,0,25,FALSE
"460","Deron Williams","PG",0.643,"NJN",0.671,0.671,0.566,0.378,0.442,0.543,0.286,0.386,0.336,0.287,0.349,0.446,0.519,0.34,0.314,0.843,0.044,0.159,0.12,0.413,0.272,0.053,0.472,0.326,0.407,"2012",FALSE,0,0,22,FALSE
"461","Derrick Williams","PF",0.476,"MIN",0.805,0.183,0.401,0.198,0.229,0.549,0.092,0.156,0.268,0.175,0.203,0.467,0.499,0.18,0.201,0.697,0.147,0.232,0.203,0.033,0.122,0.082,0.166,0.256,0.206,"2012",FALSE,0,0,26,FALSE
"462","Elliot Williams","SG",0.524,"POR",0.293,0,0.042,0.036,0.034,0.667,0.02,0.03,0.296,0.03,0.027,0.617,0.616,0.008,0.019,0.333,0.013,0.012,0.012,0.005,0.024,0.008,0.011,0.049,0.031,"2012",FALSE,0,0,28,FALSE
"464","Lou Williams","PG",0.595,"PHI",0.78,0,0.476,0.308,0.36,0.543,0.206,0.258,0.362,0.245,0.312,0.425,0.511,0.313,0.3,0.812,0.057,0.124,0.101,0.19,0.215,0.048,0.153,0.243,0.338,"2012",FALSE,0,0,35,FALSE
"465","Marvin Williams","SF",0.595,"ATL",0.695,0.451,0.425,0.196,0.216,0.576,0.144,0.168,0.389,0.151,0.181,0.452,0.549,0.152,0.15,0.788,0.145,0.216,0.192,0.061,0.191,0.048,0.084,0.226,0.204,"2012",FALSE,0,0,40,FALSE
"466","Mo Williams","SG",0.69,"LAC",0.634,0.012,0.417,0.251,0.281,0.568,0.231,0.27,0.389,0.174,0.21,0.449,0.558,0.095,0.082,0.9,0.044,0.075,0.065,0.137,0.207,0.019,0.185,0.278,0.242,"2012",FALSE,0,0,40,FALSE
"467","Reggie Williams","SF",0.595,"CHA",0.402,0.159,0.211,0.103,0.117,0.555,0.082,0.121,0.308,0.076,0.083,0.493,0.533,0.038,0.041,0.725,0.052,0.066,0.061,0.052,0.081,0.008,0.071,0.092,0.097,"2012",FALSE,0,0,7,FALSE
"469","Shawne Williams","SF",0.595,"NJN",0.305,0.073,0.145,0.041,0.068,0.381,0.052,0.098,0.241,0.022,0.034,0.35,0.397,0.011,0.011,0.727,0.038,0.048,0.044,0.014,0.041,0.029,0.028,0.119,0.04,"2012",FALSE,0,0,22,FALSE
"472","Metta World Peace","SF",0.762,"LAL",0.78,0.549,0.487,0.177,0.214,0.525,0.139,0.213,0.296,0.132,0.156,0.46,0.504,0.094,0.118,0.617,0.136,0.146,0.142,0.12,0.28,0.072,0.149,0.369,0.174,"2012",FALSE,0,0,41,FALSE
"473","Brandan Wright","C",0.571,"DAL",0.598,0,0.224,0.139,0.107,0.824,0,0.001,0,0.15,0.131,0.621,0.687,0.069,0.084,0.634,0.119,0.111,0.114,0.011,0.089,0.168,0.045,0.164,0.12,"2012",FALSE,0,0,36,FALSE
"475","Dorell Wright","SF",0.619,"GSW",0.744,0.744,0.467,0.215,0.242,0.563,0.261,0.33,0.36,0.122,0.132,0.5,0.58,0.106,0.101,0.816,0.115,0.216,0.182,0.081,0.236,0.069,0.11,0.261,0.222,"2012",FALSE,0,0,23,FALSE
"478","Thaddeus Young","PF",0.548,"PHI",0.768,0.012,0.497,0.337,0.316,0.676,0.002,0.005,0.25,0.361,0.385,0.508,0.563,0.147,0.148,0.771,0.262,0.187,0.212,0.064,0.26,0.109,0.119,0.342,0.285,"2012",FALSE,0,0,35,FALSE
"  1","Quincy Acy","PF",0.524,"TOR",0.354,0,0.097,0.041,0.035,0.747,0.002,0.002,0.5,0.043,0.041,0.562,0.63,0.041,0.039,0.816,0.057,0.047,0.05,0.009,0.053,0.04,0.037,0.143,0.041,"2013",FALSE,0,0,34,FALSE
"  2","Jeff Adrien","PF",0.619,"CHA",0.634,0.061,0.202,0.07,0.077,0.572,0,0.002,0,0.075,0.094,0.434,0.477,0.086,0.103,0.65,0.13,0.127,0.128,0.031,0.073,0.072,0.069,0.216,0.074,"2013",FALSE,0,0,21,FALSE
"  3","Arron Afflalo","SF",0.643,"ORL",0.78,0.78,0.653,0.384,0.416,0.585,0.179,0.271,0.3,0.338,0.375,0.489,0.531,0.253,0.229,0.857,0.055,0.209,0.156,0.177,0.163,0.029,0.297,0.369,0.373,"2013",FALSE,0,0,20,FALSE
"  6","LaMarcus Aldridge","PF",0.643,"POR",0.902,0.902,0.79,0.617,0.607,0.645,0.005,0.016,0.143,0.662,0.735,0.488,0.539,0.373,0.358,0.81,0.335,0.492,0.438,0.165,0.252,0.242,0.308,0.504,0.551,"2013",FALSE,0,0,33,FALSE
"  7","Lavoy Allen","C",0.548,"PHI",0.963,0.451,0.472,0.199,0.209,0.605,0,0.001,0,0.214,0.255,0.455,0.504,0.057,0.062,0.717,0.304,0.234,0.258,0.063,0.098,0.146,0.119,0.485,0.161,"2013",FALSE,0,0,34,FALSE
"  8","Ray Allen","SG",0.881,"MIA",0.963,0,0.576,0.282,0.3,0.599,0.346,0.375,0.419,0.159,0.18,0.48,0.617,0.185,0.163,0.886,0.076,0.176,0.142,0.116,0.272,0.04,0.222,0.348,0.305,"2013",FALSE,0,0,66,FALSE
"  9","Tony Allen","SG",0.738,"MEM",0.963,0.963,0.597,0.275,0.294,0.593,0.007,0.027,0.125,0.292,0.346,0.458,0.497,0.177,0.192,0.717,0.231,0.24,0.237,0.084,0.484,0.117,0.203,0.569,0.249,"2013",FALSE,0,0,56,FALSE
" 10","Al-Farouq Aminu","SF",0.524,"NOH",0.927,0.866,0.585,0.218,0.218,0.633,0.01,0.021,0.211,0.23,0.257,0.486,0.532,0.134,0.141,0.737,0.266,0.443,0.382,0.088,0.374,0.136,0.25,0.412,0.196,"2013",FALSE,0,0,27,FALSE
" 12","Chris Andersen","C",0.81,"MIA",0.512,0,0.177,0.069,0.057,0.769,0.005,0.003,0.667,0.072,0.068,0.575,0.65,0.083,0.096,0.677,0.109,0.114,0.112,0.015,0.065,0.117,0.052,0.24,0.073,"2013",FALSE,0,0,66,FALSE
" 13","Alan Anderson","SF",0.714,"TOR",0.793,0.024,0.423,0.228,0.283,0.511,0.236,0.322,0.333,0.147,0.187,0.426,0.511,0.167,0.151,0.857,0.065,0.113,0.097,0.088,0.195,0.019,0.172,0.353,0.245,"2013",FALSE,0,0,34,FALSE
" 15","Ryan Anderson","PF",0.571,"NOH",0.988,0.268,0.708,0.456,0.513,0.564,0.53,0.629,0.382,0.27,0.315,0.464,0.577,0.201,0.185,0.844,0.365,0.326,0.339,0.083,0.171,0.082,0.209,0.482,0.462,"2013",FALSE,0,0,27,FALSE
" 16","Carmelo Anthony","PF",0.667,"NYK",0.817,0.817,0.703,0.647,0.685,0.599,0.391,0.467,0.379,0.533,0.606,0.476,0.558,0.562,0.527,0.83,0.256,0.324,0.301,0.147,0.211,0.085,0.377,0.553,0.678,"2013",FALSE,1,0.393,54,TRUE
" 18","Trevor Ariza","SF",0.643,"WAS",0.683,0.183,0.416,0.182,0.208,0.556,0.189,0.236,0.364,0.117,0.136,0.463,0.557,0.103,0.098,0.821,0.084,0.22,0.174,0.097,0.293,0.053,0.181,0.194,0.187,"2013",FALSE,0,0,29,FALSE
" 19","Darrell Arthur","PF",0.571,"MEM",0.72,0.037,0.275,0.157,0.165,0.601,0.012,0.02,0.278,0.163,0.192,0.46,0.509,0.044,0.047,0.717,0.13,0.1,0.11,0.028,0.098,0.088,0.093,0.34,0.128,"2013",FALSE,0,0,56,FALSE
" 20","Omer Asik","C",0.619,"HOU",1,1,0.697,0.321,0.283,0.721,0,0.001,0,0.345,0.346,0.542,0.601,0.222,0.308,0.562,0.526,0.676,0.625,0.064,0.187,0.231,0.373,0.601,0.294,"2013",FALSE,0,0,45,FALSE
" 21","D.J. Augustin","PG",0.595,"IND",0.927,0.061,0.347,0.1,0.135,0.467,0.167,0.214,0.353,0.037,0.059,0.346,0.516,0.11,0.102,0.838,0.038,0.071,0.059,0.146,0.138,0.008,0.147,0.173,0.126,"2013",FALSE,0,0,49,FALSE
" 23","Jeff Ayres","PF",0.595,"IND",0.451,0,0.104,0.059,0.058,0.645,0.005,0.005,0.5,0.061,0.069,0.484,0.547,0.028,0.024,0.913,0.055,0.074,0.068,0.013,0.024,0.032,0.05,0.119,0.051,"2013",FALSE,0,0,49,FALSE
" 24","Luke Babbitt","PF",0.548,"POR",0.756,0,0.207,0.083,0.108,0.491,0.154,0.201,0.348,0.025,0.032,0.429,0.556,0.013,0.013,0.769,0.029,0.121,0.09,0.025,0.057,0.013,0.047,0.221,0.086,"2013",FALSE,0,0,33,FALSE
" 25","Leandro Barbosa","PG",0.714,"BOS",0.5,0.024,0.145,0.08,0.089,0.573,0.045,0.053,0.383,0.068,0.082,0.445,0.53,0.041,0.042,0.756,0.015,0.038,0.03,0.05,0.069,0.016,0.045,0.137,0.076,"2013",FALSE,0,0,41,FALSE
" 26","J.J. Barea","PG",0.667,"MIN",0.902,0.024,0.485,0.306,0.349,0.556,0.241,0.316,0.346,0.228,0.27,0.458,0.534,0.139,0.138,0.784,0.065,0.172,0.135,0.253,0.13,0,0.312,0.353,0.294,"2013",FALSE,0,0,31,FALSE
" 27","Andrea Bargnani","PF",0.643,"TOR",0.427,0.305,0.284,0.164,0.196,0.532,0.095,0.139,0.309,0.137,0.171,0.436,0.493,0.086,0.079,0.844,0.05,0.101,0.084,0.033,0.085,0.061,0.116,0.173,0.156,"2013",FALSE,0,0,34,FALSE
" 28","Harrison Barnes","SF",0.476,"GSW",0.988,0.988,0.583,0.267,0.289,0.585,0.129,0.164,0.359,0.233,0.272,0.464,0.534,0.19,0.195,0.758,0.101,0.278,0.218,0.084,0.211,0.037,0.218,0.377,0.264,"2013",FALSE,0,0,47,FALSE
" 29","Matt Barnes","SF",0.762,"LAC",0.976,0.049,0.583,0.302,0.311,0.616,0.276,0.367,0.342,0.209,0.197,0.574,0.604,0.115,0.12,0.744,0.212,0.253,0.239,0.106,0.333,0.168,0.194,0.628,0.29,"2013",FALSE,0,0,56,FALSE
" 31","Will Barton","SG",0.524,"POR",0.89,0.061,0.253,0.114,0.142,0.509,0.022,0.073,0.138,0.113,0.138,0.447,0.44,0.066,0.067,0.769,0.069,0.108,0.095,0.05,0.138,0.024,0.129,0.151,0.104,"2013",FALSE,0,0,33,FALSE
" 32","Brandon Bass","PF",0.643,"BOS",0.988,0.841,0.634,0.277,0.271,0.648,0,0.002,0,0.298,0.331,0.487,0.54,0.171,0.154,0.86,0.247,0.294,0.278,0.072,0.179,0.17,0.172,0.507,0.248,"2013",FALSE,0,0,41,FALSE
" 33","Shane Battier","SF",0.81,"MIA",0.878,0.244,0.506,0.147,0.167,0.56,0.338,0.357,0.43,0.017,0.026,0.348,0.676,0.042,0.039,0.842,0.071,0.127,0.108,0.062,0.167,0.146,0.073,0.402,0.167,"2013",FALSE,0,0,66,FALSE
" 34","Nicolas Batum","SF",0.571,"POR",0.89,0.89,0.795,0.34,0.383,0.564,0.41,0.501,0.372,0.195,0.219,0.481,0.58,0.235,0.216,0.848,0.185,0.313,0.269,0.309,0.37,0.221,0.409,0.375,0.37,"2013",FALSE,0,0,33,FALSE
" 35","Jerryd Bayless","PG",0.571,"MEM",0.976,0.049,0.5,0.251,0.286,0.559,0.177,0.227,0.353,0.197,0.237,0.45,0.529,0.135,0.126,0.836,0.042,0.153,0.115,0.227,0.24,0.045,0.259,0.453,0.245,"2013",FALSE,0,0,56,FALSE
" 36","Aron Baynes","C",0.619,"SAS",0.195,0,0.04,0.017,0.017,0.667,0,0.001,0,0.019,0.02,0.514,0.556,0.009,0.012,0.583,0.023,0.02,0.021,0.004,0.004,0.016,0.024,0.062,0.015,"2013",FALSE,0,0,58,FALSE
" 37","Kent Bazemore","SG",0.548,"GSW",0.744,0,0.076,0.042,0.053,0.495,0.025,0.038,0.294,0.034,0.046,0.402,0.46,0.036,0.045,0.614,0.01,0.017,0.014,0.019,0.069,0.011,0.039,0.073,0.043,"2013",FALSE,0,0,47,FALSE
" 38","Bradley Beal","SG",0.452,"WAS",0.683,0.561,0.494,0.273,0.316,0.547,0.226,0.266,0.386,0.199,0.254,0.424,0.53,0.165,0.164,0.786,0.082,0.167,0.138,0.118,0.203,0.077,0.194,0.305,0.275,"2013",FALSE,0,0,29,FALSE
" 39","Michael Beasley","SF",0.571,"PHO",0.915,0.244,0.44,0.3,0.353,0.54,0.112,0.163,0.313,0.276,0.351,0.426,0.482,0.124,0.13,0.746,0.099,0.228,0.184,0.095,0.126,0.09,0.31,0.288,0.268,"2013",FALSE,0,0,25,FALSE
" 40","Rodrigue Beaubois","PG",0.571,"DAL",0.549,0,0.155,0.063,0.081,0.492,0.052,0.081,0.292,0.046,0.059,0.423,0.477,0.04,0.039,0.789,0.017,0.048,0.037,0.072,0.077,0.011,0.071,0.146,0.064,"2013",FALSE,0,0,41,FALSE
" 41","Marco Belinelli","SG",0.619,"CHI",0.89,0.329,0.533,0.233,0.281,0.527,0.197,0.249,0.357,0.169,0.219,0.416,0.511,0.187,0.173,0.839,0.025,0.126,0.092,0.127,0.179,0.016,0.177,0.377,0.248,"2013",FALSE,0,0,45,FALSE
" 42","Patrick Beverley","PG",0.571,"HOU",0.5,0,0.202,0.076,0.087,0.557,0.09,0.108,0.375,0.045,0.052,0.462,0.57,0.045,0.042,0.829,0.086,0.064,0.071,0.101,0.15,0.056,0.095,0.224,0.081,"2013",FALSE,0,0,45,FALSE
" 44","Chauncey Billups","SG",0.857,"LAC",0.268,0.268,0.118,0.051,0.061,0.536,0.082,0.102,0.367,0.021,0.024,0.476,0.586,0.06,0.049,0.938,0.004,0.03,0.021,0.042,0.049,0.003,0.056,0.067,0.065,"2013",FALSE,0,0,56,FALSE
" 46","DeJuan Blair","PF",0.548,"SAS",0.744,0.195,0.241,0.137,0.125,0.699,0,0.001,0,0.148,0.152,0.526,0.582,0.058,0.072,0.629,0.126,0.163,0.15,0.039,0.15,0.027,0.106,0.302,0.116,"2013",FALSE,0,0,58,FALSE
" 47","Steve Blake","PG",0.762,"LAL",0.549,0.159,0.333,0.11,0.124,0.563,0.179,0.193,0.421,0.044,0.056,0.424,0.618,0.036,0.036,0.771,0.04,0.11,0.086,0.149,0.138,0.016,0.134,0.224,0.115,"2013",FALSE,0,0,45,FALSE
" 48","Andray Blatche","C",0.619,"BRK",1,0.098,0.44,0.335,0.311,0.683,0.007,0.025,0.136,0.357,0.369,0.524,0.571,0.196,0.222,0.685,0.308,0.254,0.273,0.073,0.35,0.144,0.265,0.439,0.298,"2013",FALSE,0,0,49,FALSE
" 49","Eric Bledsoe","PG",0.548,"LAC",0.927,0.146,0.44,0.245,0.261,0.593,0.077,0.088,0.397,0.231,0.276,0.453,0.526,0.14,0.138,0.791,0.149,0.146,0.147,0.2,0.443,0.146,0.295,0.302,0.227,"2013",FALSE,0,0,56,FALSE
" 50","Keith Bogans","SG",0.762,"BRK",0.902,0.28,0.399,0.104,0.131,0.507,0.209,0.277,0.343,0.025,0.022,0.615,0.587,0.015,0.017,0.647,0.031,0.103,0.078,0.065,0.114,0.011,0.106,0.291,0.11,"2013",FALSE,0,0,49,FALSE
" 51","Andrew Bogut","C",0.667,"GSW",0.39,0.39,0.222,0.08,0.085,0.601,0.002,0.001,1,0.085,0.103,0.448,0.504,0.025,0.039,0.5,0.13,0.176,0.16,0.058,0.081,0.146,0.075,0.229,0.066,"2013",FALSE,0,0,47,FALSE
" 52","Matt Bonner","PF",0.762,"SAS",0.829,0.049,0.257,0.108,0.106,0.649,0.132,0.135,0.442,0.061,0.062,0.536,0.669,0.015,0.015,0.733,0.048,0.103,0.084,0.031,0.069,0.051,0.034,0.232,0.102,"2013",FALSE,0,0,58,FALSE
" 53","Trevor Booker","PF",0.595,"WAS",0.585,0.171,0.251,0.104,0.101,0.655,0,0.006,0,0.112,0.121,0.502,0.546,0.053,0.074,0.556,0.187,0.14,0.156,0.034,0.13,0.043,0.067,0.256,0.09,"2013",FALSE,0,0,29,FALSE
" 54","Carlos Boozer","PF",0.738,"CHI",0.963,0.963,0.721,0.526,0.525,0.636,0,0.002,0,0.566,0.642,0.478,0.53,0.255,0.272,0.731,0.335,0.592,0.504,0.154,0.268,0.074,0.379,0.644,0.452,"2013",FALSE,0,0,45,FALSE
" 55","Chris Bosh","C",0.667,"MIA",0.902,0.902,0.695,0.469,0.417,0.713,0.052,0.084,0.284,0.483,0.47,0.557,0.607,0.319,0.311,0.798,0.25,0.367,0.327,0.106,0.268,0.269,0.276,0.453,0.435,"2013",FALSE,0,0,66,FALSE
" 56","Avery Bradley","PG",0.524,"BOS",0.61,0.61,0.406,0.186,0.22,0.536,0.1,0.142,0.317,0.158,0.199,0.432,0.493,0.049,0.05,0.755,0.057,0.08,0.073,0.089,0.26,0.051,0.155,0.348,0.163,"2013",FALSE,0,0,41,FALSE
" 57","Elton Brand","C",0.786,"DAL",0.878,0.22,0.432,0.219,0.22,0.631,0,0.001,0,0.235,0.269,0.474,0.526,0.087,0.096,0.71,0.249,0.298,0.281,0.06,0.203,0.239,0.123,0.518,0.183,"2013",FALSE,0,0,41,FALSE
" 58","Corey Brewer","SF",0.619,"DEN",1,0.024,0.567,0.363,0.406,0.567,0.226,0.347,0.296,0.296,0.325,0.493,0.529,0.197,0.222,0.69,0.105,0.179,0.154,0.107,0.48,0.061,0.22,0.415,0.35,"2013",FALSE,0,0,57,FALSE
" 61","MarShon Brooks","SG",0.571,"BRK",0.89,0.024,0.258,0.15,0.154,0.617,0.037,0.062,0.273,0.146,0.158,0.5,0.539,0.091,0.097,0.734,0.061,0.071,0.068,0.065,0.138,0.043,0.149,0.251,0.139,"2013",FALSE,0,0,49,FALSE
" 63","Shannon Brown","SG",0.643,"PHO",0.72,0.268,0.397,0.232,0.263,0.56,0.097,0.159,0.277,0.209,0.243,0.467,0.504,0.13,0.129,0.784,0.084,0.104,0.097,0.093,0.24,0.04,0.159,0.248,0.218,"2013",FALSE,0,0,25,FALSE
" 64","Kobe Bryant","SG",0.81,"LAL",0.951,0.951,0.853,0.714,0.734,0.617,0.328,0.459,0.324,0.631,0.67,0.51,0.56,0.694,0.644,0.839,0.126,0.364,0.283,0.403,0.431,0.066,0.619,0.466,0.753,"2013",FALSE,0,0.152,45,TRUE
" 65","Chase Budinger","SF",0.571,"MIN",0.28,0.012,0.144,0.076,0.088,0.552,0.065,0.091,0.321,0.055,0.062,0.482,0.536,0.042,0.043,0.762,0.029,0.056,0.046,0.021,0.057,0.019,0.05,0.078,0.076,"2013",FALSE,0,0,31,FALSE
" 66","Alec Burks","SG",0.5,"UTA",0.78,0,0.322,0.158,0.179,0.56,0.082,0.104,0.359,0.135,0.167,0.439,0.514,0.122,0.133,0.713,0.071,0.107,0.095,0.079,0.142,0.035,0.159,0.307,0.159,"2013",FALSE,0,0,43,FALSE
" 67","Caron Butler","SF",0.762,"LAC",0.951,0.951,0.532,0.295,0.331,0.565,0.318,0.372,0.388,0.184,0.22,0.454,0.57,0.099,0.093,0.833,0.078,0.181,0.146,0.067,0.207,0.029,0.155,0.375,0.287,"2013",FALSE,0,0,56,FALSE
" 68","Jimmy Butler","SF",0.548,"CHI",1,0.244,0.604,0.231,0.236,0.623,0.1,0.119,0.381,0.207,0.23,0.489,0.562,0.247,0.24,0.803,0.26,0.191,0.214,0.099,0.317,0.082,0.134,0.261,0.249,"2013",FALSE,0,0,45,FALSE
" 69","Will Bynum","PG",0.714,"DET",0.793,0,0.345,0.245,0.249,0.625,0.06,0.086,0.316,0.238,0.262,0.494,0.546,0.14,0.135,0.809,0.054,0.069,0.063,0.198,0.183,0.013,0.269,0.345,0.225,"2013",FALSE,0,0,29,FALSE
" 72","DeMarre Carroll","SF",0.619,"UTA",0.805,0.146,0.314,0.144,0.149,0.613,0.05,0.079,0.286,0.134,0.143,0.508,0.546,0.099,0.101,0.765,0.166,0.1,0.123,0.052,0.236,0.064,0.073,0.321,0.139,"2013",FALSE,0,0,43,FALSE
" 74","Vince Carter","SF",0.857,"DAL",0.988,0.037,0.592,0.36,0.393,0.58,0.403,0.45,0.406,0.219,0.257,0.461,0.589,0.241,0.229,0.816,0.111,0.274,0.218,0.167,0.301,0.117,0.228,0.609,0.384,"2013",FALSE,0,0,41,FALSE
" 75","Omri Casspi","SF",0.571,"CLE",0.524,0.012,0.142,0.061,0.074,0.525,0.062,0.086,0.329,0.04,0.047,0.452,0.524,0.029,0.042,0.537,0.038,0.093,0.075,0.024,0.102,0.032,0.047,0.121,0.061,"2013",FALSE,0,0,24,FALSE
" 76","Mario Chalmers","PG",0.619,"MIA",0.939,0.939,0.585,0.22,0.243,0.572,0.306,0.34,0.409,0.108,0.129,0.456,0.606,0.118,0.115,0.795,0.036,0.151,0.112,0.235,0.48,0.032,0.256,0.528,0.235,"2013",FALSE,0,0,66,FALSE
" 78","Wilson Chandler","PF",0.595,"DEN",0.524,0.098,0.305,0.203,0.209,0.616,0.129,0.142,0.413,0.164,0.186,0.48,0.577,0.116,0.114,0.793,0.086,0.172,0.142,0.05,0.183,0.032,0.129,0.321,0.198,"2013",FALSE,0,0,57,FALSE
" 79","Josh Childress","SF",0.69,"BRK",0.171,0,0.028,0.006,0.01,0.381,0.002,0.003,0.333,0.005,0.01,0.278,0.344,0.001,0.002,0.5,0.011,0.009,0.01,0.004,0.008,0.005,0,0.008,0.005,"2013",FALSE,0,0,49,FALSE
" 80","Earl Clark","PF",0.595,"LAL",0.72,0.439,0.386,0.164,0.178,0.587,0.087,0.117,0.337,0.14,0.159,0.479,0.54,0.07,0.078,0.697,0.157,0.241,0.212,0.056,0.146,0.117,0.134,0.275,0.151,"2013",FALSE,0,0,45,FALSE
" 81","Victor Claver","SF",0.571,"POR",0.598,0.195,0.23,0.072,0.087,0.523,0.062,0.098,0.287,0.051,0.058,0.48,0.509,0.019,0.031,0.467,0.059,0.087,0.078,0.037,0.106,0.032,0.093,0.202,0.066,"2013",FALSE,0,0,33,FALSE
" 82","Norris Cole","PG",0.571,"MIA",0.976,0.049,0.45,0.173,0.196,0.561,0.087,0.111,0.357,0.15,0.184,0.44,0.513,0.069,0.082,0.65,0.034,0.111,0.085,0.141,0.232,0.019,0.224,0.418,0.157,"2013",FALSE,0,0,66,FALSE
" 84","Darren Collison","PG",0.595,"DAL",0.988,0.573,0.671,0.33,0.333,0.628,0.119,0.153,0.353,0.305,0.332,0.498,0.56,0.32,0.283,0.88,0.059,0.187,0.143,0.357,0.407,0.021,0.373,0.375,0.343,"2013",FALSE,0,0,41,FALSE
" 85","Nick Collison","C",0.762,"OKC",0.988,0.024,0.448,0.17,0.136,0.793,0,0.005,0,0.183,0.165,0.603,0.661,0.079,0.08,0.769,0.235,0.209,0.218,0.104,0.207,0.08,0.149,0.531,0.145,"2013",FALSE,0,0,60,FALSE
" 86","Mike Conley","PG",0.595,"MEM",0.976,0.976,0.78,0.4,0.433,0.587,0.264,0.331,0.362,0.32,0.365,0.476,0.552,0.31,0.29,0.83,0.082,0.181,0.147,0.418,0.707,0.064,0.407,0.461,0.412,"2013",FALSE,0,0,56,FALSE
" 87","Will Conroy","PG",0.714,"MIN",0.049,0,0.006,0,0.004,0,0,0.003,0,0,0.003,0,0,0.001,0.002,0.5,0.002,0,0.001,0,0,0,0,0.003,0,"2013",FALSE,0,0,31,FALSE
" 89","Chris Copeland","PF",0.667,"NYK",0.683,0.159,0.244,0.176,0.175,0.639,0.147,0.158,0.421,0.128,0.135,0.513,0.619,0.083,0.085,0.759,0.065,0.084,0.078,0.023,0.065,0.032,0.108,0.28,0.172,"2013",FALSE,0,0,54,FALSE
" 90","DeMarcus Cousins","C",0.524,"SAC",0.915,0.902,0.648,0.466,0.477,0.62,0.01,0.025,0.182,0.497,0.572,0.471,0.519,0.413,0.435,0.738,0.424,0.52,0.488,0.171,0.439,0.146,0.485,0.725,0.452,"2013",FALSE,0,0,28,FALSE
" 91","Jamal Crawford","SG",0.762,"LAC",0.927,0,0.631,0.43,0.468,0.584,0.371,0.447,0.376,0.308,0.35,0.477,0.568,0.286,0.255,0.871,0.042,0.105,0.084,0.166,0.321,0.035,0.315,0.191,0.443,"2013",FALSE,0,0,56,FALSE
" 93","Jae Crowder","SF",0.524,"DAL",0.951,0.195,0.383,0.136,0.169,0.512,0.157,0.217,0.328,0.081,0.099,0.446,0.522,0.062,0.075,0.644,0.067,0.151,0.122,0.081,0.256,0.045,0.106,0.345,0.138,"2013",FALSE,0,0,41,FALSE
" 94","Dante Cunningham","PF",0.595,"MIN",0.976,0.11,0.569,0.304,0.309,0.624,0,0.007,0,0.327,0.375,0.472,0.52,0.089,0.106,0.65,0.272,0.264,0.267,0.058,0.341,0.101,0.121,0.412,0.245,"2013",FALSE,0,0,31,FALSE
" 95","Jared Cunningham","SG",0.5,"DAL",0.098,0,0.007,0.006,0.006,0.572,0.005,0.003,0.667,0.004,0.006,0.364,0.556,0.003,0.002,1,0.002,0.002,0.002,0.001,0.004,0,0.004,0.008,0.006,"2013",FALSE,0,0,41,FALSE
" 97","Stephen Curry","PG",0.571,"GSW",0.951,0.951,0.844,0.605,0.639,0.601,0.677,0.677,0.453,0.368,0.444,0.449,0.61,0.347,0.299,0.9,0.113,0.253,0.205,0.463,0.512,0.032,0.517,0.534,0.631,"2013",FALSE,0,0.002,47,TRUE
" 98","Samuel Dalembert","C",0.738,"MIL",0.573,0.28,0.217,0.132,0.116,0.723,0.002,0.001,1,0.142,0.142,0.54,0.603,0.05,0.057,0.691,0.201,0.17,0.18,0.018,0.069,0.141,0.11,0.243,0.111,"2013",FALSE,0,0,38,FALSE
" 99","Marquis Daniels","SF",0.762,"MIL",0.72,0.402,0.307,0.128,0.162,0.501,0.05,0.081,0.278,0.117,0.157,0.401,0.45,0.053,0.056,0.741,0.092,0.101,0.098,0.056,0.207,0.027,0.097,0.208,0.114,"2013",FALSE,0,0,38,FALSE
"100","Anthony Davis","PF",0.452,"NOH",0.78,0.732,0.523,0.338,0.311,0.688,0,0.007,0,0.363,0.378,0.521,0.573,0.224,0.231,0.751,0.315,0.355,0.341,0.054,0.305,0.298,0.192,0.426,0.306,"2013",FALSE,0,0,27,FALSE
"102","Glen Davis","PF",0.643,"ORL",0.415,0.402,0.301,0.207,0.22,0.597,0,0.002,0,0.223,0.268,0.45,0.498,0.111,0.12,0.718,0.105,0.19,0.161,0.06,0.13,0.056,0.138,0.237,0.181,"2013",FALSE,0,0,20,FALSE
"104","Nando De Colo","SG",0.595,"SAS",0.878,0.073,0.26,0.102,0.111,0.581,0.077,0.093,0.378,0.077,0.09,0.465,0.556,0.046,0.045,0.795,0.044,0.114,0.09,0.119,0.167,0.016,0.175,0.235,0.097,"2013",FALSE,0,0,58,FALSE
"105","Carlos Delfino","SF",0.714,"HOU",0.817,0.061,0.478,0.243,0.285,0.54,0.393,0.475,0.375,0.097,0.112,0.467,0.591,0.063,0.058,0.857,0.034,0.201,0.144,0.116,0.276,0.024,0.155,0.307,0.25,"2013",FALSE,0,0,45,FALSE
"106","Luol Deng","SF",0.643,"CHI",0.915,0.915,0.822,0.451,0.503,0.568,0.187,0.263,0.322,0.407,0.485,0.455,0.512,0.304,0.29,0.816,0.31,0.312,0.311,0.191,0.329,0.085,0.31,0.283,0.437,"2013",FALSE,0,0,45,FALSE
"108","DeMar DeRozan","SG",0.548,"TOR",1,1,0.853,0.53,0.566,0.593,0.085,0.135,0.283,0.535,0.627,0.463,0.51,0.47,0.439,0.831,0.092,0.27,0.209,0.175,0.309,0.064,0.325,0.466,0.524,"2013",FALSE,0,0,34,FALSE
"109","Boris Diaw","PF",0.714,"SAS",0.915,0.244,0.484,0.173,0.153,0.719,0.075,0.088,0.385,0.155,0.143,0.587,0.649,0.062,0.067,0.723,0.126,0.187,0.166,0.155,0.211,0.072,0.181,0.385,0.154,"2013",FALSE,0,0,58,FALSE
"110","DeSagana Diop","C",0.738,"CHA",0.268,0.012,0.064,0.008,0.012,0.395,0,0.001,0,0.008,0.015,0.308,0.329,0,0.001,0,0.019,0.041,0.033,0.011,0.02,0.043,0.017,0.051,0.006,"2013",FALSE,0,0,21,FALSE
"111","Keyon Dooling","PG",0.762,"MEM",0.085,0,0.023,0.01,0.01,0.635,0.012,0.014,0.417,0.005,0.005,0.556,0.661,0.008,0.007,0.857,0,0.001,0.001,0.007,0.004,0,0.011,0.022,0.011,"2013",FALSE,0,0,56,FALSE
"113","Chris Douglas-Roberts","SG",0.619,"DAL",0.073,0,0.018,0.005,0.006,0.476,0,0.005,0,0.005,0.006,0.5,0.397,0.009,0.01,0.7,0,0.005,0.003,0.003,0.008,0,0.002,0.011,0.006,"2013",FALSE,0,0,41,FALSE
"114","Goran Dragic","PG",0.619,"PHO",0.939,0.939,0.731,0.388,0.417,0.591,0.219,0.312,0.319,0.326,0.355,0.497,0.546,0.323,0.335,0.748,0.115,0.177,0.156,0.489,0.504,0.069,0.457,0.577,0.4,"2013",FALSE,0,0,25,FALSE
"115","Andre Drummond","C",0.452,"DET",0.732,0.122,0.352,0.201,0.157,0.811,0.002,0.002,0.5,0.215,0.192,0.609,0.678,0.078,0.164,0.371,0.323,0.286,0.299,0.026,0.24,0.253,0.123,0.388,0.168,"2013",FALSE,0,0,29,FALSE
"116","Jared Dudley","SF",0.643,"PHO",0.963,0.61,0.614,0.303,0.308,0.624,0.264,0.306,0.391,0.215,0.224,0.52,0.608,0.171,0.167,0.796,0.151,0.165,0.16,0.174,0.305,0.021,0.218,0.345,0.304,"2013",FALSE,0,0,25,FALSE
"117","Chris Duhon","PG",0.714,"LAL",0.561,0.11,0.232,0.045,0.057,0.509,0.082,0.103,0.363,0.015,0.018,0.438,0.573,0.008,0.013,0.462,0.021,0.057,0.044,0.114,0.081,0.003,0.086,0.151,0.047,"2013",FALSE,0,0,45,FALSE
"118","Tim Duncan","C",0.857,"SAS",0.841,0.841,0.588,0.474,0.449,0.669,0.005,0.008,0.286,0.508,0.547,0.504,0.559,0.324,0.309,0.817,0.237,0.558,0.448,0.158,0.203,0.487,0.317,0.315,0.433,"2013",FALSE,0,0.054,58,TRUE
"119","Mike Dunleavy","SF",0.762,"MIL",0.915,0.037,0.55,0.267,0.287,0.589,0.318,0.337,0.428,0.154,0.183,0.455,0.606,0.139,0.132,0.82,0.059,0.258,0.19,0.125,0.159,0.093,0.194,0.364,0.277,"2013",FALSE,0,0,38,FALSE
"120","Kevin Durant","SF",0.571,"OKC",0.988,0.988,0.883,0.707,0.659,0.68,0.346,0.377,0.416,0.616,0.62,0.539,0.621,0.898,0.772,0.905,0.088,0.59,0.418,0.321,0.472,0.279,0.603,0.385,0.805,"2013",FALSE,0,0.632,60,TRUE
"121","Devin Ebanks","SF",0.548,"LAL",0.232,0.037,0.056,0.023,0.034,0.439,0.015,0.025,0.273,0.019,0.029,0.353,0.411,0.015,0.014,0.786,0.019,0.031,0.027,0.009,0.012,0.003,0.024,0.062,0.023,"2013",FALSE,0,0,45,FALSE
"123","Monta Ellis","SG",0.643,"MIL",1,1,0.871,0.577,0.661,0.555,0.234,0.37,0.287,0.523,0.625,0.454,0.498,0.382,0.385,0.773,0.086,0.269,0.207,0.426,0.687,0.096,0.547,0.442,0.557,"2013",FALSE,0,0,38,FALSE
"124","Kim English","SG",0.571,"DET",0.5,0,0.115,0.041,0.052,0.5,0.035,0.056,0.28,0.029,0.035,0.452,0.487,0.028,0.03,0.724,0.015,0.029,0.024,0.022,0.065,0.008,0.041,0.124,0.042,"2013",FALSE,0,0,29,FALSE
"125","Jeremy Evans","PF",0.595,"UTA",0.451,0,0.061,0.026,0.02,0.819,0,0.001,0,0.028,0.024,0.628,0.682,0.028,0.034,0.636,0.05,0.032,0.038,0.009,0.033,0.035,0.017,0.081,0.026,"2013",FALSE,0,0,43,FALSE
"127","Tyreke Evans","SG",0.548,"SAC",0.793,0.744,0.571,0.354,0.352,0.637,0.112,0.15,0.338,0.334,0.356,0.508,0.564,0.278,0.279,0.775,0.107,0.229,0.188,0.197,0.366,0.072,0.276,0.358,0.349,"2013",FALSE,0,0,28,FALSE
"130","Derrick Favors","PF",0.5,"UTA",0.939,0.098,0.506,0.265,0.261,0.643,0,0.006,0,0.285,0.318,0.487,0.536,0.237,0.267,0.688,0.352,0.359,0.357,0.064,0.272,0.346,0.278,0.666,0.257,"2013",FALSE,0,0,43,FALSE
"131","Raymond Felton","PG",0.667,"NYK",0.829,0.829,0.655,0.365,0.406,0.569,0.231,0.291,0.36,0.296,0.352,0.455,0.533,0.134,0.132,0.789,0.098,0.142,0.127,0.32,0.382,0.037,0.334,0.35,0.335,"2013",FALSE,0,0,54,FALSE
"132","Landry Fields","SF",0.571,"TOR",0.622,0.268,0.294,0.099,0.103,0.609,0.005,0.016,0.143,0.104,0.118,0.478,0.513,0.045,0.055,0.642,0.113,0.148,0.136,0.052,0.13,0.021,0.091,0.17,0.085,"2013",FALSE,0,0,34,FALSE
"134","Evan Fournier","SG",0.476,"DEN",0.463,0.049,0.121,0.073,0.07,0.657,0.055,0.061,0.407,0.055,0.055,0.541,0.629,0.04,0.04,0.769,0.011,0.029,0.023,0.038,0.077,0.003,0.069,0.175,0.071,"2013",FALSE,0,0,57,FALSE
"135","Randy Foye","SG",0.69,"UTA",1,0.878,0.637,0.283,0.34,0.529,0.443,0.49,0.41,0.12,0.171,0.378,0.576,0.156,0.148,0.819,0.033,0.109,0.083,0.143,0.268,0.072,0.198,0.512,0.311,"2013",FALSE,0,0,43,FALSE
"136","Jimmer Fredette","SG",0.548,"SAC",0.841,0,0.274,0.166,0.188,0.561,0.162,0.176,0.417,0.111,0.143,0.423,0.556,0.112,0.102,0.859,0.036,0.052,0.046,0.079,0.126,0.008,0.147,0.173,0.174,"2013",FALSE,0,0,28,FALSE
"138","Danilo Gallinari","SF",0.571,"DEN",0.866,0.866,0.654,0.352,0.401,0.557,0.336,0.409,0.373,0.238,0.287,0.45,0.55,0.378,0.358,0.822,0.124,0.3,0.24,0.151,0.26,0.096,0.239,0.35,0.406,"2013",FALSE,0,0,57,FALSE
"140","Kevin Garnett","C",0.857,"BOS",0.829,0.829,0.572,0.408,0.391,0.661,0.005,0.018,0.125,0.437,0.47,0.504,0.553,0.209,0.207,0.786,0.143,0.452,0.346,0.137,0.317,0.165,0.237,0.415,0.355,"2013",FALSE,0,0.001,41,TRUE
"141","Diante Garrett","PG",0.571,"PHO",0.232,0,0.042,0.015,0.023,0.436,0.007,0.017,0.2,0.014,0.019,0.382,0.397,0.007,0.01,0.5,0.01,0.01,0.01,0.027,0.041,0,0.034,0.013,0.014,"2013",FALSE,0,0,25,FALSE
"142","Marc Gasol","C",0.667,"MEM",0.976,0.976,0.791,0.415,0.4,0.659,0.002,0.016,0.071,0.445,0.482,0.501,0.549,0.354,0.325,0.848,0.352,0.435,0.407,0.273,0.325,0.37,0.338,0.687,0.398,"2013",FALSE,0,0.001,56,TRUE
"143","Pau Gasol","PF",0.762,"LAL",0.598,0.512,0.468,0.261,0.266,0.621,0.02,0.032,0.286,0.273,0.311,0.475,0.526,0.165,0.183,0.702,0.212,0.308,0.275,0.172,0.098,0.162,0.224,0.251,0.238,"2013",FALSE,0,0,45,FALSE
"145","Alonzo Gee","SF",0.595,"CLE",1,1,0.719,0.295,0.342,0.547,0.172,0.247,0.315,0.246,0.296,0.45,0.507,0.216,0.211,0.795,0.143,0.243,0.209,0.114,0.435,0.077,0.284,0.536,0.297,"2013",FALSE,0,0,24,FALSE
"146","Mickael Gelabale","SF",0.69,"MIN",0.439,0.159,0.182,0.07,0.064,0.691,0.04,0.059,0.308,0.058,0.049,0.644,0.64,0.028,0.025,0.875,0.061,0.067,0.065,0.022,0.065,0.011,0.034,0.127,0.064,"2013",FALSE,0,0,31,FALSE
"147","Paul George","SF",0.524,"IND",0.963,0.963,0.841,0.477,0.541,0.559,0.423,0.529,0.362,0.336,0.399,0.457,0.546,0.292,0.282,0.807,0.168,0.511,0.394,0.281,0.581,0.136,0.502,0.612,0.486,"2013",FALSE,0,0,49,FALSE
"148","Daniel Gibson","PG",0.619,"CLE",0.561,0.037,0.26,0.081,0.114,0.453,0.139,0.184,0.344,0.029,0.047,0.333,0.503,0.034,0.038,0.703,0.01,0.055,0.039,0.07,0.122,0.011,0.067,0.24,0.088,"2013",FALSE,0,0,24,FALSE
"149","Taj Gibson","PF",0.643,"CHI",0.793,0.061,0.413,0.207,0.203,0.647,0,0.005,0,0.223,0.246,0.49,0.539,0.118,0.135,0.679,0.239,0.218,0.225,0.052,0.11,0.239,0.164,0.447,0.183,"2013",FALSE,0,0,45,FALSE
"150","Manu Ginobili","SG",0.833,"SAS",0.732,0,0.394,0.221,0.248,0.567,0.206,0.265,0.353,0.152,0.171,0.48,0.558,0.217,0.212,0.796,0.057,0.17,0.131,0.235,0.325,0.035,0.284,0.307,0.249,"2013",FALSE,0,0,58,FALSE
"151","Drew Gooden","C",0.738,"MIL",0.195,0,0.043,0.019,0.028,0.437,0.002,0.006,0.2,0.02,0.032,0.339,0.373,0.015,0.016,0.688,0.025,0.018,0.02,0.005,0.02,0.016,0.019,0.057,0.018,"2013",FALSE,0,0,38,FALSE
"152","Ben Gordon","SG",0.69,"CHA",0.915,0,0.442,0.3,0.35,0.544,0.281,0.33,0.387,0.205,0.264,0.421,0.536,0.142,0.131,0.843,0.034,0.111,0.085,0.121,0.142,0.043,0.293,0.361,0.297,"2013",FALSE,0,0,21,FALSE
"153","Eric Gordon","SG",0.571,"NOH",0.512,0.488,0.358,0.227,0.269,0.536,0.139,0.195,0.324,0.186,0.232,0.436,0.5,0.247,0.228,0.842,0.019,0.067,0.05,0.118,0.183,0.021,0.252,0.202,0.252,"2013",FALSE,0,0,27,FALSE
"154","Marcin Gortat","C",0.667,"PHO",0.744,0.744,0.531,0.285,0.26,0.695,0,0.003,0,0.307,0.318,0.524,0.579,0.119,0.142,0.652,0.245,0.385,0.337,0.064,0.163,0.261,0.213,0.342,0.24,"2013",FALSE,0,0,25,FALSE
"156","Danny Granger","SF",0.69,"IND",0.061,0,0.021,0.01,0.016,0.381,0.005,0.011,0.2,0.008,0.014,0.32,0.349,0.007,0.008,0.625,0.006,0.006,0.006,0.003,0.008,0.003,0.009,0.016,0.01,"2013",FALSE,0,0,49,FALSE
"158","Danny Green","SG",0.595,"SAS",0.976,0.976,0.623,0.287,0.305,0.597,0.44,0.466,0.429,0.125,0.141,0.48,0.646,0.089,0.081,0.848,0.069,0.207,0.159,0.121,0.374,0.144,0.203,0.334,0.296,"2013",FALSE,0,0,58,FALSE
"159","Draymond Green","SF",0.524,"GSW",0.963,0.012,0.3,0.081,0.118,0.436,0.035,0.076,0.209,0.073,0.107,0.368,0.393,0.06,0.057,0.818,0.111,0.201,0.17,0.046,0.171,0.066,0.11,0.429,0.08,"2013",FALSE,0,0,47,FALSE
"160","Gerald Green","SF",0.643,"IND",0.732,0.085,0.306,0.15,0.195,0.488,0.147,0.212,0.314,0.1,0.133,0.407,0.483,0.069,0.067,0.8,0.059,0.109,0.092,0.043,0.077,0.061,0.114,0.173,0.149,"2013",FALSE,0,0,49,FALSE
"161","Jeff Green","PF",0.619,"BOS",0.988,0.207,0.637,0.364,0.371,0.623,0.174,0.205,0.385,0.318,0.352,0.49,0.567,0.283,0.273,0.808,0.105,0.261,0.208,0.11,0.228,0.181,0.284,0.472,0.366,"2013",FALSE,0,0,41,FALSE
"162","Willie Green","SG",0.738,"LAC",0.878,0.732,0.336,0.172,0.178,0.615,0.177,0.187,0.428,0.111,0.124,0.486,0.614,0.03,0.033,0.719,0.033,0.079,0.063,0.047,0.118,0.032,0.067,0.259,0.159,"2013",FALSE,0,0,56,FALSE
"163","Blake Griffin","PF",0.548,"LAC",0.976,0.976,0.735,0.558,0.493,0.717,0.012,0.032,0.179,0.595,0.589,0.548,0.601,0.372,0.438,0.66,0.356,0.473,0.433,0.257,0.394,0.133,0.399,0.623,0.508,"2013",FALSE,0,0,56,FALSE
"165","Jordan Hamilton","SF",0.524,"DEN",0.488,0.012,0.112,0.081,0.092,0.557,0.067,0.082,0.37,0.059,0.072,0.445,0.539,0.017,0.027,0.5,0.061,0.063,0.062,0.02,0.061,0.021,0.041,0.065,0.073,"2013",FALSE,0,0,57,FALSE
"166","Richard Hamilton","SG",0.81,"CHI",0.61,0.549,0.308,0.197,0.219,0.572,0.04,0.059,0.308,0.196,0.239,0.444,0.496,0.087,0.079,0.857,0.031,0.067,0.054,0.102,0.098,0.013,0.181,0.251,0.173,"2013",FALSE,0,0,45,FALSE
"167","Ben Hansbrough","PG",0.595,"IND",0.341,0,0.057,0.015,0.021,0.444,0.015,0.026,0.261,0.009,0.012,0.409,0.444,0.028,0.028,0.778,0.004,0.016,0.012,0.018,0.028,0.005,0.039,0.062,0.02,"2013",FALSE,0,0,49,FALSE
"168","Tyler Hansbrough","PF",0.643,"IND",0.988,0.098,0.387,0.17,0.187,0.576,0,0.003,0,0.183,0.228,0.436,0.48,0.286,0.309,0.72,0.308,0.211,0.244,0.031,0.118,0.048,0.168,0.41,0.201,"2013",FALSE,0,0,49,FALSE
"169","James Harden","SG",0.548,"HOU",0.951,0.951,0.845,0.566,0.615,0.584,0.445,0.549,0.368,0.422,0.48,0.477,0.56,0.892,0.815,0.851,0.119,0.315,0.248,0.391,0.577,0.101,0.636,0.48,0.714,"2013",FALSE,0,0.027,45,TRUE
"170","Maurice Harkless","SF",0.452,"ORL",0.927,0.72,0.559,0.251,0.26,0.615,0.08,0.132,0.274,0.237,0.252,0.51,0.543,0.097,0.132,0.57,0.233,0.212,0.219,0.043,0.358,0.165,0.149,0.388,0.221,"2013",FALSE,0,0,20,FALSE
"171","Josh Harrellson","C",0.548,"MIA",0.073,0,0.009,0.004,0.004,0.592,0.002,0.006,0.2,0.003,0.002,0.75,0.556,0.001,0.002,0.5,0.006,0.004,0.005,0,0.004,0.003,0.006,0.011,0.004,"2013",FALSE,0,0,66,FALSE
"172","Al Harrington","C",0.762,"ORL",0.122,0,0.034,0.019,0.026,0.468,0.02,0.034,0.267,0.012,0.015,0.444,0.468,0.004,0.004,0.75,0.011,0.021,0.018,0.009,0.016,0.003,0.015,0.049,0.018,"2013",FALSE,0,0,20,FALSE
"173","Devin Harris","SG",0.69,"ATL",0.707,0.415,0.402,0.188,0.204,0.584,0.192,0.26,0.335,0.122,0.12,0.549,0.583,0.148,0.158,0.727,0.011,0.109,0.076,0.169,0.26,0.035,0.19,0.278,0.204,"2013",FALSE,0,0,44,FALSE
"177","Spencer Hawes","C",0.571,"PHI",1,0.488,0.632,0.364,0.373,0.619,0.077,0.098,0.356,0.359,0.408,0.477,0.537,0.161,0.162,0.777,0.331,0.414,0.386,0.157,0.098,0.301,0.282,0.628,0.32,"2013",FALSE,0,0,34,FALSE
"178","Chuck Hayes","C",0.69,"SAC",0.902,0.012,0.342,0.081,0.087,0.589,0,0.001,0,0.087,0.107,0.444,0.491,0.04,0.049,0.625,0.216,0.185,0.195,0.096,0.126,0.048,0.095,0.307,0.07,"2013",FALSE,0,0,28,FALSE
"179","Gordon Hayward","SF",0.524,"UTA",0.878,0.329,0.596,0.325,0.356,0.58,0.254,0.278,0.415,0.243,0.297,0.444,0.557,0.321,0.302,0.827,0.098,0.173,0.147,0.183,0.236,0.101,0.259,0.337,0.359,"2013",FALSE,0,0,43,FALSE
"180","Lazar Hayward","SF",0.619,"MIN",0.049,0,0.009,0.002,0.005,0.267,0,0.005,0,0.002,0.003,0.333,0.222,0.008,0.006,1,0,0.004,0.003,0.003,0.008,0,0,0.008,0.004,"2013",FALSE,0,0,31,FALSE
"181","Brendan Haywood","C",0.786,"CHA",0.744,0.207,0.329,0.09,0.099,0.575,0,0.001,0,0.097,0.121,0.433,0.479,0.04,0.068,0.455,0.239,0.164,0.19,0.025,0.065,0.13,0.108,0.337,0.076,"2013",FALSE,0,0,21,FALSE
"182","Gerald Henderson","SG",0.595,"CHA",0.829,0.707,0.604,0.369,0.393,0.596,0.082,0.113,0.33,0.363,0.426,0.462,0.518,0.341,0.322,0.824,0.105,0.194,0.163,0.152,0.276,0.09,0.233,0.402,0.373,"2013",FALSE,0,0,21,FALSE
"183","Xavier Henry","SF",0.5,"NOH",0.61,0.024,0.177,0.064,0.074,0.547,0.01,0.012,0.364,0.065,0.085,0.413,0.469,0.077,0.095,0.63,0.04,0.069,0.059,0.011,0.065,0.013,0.067,0.194,0.069,"2013",FALSE,0,0,27,FALSE
"184","John Henson","PF",0.524,"MIL",0.768,0.11,0.234,0.157,0.155,0.643,0,0.003,0,0.169,0.188,0.486,0.536,0.074,0.108,0.533,0.222,0.18,0.194,0.027,0.077,0.112,0.101,0.224,0.134,"2013",FALSE,0,0,38,FALSE
"185","Roy Hibbert","C",0.619,"IND",0.963,0.963,0.642,0.372,0.395,0.597,0.002,0.005,0.25,0.4,0.482,0.449,0.499,0.22,0.23,0.741,0.566,0.357,0.429,0.097,0.159,0.548,0.349,0.752,0.331,"2013",FALSE,0,0,49,FALSE
"186","J.J. Hickson","C",0.571,"POR",0.976,0.976,0.658,0.404,0.342,0.749,0,0.002,0,0.435,0.418,0.563,0.624,0.241,0.276,0.679,0.509,0.558,0.541,0.076,0.195,0.136,0.312,0.431,0.359,"2013",FALSE,0,0,33,FALSE
"187","Cory Higgins","SG",0.548,"CHA",0.073,0,0.009,0.006,0.009,0.421,0.002,0.006,0.2,0.005,0.008,0.357,0.38,0.001,0.002,0.5,0.002,0.002,0.002,0.004,0.012,0,0,0.013,0.005,"2013",FALSE,0,0,21,FALSE
"188","Nene Hilario","PF",0.714,"WAS",0.744,0.598,0.47,0.276,0.273,0.64,0,0.001,0,0.297,0.334,0.481,0.533,0.259,0.277,0.729,0.193,0.304,0.266,0.152,0.224,0.098,0.3,0.461,0.27,"2013",FALSE,0,0,29,FALSE
"189","George Hill","PG",0.619,"IND",0.927,0.927,0.742,0.373,0.401,0.591,0.323,0.398,0.368,0.266,0.292,0.494,0.576,0.23,0.219,0.817,0.09,0.235,0.186,0.305,0.329,0.069,0.25,0.361,0.38,"2013",FALSE,0,0,49,FALSE
"190","Grant Hill","SF",0.952,"LAC",0.354,0,0.124,0.037,0.045,0.517,0.007,0.012,0.273,0.036,0.049,0.402,0.448,0.019,0.025,0.583,0.011,0.043,0.032,0.022,0.045,0.019,0.054,0.105,0.033,"2013",FALSE,0,0,56,FALSE
"191","Jordan Hill","PF",0.595,"LAL",0.354,0.012,0.13,0.074,0.071,0.663,0,0.002,0,0.08,0.086,0.503,0.552,0.053,0.063,0.656,0.157,0.083,0.108,0.011,0.033,0.051,0.056,0.148,0.069,"2013",FALSE,0,0,45,FALSE
"192","Kirk Hinrich","PG",0.762,"CHI",0.732,0.732,0.499,0.154,0.194,0.503,0.177,0.205,0.39,0.092,0.135,0.367,0.512,0.093,0.101,0.714,0.031,0.141,0.103,0.27,0.256,0.066,0.213,0.518,0.162,"2013",FALSE,0,0,45,FALSE
"193","Jrue Holiday","PG",0.524,"PHI",0.951,0.951,0.828,0.537,0.593,0.575,0.226,0.279,0.368,0.483,0.587,0.446,0.518,0.241,0.249,0.752,0.17,0.238,0.215,0.537,0.5,0.085,0.629,0.458,0.488,"2013",FALSE,0,0,34,FALSE
"194","Justin Holiday","SG",0.548,"PHI",0.11,0,0.04,0.015,0.022,0.444,0.01,0.018,0.25,0.012,0.018,0.375,0.417,0.008,0.008,0.75,0,0.014,0.009,0.013,0.012,0.016,0.019,0.019,0.015,"2013",FALSE,0,0,34,FALSE
"196","Tyler Honeycutt","SF",0.524,"SAC",0.11,0,0.009,0.003,0.005,0.364,0,0.002,0,0.003,0.005,0.333,0.303,0.003,0.002,1,0.006,0.007,0.007,0.002,0,0.003,0.011,0.005,0.003,"2013",FALSE,0,0,28,FALSE
"197","Al Horford","C",0.619,"ATL",0.902,0.902,0.78,0.557,0.488,0.724,0.007,0.007,0.5,0.596,0.594,0.544,0.606,0.177,0.214,0.644,0.373,0.558,0.495,0.206,0.317,0.207,0.317,0.439,0.455,"2013",FALSE,0,0,44,FALSE
"198","Dwight Howard","C",0.643,"LAL",0.927,0.927,0.77,0.455,0.374,0.771,0.002,0.007,0.167,0.488,0.455,0.581,0.643,0.47,0.742,0.492,0.48,0.689,0.618,0.093,0.341,0.495,0.485,0.784,0.458,"2013",FALSE,0,0,45,FALSE
"199","Josh Howard","SF",0.762,"MIN",0.134,0.049,0.059,0.03,0.035,0.537,0.012,0.018,0.313,0.027,0.034,0.426,0.483,0.009,0.012,0.583,0.017,0.027,0.024,0.003,0.041,0.008,0.022,0.049,0.026,"2013",FALSE,0,0,31,FALSE
"201","Kris Humphries","PF",0.643,"BRK",0.793,0.256,0.337,0.134,0.143,0.597,0,0.002,0,0.145,0.174,0.451,0.498,0.128,0.127,0.789,0.241,0.237,0.239,0.027,0.065,0.088,0.123,0.342,0.132,"2013",FALSE,0,0,49,FALSE
"202","Serge Ibaka","PF",0.548,"OKC",0.976,0.976,0.704,0.431,0.358,0.764,0.05,0.064,0.351,0.443,0.407,0.591,0.651,0.189,0.197,0.749,0.424,0.392,0.403,0.037,0.114,0.644,0.269,0.574,0.373,"2013",FALSE,0,0,60,FALSE
"203","Andre Iguodala","SG",0.69,"DEN",0.976,0.976,0.787,0.383,0.405,0.601,0.226,0.324,0.317,0.317,0.334,0.515,0.558,0.205,0.278,0.574,0.157,0.339,0.276,0.372,0.565,0.138,0.444,0.342,0.367,"2013",FALSE,0,0,57,FALSE
"204","Ersan Ilyasova","PF",0.595,"MIL",0.89,0.659,0.569,0.359,0.37,0.616,0.236,0.242,0.444,0.287,0.332,0.469,0.579,0.165,0.162,0.796,0.294,0.363,0.34,0.101,0.276,0.096,0.162,0.499,0.34,"2013",FALSE,0,0,38,FALSE
"205","Kyrie Irving","PG",0.476,"CLE",0.72,0.72,0.58,0.468,0.492,0.603,0.271,0.315,0.391,0.39,0.446,0.474,0.559,0.328,0.298,0.855,0.065,0.181,0.141,0.301,0.362,0.056,0.412,0.394,0.468,"2013",FALSE,0,0,24,FALSE
"206","Royal Ivey","SG",0.738,"PHI",0.646,0.061,0.198,0.06,0.066,0.575,0.092,0.099,0.42,0.026,0.032,0.446,0.621,0.012,0.016,0.563,0.031,0.041,0.037,0.027,0.093,0.008,0.043,0.197,0.06,"2013",FALSE,0,0,34,FALSE
"207","Jarrett Jack","SG",0.69,"GSW",0.963,0.049,0.665,0.374,0.394,0.603,0.204,0.229,0.404,0.317,0.369,0.466,0.554,0.221,0.204,0.843,0.04,0.22,0.159,0.377,0.244,0.029,0.338,0.361,0.361,"2013",FALSE,0,0,47,FALSE
"208","Reggie Jackson","PG",0.524,"OKC",0.854,0,0.281,0.144,0.15,0.611,0.06,0.117,0.231,0.13,0.125,0.566,0.55,0.069,0.064,0.839,0.04,0.144,0.108,0.105,0.118,0.035,0.114,0.226,0.132,"2013",FALSE,0,0,60,FALSE
"209","Stephen Jackson","SF",0.81,"SAS",0.671,0.073,0.304,0.119,0.152,0.497,0.114,0.192,0.271,0.08,0.09,0.481,0.491,0.065,0.072,0.7,0.042,0.132,0.101,0.069,0.15,0.037,0.166,0.24,0.12,"2013",FALSE,0,0,58,FALSE
"210","Bernard James","C",0.643,"DAL",0.561,0.134,0.129,0.051,0.047,0.687,0,0.002,0,0.055,0.057,0.525,0.572,0.033,0.042,0.61,0.099,0.078,0.086,0.005,0.049,0.101,0.039,0.173,0.046,"2013",FALSE,0,0,41,FALSE
"212","LeBron James","PF",0.667,"MIA",0.927,0.927,0.814,0.74,0.623,0.753,0.256,0.287,0.406,0.689,0.62,0.602,0.67,0.533,0.55,0.753,0.185,0.509,0.399,0.473,0.524,0.178,0.487,0.296,0.719,"2013",TRUE,120,0.998,66,TRUE
"213","Mike James","PG",0.881,"DAL",0.549,0.28,0.244,0.098,0.125,0.497,0.119,0.141,0.384,0.055,0.082,0.363,0.512,0.03,0.03,0.793,0.017,0.063,0.047,0.119,0.106,0.008,0.119,0.256,0.096,"2013",FALSE,0,0,41,FALSE
"214","Antawn Jamison","PF",0.857,"LAL",0.927,0.073,0.463,0.258,0.265,0.619,0.209,0.263,0.361,0.19,0.193,0.535,0.597,0.124,0.14,0.691,0.208,0.251,0.237,0.043,0.122,0.059,0.114,0.334,0.251,"2013",FALSE,0,0,45,FALSE
"215","Al Jefferson","C",0.667,"UTA",0.951,0.951,0.73,0.591,0.569,0.659,0.005,0.019,0.118,0.634,0.688,0.5,0.55,0.221,0.223,0.77,0.298,0.56,0.471,0.141,0.325,0.237,0.226,0.458,0.491,"2013",FALSE,0,0,43,FALSE
"216","Richard Jefferson","SF",0.762,"GSW",0.683,0.012,0.161,0.06,0.063,0.608,0.035,0.051,0.311,0.05,0.051,0.527,0.563,0.05,0.055,0.717,0.01,0.078,0.055,0.027,0.057,0.019,0.05,0.121,0.062,"2013",FALSE,0,0,47,FALSE
"217","Jared Jeffries","PF",0.738,"POR",0.463,0,0.099,0.015,0.025,0.395,0,0.002,0,0.017,0.029,0.308,0.329,0.016,0.024,0.522,0.05,0.034,0.039,0.012,0.024,0.016,0.037,0.156,0.016,"2013",FALSE,0,0,33,FALSE
"219","John Jenkins","SG",0.5,"ATL",0.744,0.024,0.255,0.127,0.135,0.595,0.132,0.156,0.384,0.081,0.088,0.5,0.596,0.078,0.072,0.843,0.033,0.076,0.061,0.048,0.049,0.027,0.086,0.1,0.132,"2013",FALSE,0,0,44,FALSE
"220","Brandon Jennings","PG",0.548,"MIL",0.976,0.976,0.82,0.481,0.574,0.532,0.43,0.52,0.375,0.337,0.443,0.412,0.52,0.304,0.289,0.819,0.113,0.186,0.161,0.448,0.508,0.027,0.438,0.418,0.493,"2013",FALSE,0,0,38,FALSE
"221","Jonas Jerebko","PF",0.595,"DET",0.598,0.024,0.252,0.137,0.145,0.599,0.062,0.094,0.301,0.122,0.131,0.502,0.543,0.09,0.091,0.773,0.13,0.116,0.121,0.037,0.154,0.021,0.091,0.243,0.133,"2013",FALSE,0,0,29,FALSE
"222","Amir Johnson","PF",0.595,"TOR",0.988,0.463,0.658,0.325,0.279,0.739,0.012,0.015,0.385,0.344,0.334,0.558,0.621,0.18,0.192,0.727,0.434,0.381,0.399,0.105,0.329,0.293,0.252,0.811,0.287,"2013",FALSE,0,0,34,FALSE
"224","Chris Johnson","SF",0.524,"MEM",0.098,0,0.029,0.011,0.012,0.587,0.015,0.02,0.333,0.005,0.004,0.714,0.622,0.001,0.002,0.5,0.01,0.006,0.007,0.002,0.016,0,0.006,0.013,0.01,"2013",FALSE,0,0,56,FALSE
"225","Ivan Johnson","PF",0.667,"ATL",0.841,0.061,0.293,0.179,0.164,0.693,0.002,0.015,0.077,0.191,0.193,0.536,0.579,0.107,0.135,0.618,0.145,0.189,0.174,0.04,0.228,0.037,0.153,0.353,0.16,"2013",FALSE,0,0,44,FALSE
"226","James Johnson","SF",0.595,"SAC",0.659,0.134,0.249,0.113,0.13,0.551,0.005,0.024,0.095,0.12,0.148,0.439,0.463,0.053,0.069,0.597,0.094,0.095,0.095,0.05,0.167,0.133,0.147,0.267,0.097,"2013",FALSE,0,0,28,FALSE
"227","Joe Johnson","SG",0.738,"BRK",0.878,0.878,0.748,0.43,0.484,0.564,0.368,0.446,0.375,0.309,0.371,0.452,0.548,0.175,0.166,0.82,0.101,0.164,0.142,0.217,0.199,0.037,0.265,0.267,0.413,"2013",FALSE,0,0,49,FALSE
"228","Orlando Johnson","SG",0.548,"IND",0.622,0,0.175,0.07,0.083,0.533,0.09,0.106,0.383,0.037,0.049,0.419,0.556,0.03,0.033,0.719,0.038,0.089,0.072,0.04,0.045,0.024,0.062,0.137,0.072,"2013",FALSE,0,0,49,FALSE
"229","Wesley Johnson","SF",0.595,"PHO",0.61,0.256,0.27,0.156,0.182,0.543,0.124,0.175,0.323,0.116,0.136,0.461,0.522,0.036,0.036,0.771,0.04,0.101,0.08,0.029,0.089,0.048,0.103,0.151,0.141,"2013",FALSE,0,0,25,FALSE
"232","DeQuan Jones","SF",0.524,"ORL",0.768,0.207,0.227,0.092,0.1,0.581,0.022,0.04,0.257,0.089,0.103,0.47,0.507,0.045,0.052,0.667,0.033,0.087,0.069,0.014,0.077,0.059,0.065,0.148,0.082,"2013",FALSE,0,0,20,FALSE
"233","Dominique Jones","PG",0.571,"DAL",0.354,0.037,0.096,0.039,0.05,0.489,0.002,0.01,0.111,0.041,0.056,0.39,0.413,0.046,0.055,0.66,0.034,0.027,0.029,0.071,0.057,0.005,0.082,0.078,0.041,"2013",FALSE,0,0,41,FALSE
"234","James Jones","SF",0.762,"MIA",0.463,0,0.063,0.02,0.028,0.459,0.04,0.06,0.302,0.005,0.005,0.625,0.528,0.003,0.004,0.5,0,0.022,0.014,0.011,0.008,0.016,0.006,0.043,0.021,"2013",FALSE,0,0,66,FALSE
"236","Perry Jones","SF",0.5,"OKC",0.463,0.012,0.079,0.038,0.046,0.525,0,0.002,0,0.041,0.055,0.402,0.438,0.013,0.015,0.667,0.023,0.05,0.041,0.009,0.02,0.016,0.032,0.062,0.031,"2013",FALSE,0,0,60,FALSE
"238","Terrence Jones","PF",0.5,"HOU",0.232,0,0.078,0.042,0.043,0.609,0.012,0.021,0.263,0.04,0.042,0.507,0.538,0.017,0.017,0.765,0.054,0.037,0.042,0.013,0.049,0.051,0.028,0.057,0.037,"2013",FALSE,0,0,45,FALSE
"240","Cory Joseph","PG",0.5,"SAS",0.341,0.11,0.11,0.049,0.051,0.619,0.015,0.024,0.286,0.047,0.05,0.506,0.546,0.024,0.022,0.857,0.023,0.04,0.034,0.046,0.061,0.011,0.045,0.067,0.044,"2013",FALSE,0,0,58,FALSE
"242","Chris Kaman","C",0.714,"DAL",0.805,0.634,0.386,0.303,0.284,0.676,0,0.001,0,0.326,0.347,0.508,0.563,0.089,0.087,0.788,0.185,0.273,0.243,0.044,0.118,0.138,0.222,0.38,0.245,"2013",FALSE,0,0,41,FALSE
"243","Enes Kanter","C",0.476,"UTA",0.854,0.024,0.305,0.199,0.174,0.725,0.002,0.001,1,0.213,0.213,0.542,0.606,0.123,0.12,0.795,0.258,0.168,0.199,0.027,0.114,0.085,0.218,0.313,0.179,"2013",FALSE,0,0,43,FALSE
"244","Jason Kidd","SG",0.929,"NYK",0.927,0.585,0.578,0.147,0.188,0.496,0.284,0.367,0.351,0.04,0.047,0.452,0.568,0.053,0.049,0.833,0.096,0.271,0.211,0.214,0.508,0.066,0.164,0.337,0.162,"2013",FALSE,0,0,54,FALSE
"245","Michael Kidd-Gilchrist","SF",0.452,"CHA",0.951,0.939,0.573,0.272,0.282,0.611,0.005,0.01,0.222,0.29,0.341,0.462,0.511,0.185,0.192,0.749,0.25,0.322,0.297,0.101,0.22,0.186,0.218,0.442,0.249,"2013",FALSE,0,0,21,FALSE
"246","Andrei Kirilenko","SF",0.738,"MIN",0.78,0.78,0.576,0.275,0.258,0.676,0.087,0.135,0.292,0.259,0.248,0.566,0.598,0.249,0.257,0.752,0.195,0.258,0.237,0.152,0.39,0.165,0.256,0.221,0.279,"2013",FALSE,0,0,31,FALSE
"247","Linas Kleiza","SF",0.667,"TOR",0.244,0.037,0.106,0.046,0.066,0.444,0.05,0.074,0.303,0.029,0.044,0.359,0.448,0.042,0.039,0.842,0.019,0.042,0.034,0.014,0.016,0.005,0.03,0.121,0.052,"2013",FALSE,0,0,34,FALSE
"248","Brandon Knight","PG",0.5,"DET",0.915,0.915,0.669,0.345,0.404,0.543,0.299,0.369,0.367,0.247,0.311,0.43,0.528,0.218,0.231,0.733,0.103,0.192,0.161,0.26,0.236,0.021,0.442,0.423,0.353,"2013",FALSE,0,0,29,FALSE
"249","Kyle Korver","SF",0.738,"ATL",0.902,0.732,0.639,0.268,0.277,0.615,0.47,0.467,0.457,0.092,0.105,0.471,0.687,0.089,0.08,0.859,0.044,0.268,0.192,0.125,0.285,0.098,0.151,0.458,0.286,"2013",FALSE,0,0,44,FALSE
"250","Kosta Koufos","C",0.548,"DEN",0.988,0.988,0.514,0.285,0.234,0.775,0,0.001,0,0.307,0.286,0.582,0.646,0.077,0.107,0.558,0.403,0.349,0.367,0.027,0.179,0.274,0.114,0.663,0.229,"2013",FALSE,0,0,57,FALSE
"253","Jeremy Lamb","SF",0.476,"OKC",0.28,0,0.042,0.023,0.031,0.471,0.022,0.034,0.3,0.016,0.021,0.395,0.466,0.019,0.014,1,0.01,0.013,0.012,0.004,0.008,0.005,0.013,0.035,0.025,"2013",FALSE,0,0,60,FALSE
"254","Carl Landry","PF",0.69,"GSW",0.988,0.024,0.531,0.314,0.277,0.72,0.002,0.003,0.333,0.337,0.338,0.541,0.601,0.295,0.281,0.817,0.344,0.301,0.316,0.056,0.142,0.082,0.248,0.512,0.309,"2013",FALSE,0,0,47,FALSE
"255","Ty Lawson","PG",0.595,"DEN",0.89,0.866,0.711,0.433,0.447,0.615,0.211,0.262,0.366,0.378,0.417,0.491,0.561,0.311,0.32,0.756,0.069,0.161,0.129,0.43,0.435,0.021,0.392,0.364,0.429,"2013",FALSE,0,0.001,57,TRUE
"256","Courtney Lee","SG",0.643,"BOS",0.951,0.476,0.549,0.238,0.244,0.619,0.144,0.176,0.372,0.196,0.211,0.503,0.577,0.082,0.074,0.861,0.059,0.158,0.124,0.123,0.362,0.056,0.181,0.375,0.216,"2013",FALSE,0,0,41,FALSE
"257","David Lee","PF",0.69,"GSW",0.963,0.963,0.823,0.582,0.534,0.692,0,0.005,0,0.626,0.652,0.521,0.577,0.337,0.329,0.797,0.417,0.663,0.579,0.24,0.272,0.059,0.446,0.663,0.515,"2013",FALSE,0,0.001,47,TRUE
"258","Malcolm Lee","SG",0.524,"MIN",0.195,0.146,0.082,0.028,0.035,0.509,0.02,0.027,0.333,0.022,0.029,0.404,0.482,0.016,0.021,0.6,0.029,0.024,0.025,0.017,0.049,0.016,0.022,0.081,0.028,"2013",FALSE,0,0,31,FALSE
"259","Kawhi Leonard","SF",0.5,"SAS",0.707,0.695,0.512,0.251,0.242,0.659,0.162,0.196,0.374,0.203,0.199,0.554,0.618,0.138,0.13,0.825,0.12,0.281,0.226,0.08,0.394,0.085,0.134,0.267,0.243,"2013",FALSE,0,0,58,FALSE
"260","Meyers Leonard","C",0.476,"POR",0.841,0.11,0.341,0.146,0.127,0.727,0.007,0.008,0.429,0.154,0.152,0.548,0.612,0.095,0.092,0.809,0.153,0.174,0.167,0.028,0.045,0.101,0.106,0.453,0.133,"2013",FALSE,0,0,33,FALSE
"262","Rashard Lewis","PF",0.786,"MIA",0.671,0.11,0.224,0.1,0.115,0.552,0.127,0.148,0.389,0.054,0.067,0.441,0.573,0.037,0.046,0.622,0.036,0.101,0.079,0.026,0.085,0.037,0.071,0.181,0.101,"2013",FALSE,0,0,66,FALSE
"263","DeAndre Liggins","SG",0.571,"OKC",0.476,0.012,0.082,0.02,0.022,0.596,0.017,0.021,0.368,0.015,0.016,0.5,0.579,0.012,0.019,0.5,0.025,0.04,0.035,0.013,0.073,0.008,0.03,0.089,0.02,"2013",FALSE,0,0,60,FALSE
"264","Damian Lillard","PG",0.524,"POR",1,1,0.896,0.535,0.593,0.572,0.46,0.568,0.368,0.383,0.443,0.469,0.557,0.358,0.33,0.844,0.08,0.214,0.168,0.456,0.301,0.051,0.524,0.464,0.552,"2013",FALSE,0,0,33,FALSE
"265","Jeremy Lin","PG",0.571,"HOU",1,1,0.747,0.383,0.413,0.588,0.216,0.29,0.339,0.322,0.361,0.483,0.544,0.286,0.283,0.785,0.061,0.214,0.161,0.427,0.545,0.077,0.509,0.553,0.387,"2013",FALSE,0,0,45,FALSE
"267","Brook Lopez","C",0.571,"BRK",0.902,0.902,0.638,0.551,0.503,0.695,0,0.001,0,0.593,0.616,0.522,0.579,0.393,0.403,0.758,0.398,0.302,0.335,0.06,0.134,0.41,0.282,0.41,0.507,"2013",FALSE,0,0,49,FALSE
"269","Kevin Love","PF",0.571,"MIN",0.22,0.22,0.175,0.102,0.137,0.469,0.05,0.104,0.217,0.088,0.116,0.413,0.429,0.132,0.146,0.704,0.122,0.187,0.165,0.036,0.053,0.024,0.084,0.092,0.117,"2013",FALSE,0,0,31,FALSE
"270","Kyle Lowry","PG",0.619,"TOR",0.829,0.634,0.572,0.242,0.287,0.535,0.251,0.315,0.362,0.155,0.194,0.433,0.536,0.251,0.246,0.795,0.107,0.263,0.21,0.374,0.382,0.064,0.338,0.588,0.279,"2013",FALSE,0,0,34,FALSE
"271","John Lucas III","PG",0.714,"TOR",0.768,0,0.234,0.125,0.154,0.515,0.142,0.17,0.377,0.075,0.103,0.393,0.524,0.024,0.026,0.72,0.015,0.057,0.042,0.09,0.093,0.003,0.056,0.135,0.118,"2013",FALSE,0,0,34,FALSE
"272","Scott Machado","PG",0.524,"HOU",0.073,0,0.006,0.003,0.003,0.667,0,0.001,0,0.003,0.003,0.6,0.556,0.003,0.002,1,0,0.001,0.001,0.005,0.008,0,0.017,0,0.003,"2013",FALSE,0,0,45,FALSE
"274","Corey Maggette","SF",0.786,"DET",0.22,0,0.073,0.026,0.035,0.473,0.012,0.024,0.238,0.023,0.031,0.4,0.431,0.048,0.049,0.75,0.01,0.02,0.016,0.016,0.024,0.005,0.037,0.113,0.034,"2013",FALSE,0,0,29,FALSE
"275","Ian Mahinmi","C",0.619,"IND",0.976,0.024,0.374,0.144,0.151,0.604,0,0.002,0,0.155,0.184,0.456,0.503,0.138,0.176,0.608,0.22,0.195,0.203,0.023,0.159,0.176,0.198,0.542,0.142,"2013",FALSE,0,0,49,FALSE
"276","Shawn Marion","PF",0.81,"DAL",0.817,0.817,0.569,0.343,0.318,0.685,0.057,0.082,0.315,0.345,0.348,0.538,0.59,0.104,0.104,0.782,0.279,0.376,0.343,0.14,0.305,0.125,0.222,0.299,0.287,"2013",FALSE,0,0,41,FALSE
"277","Kendall Marshall","PG",0.5,"PHO",0.585,0.037,0.199,0.054,0.069,0.495,0.057,0.082,0.315,0.034,0.044,0.423,0.497,0.011,0.014,0.571,0.008,0.038,0.027,0.123,0.089,0.011,0.123,0.129,0.05,"2013",FALSE,0,0,25,FALSE
"278","Cartier Martin","SF",0.667,"WAS",0.5,0.037,0.196,0.093,0.116,0.508,0.144,0.165,0.397,0.04,0.06,0.358,0.551,0.026,0.029,0.714,0.021,0.088,0.065,0.017,0.077,0.016,0.069,0.156,0.095,"2013",FALSE,0,0,29,FALSE
"280","Kevin Martin","SG",0.69,"OKC",0.939,0,0.605,0.338,0.358,0.6,0.393,0.419,0.426,0.2,0.23,0.472,0.612,0.29,0.253,0.89,0.059,0.146,0.116,0.091,0.293,0.021,0.218,0.372,0.38,"2013",FALSE,0,0,60,FALSE
"281","Roger Mason","SG",0.762,"NOH",0.841,0.159,0.345,0.128,0.14,0.577,0.164,0.179,0.415,0.069,0.082,0.452,0.601,0.052,0.044,0.907,0.021,0.12,0.086,0.064,0.106,0.029,0.11,0.28,0.13,"2013",FALSE,0,0,27,FALSE
"282","Wesley Matthews","SG",0.619,"POR",0.841,0.841,0.68,0.34,0.372,0.581,0.42,0.48,0.398,0.19,0.216,0.478,0.6,0.197,0.192,0.797,0.067,0.155,0.125,0.149,0.366,0.048,0.235,0.464,0.361,"2013",FALSE,0,0,33,FALSE
"285","O.J. Mayo","SG",0.595,"DAL",1,1,0.825,0.446,0.472,0.599,0.353,0.394,0.407,0.332,0.382,0.471,0.577,0.253,0.24,0.82,0.069,0.253,0.19,0.31,0.378,0.061,0.453,0.526,0.443,"2013",FALSE,0,0,41,FALSE
"286","Luc Mbah a Moute","SF",0.619,"MIL",0.707,0.549,0.375,0.146,0.173,0.535,0.032,0.042,0.351,0.144,0.192,0.406,0.464,0.095,0.13,0.571,0.17,0.166,0.167,0.047,0.171,0.037,0.151,0.221,0.137,"2013",FALSE,0,0,38,FALSE
"287","JaVale McGee","C",0.595,"DEN",0.963,0,0.406,0.293,0.243,0.767,0.002,0.001,1,0.314,0.297,0.574,0.64,0.146,0.191,0.591,0.302,0.221,0.249,0.021,0.122,0.418,0.194,0.496,0.253,"2013",FALSE,0,0,57,FALSE
"290","Jodie Meeks","SG",0.595,"LAL",0.951,0.122,0.471,0.198,0.244,0.516,0.303,0.386,0.357,0.086,0.106,0.441,0.558,0.114,0.099,0.896,0.071,0.133,0.112,0.059,0.236,0.013,0.112,0.278,0.218,"2013",FALSE,0,0,45,FALSE
"292","Khris Middleton","SG",0.5,"DET",0.329,0,0.134,0.06,0.065,0.587,0.035,0.051,0.311,0.05,0.054,0.5,0.543,0.036,0.033,0.844,0.008,0.046,0.033,0.024,0.061,0.011,0.024,0.143,0.058,"2013",FALSE,0,0,29,FALSE
"293","C.J. Miles","SF",0.595,"CLE",0.793,0.159,0.386,0.247,0.283,0.553,0.313,0.37,0.384,0.134,0.161,0.451,0.576,0.123,0.11,0.869,0.046,0.149,0.114,0.054,0.199,0.045,0.149,0.372,0.257,"2013",FALSE,0,0,24,FALSE
"295","Andre Miller","PG",0.857,"DEN",1,0.134,0.609,0.293,0.291,0.639,0.042,0.072,0.266,0.298,0.32,0.504,0.548,0.216,0.2,0.84,0.115,0.177,0.156,0.416,0.297,0.029,0.371,0.429,0.278,"2013",FALSE,0,0,57,FALSE
"296","Darius Miller","SF",0.524,"NOH",0.634,0.024,0.196,0.043,0.05,0.543,0.055,0.063,0.393,0.023,0.029,0.423,0.566,0.011,0.008,1,0.015,0.07,0.051,0.038,0.069,0.032,0.05,0.24,0.042,"2013",FALSE,0,0,27,FALSE
"297","Mike Miller","SF",0.762,"MIA",0.72,0.207,0.255,0.097,0.106,0.577,0.182,0.198,0.417,0.028,0.032,0.482,0.657,0.011,0.011,0.727,0.034,0.138,0.103,0.085,0.085,0.011,0.075,0.17,0.099,"2013",FALSE,0,0,66,FALSE
"298","Quincy Miller","PF",0.476,"DEN",0.085,0,0.007,0.004,0.006,0.444,0,0.001,0,0.004,0.006,0.364,0.37,0.001,0.002,0.5,0.002,0.001,0.001,0.003,0.004,0,0.002,0.008,0.003,"2013",FALSE,0,0,57,FALSE
"299","Patty Mills","PG",0.571,"SAS",0.707,0.024,0.186,0.109,0.111,0.625,0.129,0.147,0.4,0.063,0.063,0.55,0.641,0.021,0.02,0.842,0.017,0.041,0.033,0.053,0.106,0.011,0.084,0.148,0.104,"2013",FALSE,0,0,58,FALSE
"300","Paul Millsap","PF",0.643,"UTA",0.951,0.951,0.672,0.415,0.403,0.653,0.032,0.044,0.333,0.433,0.472,0.498,0.553,0.349,0.366,0.742,0.338,0.374,0.362,0.173,0.415,0.213,0.297,0.625,0.401,"2013",FALSE,0,0,43,FALSE
"301","Nazr Mohammed","C",0.833,"CHI",0.768,0.146,0.196,0.064,0.083,0.489,0,0.002,0,0.069,0.1,0.371,0.408,0.045,0.048,0.723,0.14,0.121,0.127,0.022,0.085,0.085,0.052,0.261,0.059,"2013",FALSE,0,0,45,FALSE
"302","Greg Monroe","C",0.524,"DET",0.988,0.988,0.761,0.497,0.487,0.648,0,0.005,0,0.535,0.594,0.488,0.54,0.357,0.403,0.689,0.451,0.537,0.508,0.241,0.427,0.146,0.504,0.512,0.458,"2013",FALSE,0,0,29,FALSE
"303","E'Twaun Moore","SG",0.548,"ORL",0.915,0.256,0.476,0.229,0.275,0.528,0.167,0.222,0.34,0.177,0.226,0.424,0.502,0.062,0.061,0.797,0.092,0.118,0.109,0.177,0.207,0.061,0.226,0.329,0.208,"2013",FALSE,0,0,20,FALSE
"304","Darius Morris","PG",0.524,"LAL",0.585,0.207,0.193,0.071,0.087,0.517,0.06,0.074,0.364,0.051,0.069,0.402,0.502,0.032,0.038,0.649,0.046,0.033,0.037,0.065,0.085,0.005,0.097,0.156,0.069,"2013",FALSE,0,0,45,FALSE
"306","Markieff Morris","PF",0.548,"PHO",1,0.39,0.52,0.257,0.301,0.543,0.112,0.151,0.336,0.23,0.293,0.426,0.491,0.123,0.131,0.732,0.25,0.263,0.259,0.093,0.313,0.17,0.224,0.563,0.237,"2013",FALSE,0,0,25,FALSE
"308","Donatas Motiejunas","PF",0.524,"HOU",0.537,0.171,0.152,0.094,0.098,0.607,0.06,0.094,0.289,0.076,0.073,0.562,0.569,0.042,0.052,0.627,0.069,0.057,0.061,0.027,0.028,0.027,0.08,0.197,0.088,"2013",FALSE,0,0,45,FALSE
"310","Timofey Mozgov","C",0.619,"DEN",0.5,0.012,0.104,0.043,0.04,0.675,0,0.002,0,0.046,0.048,0.518,0.562,0.026,0.027,0.769,0.096,0.057,0.07,0.008,0.024,0.048,0.054,0.154,0.038,"2013",FALSE,0,0,57,FALSE
"311","Byron Mullens","PF",0.548,"CHA",0.646,0.5,0.404,0.21,0.259,0.513,0.164,0.235,0.317,0.157,0.2,0.425,0.493,0.085,0.102,0.646,0.136,0.264,0.22,0.07,0.138,0.085,0.159,0.296,0.199,"2013",FALSE,0,0,21,FALSE
"313","Troy Murphy","PF",0.762,"DAL",0.171,0.012,0.072,0.021,0.028,0.481,0.027,0.04,0.314,0.011,0.015,0.423,0.501,0.013,0.011,0.909,0.013,0.042,0.032,0.006,0.041,0.016,0.015,0.078,0.023,"2013",FALSE,0,0,41,FALSE
"314","Steve Nash","PG",0.905,"LAL",0.61,0.61,0.461,0.228,0.219,0.663,0.142,0.147,0.438,0.186,0.195,0.519,0.619,0.142,0.119,0.922,0.05,0.115,0.093,0.286,0.122,0.013,0.272,0.189,0.225,"2013",FALSE,0,0,45,FALSE
"315","Gary Neal","SG",0.667,"SAS",0.829,0.207,0.42,0.238,0.275,0.549,0.221,0.283,0.355,0.163,0.195,0.454,0.541,0.085,0.076,0.865,0.025,0.129,0.093,0.111,0.122,0.005,0.149,0.251,0.228,"2013",FALSE,0,0,58,FALSE
"316","Jameer Nelson","PG",0.714,"ORL",0.683,0.683,0.56,0.296,0.359,0.523,0.301,0.401,0.341,0.193,0.24,0.435,0.522,0.118,0.105,0.873,0.044,0.185,0.137,0.355,0.289,0.016,0.332,0.434,0.29,"2013",FALSE,0,0,20,FALSE
"318","Joakim Noah","C",0.643,"CHI",0.805,0.78,0.687,0.293,0.29,0.641,0,0.006,0,0.315,0.353,0.485,0.534,0.235,0.244,0.751,0.497,0.47,0.479,0.225,0.317,0.375,0.379,0.499,0.277,"2013",FALSE,0,0.001,45,TRUE
"319","Steve Novak","SF",0.69,"NYK",0.988,0.012,0.464,0.172,0.198,0.552,0.371,0.396,0.425,0.03,0.045,0.367,0.652,0.04,0.034,0.909,0.033,0.134,0.099,0.03,0.114,0.021,0.026,0.261,0.189,"2013",FALSE,0,0,54,FALSE
"320","Dirk Nowitzki","PF",0.81,"DAL",0.646,0.573,0.47,0.332,0.335,0.628,0.162,0.177,0.414,0.289,0.322,0.487,0.573,0.22,0.199,0.86,0.071,0.324,0.237,0.113,0.154,0.098,0.151,0.251,0.324,"2013",FALSE,0,0,41,FALSE
"322","Kyle O'Quinn","C",0.524,"ORL",0.695,0.061,0.181,0.098,0.091,0.684,0,0.001,0,0.105,0.111,0.515,0.57,0.04,0.046,0.667,0.124,0.143,0.137,0.045,0.045,0.069,0.08,0.288,0.082,"2013",FALSE,0,0,20,FALSE
"323","Lamar Odom","PF",0.786,"LAC",1,0.024,0.457,0.141,0.168,0.532,0.045,0.102,0.2,0.133,0.156,0.464,0.47,0.026,0.043,0.476,0.224,0.36,0.314,0.122,0.28,0.154,0.185,0.577,0.117,"2013",FALSE,0,0,56,FALSE
"327","Travis Outlaw","SF",0.667,"SAC",0.463,0.024,0.126,0.072,0.081,0.557,0.035,0.056,0.28,0.062,0.072,0.472,0.509,0.05,0.053,0.731,0.033,0.044,0.04,0.018,0.045,0.021,0.041,0.094,0.071,"2013",FALSE,0,0,28,FALSE
"328","Zaza Pachulia","C",0.667,"ATL",0.634,0.183,0.321,0.11,0.111,0.631,0,0.003,0,0.119,0.134,0.479,0.526,0.103,0.106,0.757,0.252,0.203,0.22,0.068,0.142,0.032,0.151,0.345,0.108,"2013",FALSE,0,0,44,FALSE
"331","Tony Parker","PG",0.714,"SAS",0.805,0.805,0.615,0.502,0.458,0.696,0.06,0.077,0.353,0.515,0.523,0.534,0.593,0.369,0.34,0.845,0.034,0.179,0.129,0.429,0.22,0.016,0.366,0.248,0.474,"2013",FALSE,0,0.071,58,TRUE
"332","Chandler Parsons","SF",0.571,"HOU",0.927,0.927,0.781,0.441,0.432,0.648,0.378,0.446,0.385,0.316,0.307,0.559,0.63,0.149,0.159,0.729,0.151,0.323,0.264,0.231,0.305,0.085,0.317,0.399,0.416,"2013",FALSE,0,0,45,FALSE
"334","Chris Paul","PG",0.643,"LAC",0.854,0.854,0.661,0.398,0.394,0.641,0.189,0.262,0.328,0.35,0.352,0.538,0.584,0.378,0.332,0.885,0.101,0.208,0.171,0.582,0.687,0.027,0.343,0.385,0.419,"2013",FALSE,0,0.239,56,TRUE
"335","Sasha Pavlovic","SG",0.69,"POR",0.476,0.012,0.149,0.041,0.055,0.471,0.045,0.068,0.3,0.025,0.033,0.407,0.477,0.001,0.006,0.167,0.013,0.049,0.037,0.027,0.098,0.013,0.03,0.159,0.036,"2013",FALSE,0,0,33,FALSE
"337","Kendrick Perkins","C",0.667,"OKC",0.951,0.951,0.553,0.138,0.144,0.609,0,0.001,0,0.149,0.176,0.458,0.508,0.058,0.074,0.611,0.21,0.354,0.305,0.095,0.175,0.221,0.235,0.612,0.117,"2013",FALSE,0,0,60,FALSE
"338","Johan Petro","C",0.643,"ATL",0.378,0.098,0.1,0.046,0.051,0.581,0.002,0.005,0.25,0.049,0.06,0.443,0.49,0.015,0.012,0.917,0.063,0.078,0.073,0.014,0.041,0.024,0.052,0.129,0.038,"2013",FALSE,0,0,44,FALSE
"339","Paul Pierce","SF",0.833,"BOS",0.939,0.939,0.729,0.46,0.503,0.581,0.361,0.431,0.38,0.344,0.4,0.466,0.558,0.44,0.435,0.787,0.086,0.439,0.318,0.318,0.341,0.08,0.461,0.566,0.505,"2013",FALSE,0,0,41,FALSE
"340","Mickael Pietrus","SF",0.714,"TOR",0.232,0.195,0.109,0.033,0.045,0.463,0.05,0.072,0.313,0.015,0.019,0.412,0.499,0.016,0.019,0.667,0.01,0.031,0.024,0.008,0.049,0.016,0.034,0.089,0.035,"2013",FALSE,0,0,34,FALSE
"343","Quincy Pondexter","SF",0.571,"MEM",0.72,0.012,0.352,0.124,0.138,0.571,0.149,0.172,0.395,0.071,0.083,0.463,0.587,0.078,0.077,0.787,0.082,0.088,0.086,0.052,0.142,0.016,0.091,0.256,0.132,"2013",FALSE,0,0,56,FALSE
"344","A.J. Price","PG",0.619,"WAS",0.695,0.268,0.362,0.156,0.19,0.52,0.174,0.226,0.35,0.095,0.12,0.427,0.528,0.065,0.064,0.79,0.038,0.093,0.075,0.176,0.134,0.008,0.138,0.197,0.156,"2013",FALSE,0,0,29,FALSE
"345","Ronnie Price","PG",0.69,"POR",0.476,0,0.144,0.038,0.055,0.433,0.025,0.044,0.256,0.03,0.046,0.358,0.408,0.022,0.025,0.708,0.025,0.031,0.029,0.063,0.106,0.008,0.073,0.164,0.037,"2013",FALSE,0,0,33,FALSE
"346","Pablo Prigioni","PG",0.833,"NYK",0.951,0.22,0.357,0.097,0.101,0.607,0.132,0.151,0.396,0.049,0.049,0.547,0.639,0.029,0.026,0.88,0.078,0.101,0.093,0.203,0.28,0.005,0.185,0.342,0.097,"2013",FALSE,0,0,54,FALSE
"349","Chris Quinn","SG",0.69,"CLE",0.085,0,0.022,0.004,0.007,0.333,0,0.006,0,0.004,0.006,0.364,0.278,0.003,0.002,1,0.002,0.001,0.001,0.008,0.012,0,0.013,0.011,0.004,"2013",FALSE,0,0,24,FALSE
"350","Vladimir Radmanovic","PF",0.762,"CHI",0.305,0,0.041,0.013,0.02,0.403,0.012,0.03,0.185,0.008,0.009,0.5,0.4,0.003,0.003,0.667,0.019,0.018,0.018,0.007,0.033,0.011,0.015,0.078,0.012,"2013",FALSE,0,0,45,FALSE
"351","Anthony Randolph","PF",0.548,"DEN",0.476,0,0.093,0.054,0.052,0.655,0,0.009,0,0.058,0.06,0.528,0.546,0.041,0.046,0.689,0.055,0.066,0.062,0.01,0.077,0.056,0.08,0.111,0.05,"2013",FALSE,0,0,57,FALSE
"353","Zach Randolph","PF",0.738,"MEM",0.927,0.915,0.738,0.456,0.471,0.613,0.005,0.026,0.087,0.488,0.565,0.469,0.512,0.298,0.309,0.75,0.593,0.54,0.558,0.093,0.248,0.082,0.323,0.485,0.413,"2013",FALSE,0,0,56,FALSE
"355","Jason Richardson","SG",0.762,"PHI",0.402,0.402,0.265,0.131,0.155,0.536,0.142,0.188,0.341,0.081,0.095,0.462,0.541,0.026,0.034,0.606,0.036,0.107,0.083,0.044,0.163,0.04,0.056,0.154,0.123,"2013",FALSE,0,0,34,FALSE
"356","Quentin Richardson","SF",0.762,"NYK",0.012,0,0.008,0.001,0.005,0.121,0.002,0.005,0.25,0,0.004,0,0.151,0.003,0.002,1,0.01,0.005,0.007,0.001,0,0,0.004,0.003,0.002,"2013",FALSE,0,0,54,FALSE
"357","Luke Ridnour","SG",0.738,"MIN",1,1,0.7,0.355,0.373,0.604,0.164,0.239,0.311,0.313,0.338,0.503,0.548,0.184,0.169,0.848,0.078,0.164,0.135,0.267,0.333,0.04,0.28,0.504,0.332,"2013",FALSE,0,0,31,FALSE
"358","Austin Rivers","SG",0.476,"NOH",0.744,0.317,0.401,0.14,0.179,0.496,0.07,0.097,0.326,0.122,0.171,0.385,0.453,0.078,0.111,0.546,0.031,0.092,0.071,0.109,0.106,0.024,0.159,0.329,0.133,"2013",FALSE,0,0,27,FALSE
"359","Brian Roberts","PG",0.643,"NOH",0.951,0.061,0.375,0.206,0.235,0.556,0.147,0.173,0.386,0.16,0.202,0.43,0.528,0.093,0.079,0.909,0.033,0.079,0.063,0.188,0.15,0.008,0.153,0.291,0.196,"2013",FALSE,0,0,27,FALSE
"360","Nate Robinson","PG",0.667,"CHI",1,0.28,0.59,0.386,0.424,0.577,0.351,0.393,0.405,0.268,0.323,0.45,0.567,0.179,0.174,0.799,0.055,0.154,0.12,0.308,0.346,0.027,0.31,0.558,0.379,"2013",FALSE,0,0,45,FALSE
"362","Rajon Rondo","PG",0.619,"BOS",0.463,0.463,0.403,0.218,0.214,0.645,0.03,0.056,0.24,0.222,0.234,0.513,0.552,0.079,0.096,0.645,0.082,0.168,0.139,0.361,0.285,0.024,0.319,0.259,0.184,"2013",FALSE,0,0,41,FALSE
"363","Terrence Ross","SG",0.5,"TOR",0.89,0.024,0.351,0.18,0.21,0.543,0.162,0.221,0.332,0.126,0.147,0.464,0.531,0.04,0.043,0.714,0.067,0.108,0.094,0.046,0.175,0.037,0.103,0.329,0.165,"2013",FALSE,0,0,34,FALSE
"364","Brandon Roy","SG",0.667,"MIN",0.061,0.061,0.035,0.011,0.016,0.419,0,0.01,0,0.011,0.015,0.423,0.349,0.009,0.01,0.7,0.006,0.011,0.009,0.02,0.012,0,0.015,0.013,0.01,"2013",FALSE,0,0,31,FALSE
"365","Ricky Rubio","PG",0.524,"MIN",0.695,0.573,0.479,0.179,0.237,0.48,0.067,0.104,0.293,0.164,0.238,0.374,0.429,0.279,0.272,0.799,0.084,0.184,0.15,0.359,0.557,0.013,0.371,0.385,0.215,"2013",FALSE,0,0,31,FALSE
"366","Brandon Rush","SF",0.643,"GSW",0.024,0,0.007,0.006,0.004,0.889,0,0.002,0,0.006,0.004,0.857,0.741,0.003,0.003,0.667,0,0.001,0.001,0.002,0,0,0.006,0.013,0.005,"2013",FALSE,0,0,47,FALSE
"368","John Salmons","SF",0.786,"SAC",0.927,0.878,0.645,0.236,0.282,0.532,0.246,0.301,0.371,0.151,0.195,0.42,0.533,0.112,0.113,0.773,0.063,0.173,0.135,0.194,0.207,0.066,0.183,0.385,0.237,"2013",FALSE,0,0,28,FALSE
"369","Samardo Samuels","C",0.571,"CLE",0.22,0.012,0.055,0.021,0.028,0.489,0,0.001,0,0.023,0.033,0.373,0.408,0.019,0.025,0.583,0.019,0.018,0.018,0.007,0.012,0.008,0.013,0.081,0.02,"2013",FALSE,0,0,24,FALSE
"370","Larry Sanders","C",0.571,"MIL",0.866,0.671,0.548,0.296,0.278,0.675,0,0.002,0,0.318,0.34,0.507,0.562,0.111,0.14,0.618,0.428,0.445,0.439,0.071,0.215,0.535,0.188,0.628,0.246,"2013",FALSE,0,0,38,FALSE
"371","Luis Scola","PF",0.762,"PHO",1,0.817,0.618,0.418,0.421,0.629,0.007,0.018,0.188,0.446,0.507,0.477,0.527,0.239,0.237,0.787,0.302,0.38,0.354,0.156,0.272,0.093,0.272,0.693,0.37,"2013",FALSE,0,0,25,FALSE
"372","Mike Scott","PF",0.571,"ATL",0.488,0.012,0.106,0.068,0.068,0.635,0,0.001,0,0.073,0.082,0.479,0.529,0.057,0.058,0.768,0.075,0.071,0.072,0.01,0.016,0.005,0.045,0.086,0.065,"2013",FALSE,0,0,44,FALSE
"373","Thabo Sefolosha","SG",0.667,"OKC",0.988,0.988,0.631,0.217,0.214,0.641,0.269,0.291,0.419,0.121,0.117,0.558,0.663,0.075,0.071,0.826,0.111,0.257,0.207,0.107,0.419,0.117,0.138,0.477,0.216,"2013",FALSE,0,0,60,FALSE
"374","Josh Selby","PG",0.5,"MEM",0.122,0,0.017,0.006,0.01,0.364,0.002,0.007,0.167,0.005,0.009,0.313,0.328,0.009,0.011,0.636,0,0.005,0.003,0.003,0.008,0,0.015,0.019,0.007,"2013",FALSE,0,0,56,FALSE
"376","Ramon Sessions","SG",0.619,"CHA",0.744,0,0.468,0.267,0.311,0.544,0.082,0.121,0.308,0.253,0.321,0.427,0.481,0.385,0.357,0.839,0.052,0.141,0.11,0.198,0.195,0.019,0.224,0.245,0.309,"2013",FALSE,0,0,21,FALSE
"377","Tornike Shengelia","SF",0.5,"BRK",0.232,0,0.026,0.01,0.011,0.58,0.002,0.002,0.5,0.009,0.012,0.429,0.508,0.012,0.016,0.563,0.017,0.014,0.015,0.003,0.012,0.003,0.024,0.03,0.011,"2013",FALSE,0,0,49,FALSE
"378","Iman Shumpert","SG",0.524,"NYK",0.549,0.549,0.282,0.105,0.127,0.528,0.127,0.143,0.402,0.06,0.083,0.392,0.543,0.048,0.048,0.766,0.059,0.104,0.089,0.064,0.175,0.019,0.08,0.267,0.108,"2013",FALSE,0,0,54,FALSE
"379","Alexey Shved","SG",0.571,"MIN",0.939,0.195,0.521,0.228,0.292,0.496,0.211,0.325,0.295,0.157,0.196,0.435,0.488,0.143,0.154,0.72,0.078,0.133,0.114,0.246,0.22,0.072,0.317,0.315,0.235,"2013",FALSE,0,0,31,FALSE
"381","Kyle Singler","SF",0.571,"DET",1,0.902,0.649,0.266,0.295,0.571,0.174,0.226,0.35,0.213,0.249,0.464,0.537,0.132,0.128,0.806,0.208,0.219,0.216,0.066,0.232,0.098,0.211,0.585,0.254,"2013",FALSE,0,0,29,FALSE
"382","Chris Singleton","PF",0.548,"WAS",0.695,0.134,0.262,0.089,0.111,0.509,0.017,0.041,0.194,0.088,0.116,0.415,0.44,0.053,0.072,0.571,0.098,0.132,0.12,0.032,0.154,0.064,0.097,0.334,0.082,"2013",FALSE,0,0,29,FALSE
"384","Greg Smith","C",0.524,"HOU",0.854,0.122,0.314,0.164,0.126,0.827,0,0.001,0,0.177,0.154,0.623,0.689,0.107,0.134,0.623,0.212,0.209,0.21,0.021,0.073,0.106,0.088,0.472,0.149,"2013",FALSE,0,0,45,FALSE
"386","J.R. Smith","SG",0.643,"NYK",0.976,0,0.758,0.51,0.575,0.563,0.386,0.492,0.356,0.387,0.459,0.458,0.538,0.313,0.32,0.762,0.122,0.358,0.278,0.187,0.407,0.064,0.289,0.609,0.511,"2013",FALSE,0,0,54,FALSE
"387","Jason Smith","C",0.619,"NOH",0.622,0,0.248,0.162,0.157,0.653,0,0.005,0,0.174,0.19,0.496,0.544,0.114,0.105,0.843,0.122,0.121,0.122,0.029,0.061,0.12,0.119,0.332,0.148,"2013",FALSE,0,0,27,FALSE
"388","Josh Smith","PF",0.643,"ATL",0.927,0.927,0.759,0.532,0.544,0.62,0.152,0.227,0.303,0.509,0.553,0.498,0.546,0.22,0.33,0.517,0.254,0.502,0.418,0.276,0.382,0.362,0.487,0.472,0.469,"2013",FALSE,0,0,44,FALSE
"389","Nolan Smith","PG",0.571,"POR",0.488,0,0.082,0.041,0.052,0.491,0.015,0.032,0.214,0.037,0.049,0.419,0.439,0.026,0.029,0.714,0.013,0.02,0.018,0.03,0.028,0.003,0.062,0.07,0.039,"2013",FALSE,0,0,33,FALSE
"391","Tiago Splitter","PF",0.667,"SAS",0.988,0.707,0.565,0.305,0.259,0.747,0,0.002,0,0.328,0.316,0.561,0.622,0.275,0.293,0.73,0.275,0.368,0.337,0.112,0.256,0.17,0.216,0.434,0.296,"2013",FALSE,0,0,58,FALSE
"392","Jerry Stackhouse","SF",0.905,"BRK",0.451,0,0.154,0.064,0.079,0.512,0.075,0.1,0.337,0.037,0.047,0.434,0.523,0.026,0.024,0.87,0.01,0.028,0.022,0.03,0.028,0.011,0.052,0.084,0.064,"2013",FALSE,0,0,49,FALSE
"393","Lance Stephenson","SG",0.524,"IND",0.951,0.878,0.645,0.266,0.275,0.613,0.154,0.212,0.33,0.222,0.231,0.52,0.569,0.099,0.118,0.652,0.09,0.255,0.199,0.192,0.329,0.043,0.235,0.437,0.243,"2013",FALSE,0,0,49,FALSE
"394","DeShawn Stevenson","SG",0.738,"ATL",0.683,0.378,0.328,0.095,0.121,0.499,0.189,0.236,0.364,0.023,0.03,0.415,0.577,0.016,0.024,0.522,0.034,0.103,0.08,0.045,0.118,0.016,0.05,0.186,0.1,"2013",FALSE,0,0,44,FALSE
"398","Rodney Stuckey","SG",0.619,"DET",0.927,0.293,0.614,0.294,0.344,0.541,0.137,0.205,0.302,0.259,0.319,0.44,0.492,0.282,0.28,0.783,0.082,0.168,0.139,0.232,0.207,0.045,0.289,0.342,0.309,"2013",FALSE,0,0,29,FALSE
"399","Jared Sullinger","PF",0.476,"BOS",0.549,0.061,0.252,0.107,0.104,0.657,0.002,0.006,0.2,0.114,0.124,0.5,0.551,0.062,0.065,0.746,0.176,0.171,0.173,0.03,0.089,0.059,0.062,0.415,0.095,"2013",FALSE,0,0,41,FALSE
"401","Jeffery Taylor","SF",0.548,"CHA",0.939,0.354,0.427,0.166,0.184,0.575,0.132,0.174,0.344,0.124,0.138,0.486,0.552,0.099,0.106,0.728,0.098,0.098,0.098,0.054,0.191,0.04,0.103,0.367,0.167,"2013",FALSE,0,0,21,FALSE
"402","Tyshawn Taylor","PG",0.524,"BRK",0.463,0,0.063,0.031,0.04,0.491,0.015,0.015,0.462,0.027,0.042,0.351,0.447,0.02,0.028,0.556,0.004,0.016,0.012,0.018,0.053,0,0.054,0.067,0.03,"2013",FALSE,0,0,49,FALSE
"403","Jeff Teague","PG",0.571,"ATL",0.976,0.951,0.744,0.425,0.448,0.601,0.221,0.28,0.359,0.364,0.409,0.482,0.551,0.263,0.233,0.881,0.048,0.154,0.118,0.497,0.476,0.074,0.496,0.488,0.412,"2013",FALSE,0,0,44,FALSE
"404","Marquis Teague","PG",0.452,"CHI",0.585,0,0.111,0.042,0.052,0.508,0.01,0.026,0.174,0.041,0.051,0.433,0.442,0.012,0.016,0.563,0.006,0.041,0.029,0.054,0.037,0.019,0.075,0.127,0.035,"2013",FALSE,0,0,45,FALSE
"405","Mirza Teletovic","PF",0.643,"BRK",0.646,0,0.141,0.069,0.085,0.512,0.092,0.122,0.343,0.035,0.043,0.442,0.538,0.012,0.011,0.818,0.063,0.062,0.062,0.02,0.053,0.021,0.043,0.143,0.066,"2013",FALSE,0,0,49,FALSE
"407","Garrett Temple","SG",0.619,"WAS",0.622,0.439,0.327,0.102,0.119,0.543,0.065,0.09,0.325,0.082,0.1,0.444,0.508,0.034,0.038,0.703,0.055,0.093,0.08,0.099,0.203,0.045,0.131,0.253,0.093,"2013",FALSE,0,0,29,FALSE
"408","Jason Terry","SG",0.833,"BOS",0.963,0.293,0.601,0.272,0.298,0.579,0.306,0.374,0.372,0.164,0.179,0.498,0.588,0.151,0.135,0.87,0.036,0.139,0.104,0.17,0.268,0.029,0.22,0.296,0.282,"2013",FALSE,0,0,41,FALSE
"410","Isaiah Thomas","PG",0.548,"SAC",0.963,0.756,0.601,0.354,0.383,0.587,0.286,0.362,0.358,0.261,0.288,0.491,0.566,0.335,0.295,0.882,0.055,0.131,0.105,0.271,0.272,0.008,0.302,0.45,0.388,"2013",FALSE,0,0,28,FALSE
"411","Kurt Thomas","PF",0.952,"NYK",0.476,0.207,0.111,0.044,0.038,0.723,0.002,0.001,1,0.046,0.046,0.537,0.609,0.008,0.013,0.462,0.046,0.065,0.058,0.018,0.041,0.043,0.017,0.14,0.034,"2013",FALSE,0,0,54,FALSE
"414","Tyrus Thomas","PF",0.619,"CHA",0.317,0.024,0.102,0.046,0.063,0.471,0.007,0.009,0.375,0.047,0.072,0.352,0.404,0.034,0.032,0.839,0.031,0.044,0.039,0.016,0.057,0.04,0.037,0.137,0.044,"2013",FALSE,0,0,21,FALSE
"415","Jason Thompson","PF",0.619,"SAC",1,0.988,0.647,0.362,0.343,0.669,0,0.003,0,0.389,0.418,0.504,0.558,0.189,0.212,0.694,0.329,0.374,0.359,0.072,0.195,0.162,0.218,0.612,0.315,"2013",FALSE,0,0,28,FALSE
"416","Klay Thompson","SG",0.524,"GSW",1,1,0.831,0.491,0.555,0.563,0.525,0.594,0.401,0.309,0.383,0.437,0.566,0.175,0.162,0.841,0.061,0.272,0.2,0.157,0.35,0.12,0.338,0.639,0.48,"2013",FALSE,0,0,47,FALSE
"417","Tristan Thompson","PF",0.5,"CLE",1,1,0.726,0.377,0.368,0.651,0,0.003,0,0.406,0.449,0.49,0.542,0.234,0.299,0.608,0.585,0.464,0.505,0.093,0.244,0.189,0.265,0.631,0.338,"2013",FALSE,0,0,24,FALSE
"418","Marcus Thornton","SG",0.595,"SAC",0.878,0.098,0.489,0.321,0.356,0.572,0.351,0.428,0.372,0.199,0.223,0.484,0.578,0.147,0.13,0.881,0.096,0.13,0.118,0.078,0.248,0.011,0.147,0.283,0.323,"2013",FALSE,0,0,28,FALSE
"419","Jamaal Tinsley","PG",0.81,"UTA",0.805,0.39,0.346,0.083,0.108,0.491,0.097,0.143,0.307,0.049,0.06,0.439,0.501,0.024,0.027,0.692,0.033,0.097,0.075,0.249,0.26,0.037,0.228,0.286,0.081,"2013",FALSE,0,0,43,FALSE
"420","Anthony Tolliver","SF",0.643,"ATL",0.756,0.134,0.273,0.079,0.099,0.507,0.112,0.15,0.338,0.039,0.047,0.446,0.538,0.058,0.052,0.863,0.059,0.123,0.101,0.027,0.061,0.032,0.078,0.178,0.089,"2013",FALSE,0,0,44,FALSE
"421","P.J. Tucker","SG",0.643,"PHO",0.963,0.549,0.541,0.203,0.204,0.631,0.055,0.079,0.314,0.196,0.211,0.503,0.553,0.085,0.088,0.744,0.252,0.216,0.229,0.094,0.252,0.051,0.144,0.391,0.179,"2013",FALSE,0,0,25,FALSE
"423","Hedo Turkoglu","SF",0.786,"ORL",0.134,0.012,0.053,0.014,0.024,0.352,0.002,0.027,0.042,0.014,0.016,0.448,0.304,0.004,0.006,0.5,0.008,0.022,0.017,0.02,0.028,0.003,0.026,0.03,0.011,"2013",FALSE,0,0,20,FALSE
"424","Evan Turner","SF",0.571,"PHI",1,1,0.819,0.426,0.485,0.559,0.144,0.179,0.365,0.399,0.504,0.428,0.496,0.204,0.214,0.74,0.107,0.458,0.338,0.304,0.289,0.045,0.403,0.531,0.386,"2013",FALSE,0,0,34,FALSE
"426","Ekpe Udoh","C",0.595,"MIL",0.927,0.11,0.371,0.113,0.124,0.58,0,0.001,0,0.122,0.151,0.437,0.483,0.118,0.122,0.748,0.216,0.137,0.164,0.037,0.159,0.226,0.093,0.375,0.114,"2013",FALSE,0,0,38,FALSE
"429","Anderson Varejao","C",0.714,"CLE",0.305,0.305,0.255,0.133,0.133,0.637,0,0.006,0,0.144,0.16,0.486,0.531,0.102,0.105,0.755,0.264,0.221,0.236,0.072,0.15,0.037,0.095,0.183,0.125,"2013",FALSE,0,0,24,FALSE
"431","Greivis Vasquez","PG",0.619,"NOH",0.951,0.951,0.76,0.424,0.466,0.577,0.206,0.274,0.342,0.369,0.434,0.462,0.527,0.164,0.158,0.805,0.082,0.292,0.22,0.605,0.268,0.016,0.532,0.512,0.382,"2013",FALSE,0,0,27,FALSE
"432","Jan Vesely","PF",0.524,"WAS",0.622,0.049,0.17,0.055,0.052,0.667,0,0.001,0,0.059,0.064,0.504,0.556,0.016,0.04,0.308,0.082,0.078,0.08,0.024,0.061,0.045,0.058,0.288,0.044,"2013",FALSE,0,0,29,FALSE
"433","Charlie Villanueva","PF",0.667,"DET",0.841,0,0.309,0.169,0.214,0.503,0.224,0.292,0.347,0.088,0.116,0.415,0.527,0.036,0.05,0.551,0.094,0.191,0.158,0.046,0.126,0.104,0.084,0.259,0.165,"2013",FALSE,0,0,29,FALSE
"434","Nikola Vucevic","C",0.524,"ORL",0.939,0.939,0.724,0.446,0.409,0.692,0,0.003,0,0.48,0.5,0.52,0.577,0.114,0.13,0.683,0.522,0.64,0.599,0.123,0.248,0.21,0.304,0.588,0.356,"2013",FALSE,0,0,20,FALSE
"435","Dwyane Wade","SG",0.738,"MIA",0.841,0.841,0.677,0.55,0.503,0.695,0.042,0.074,0.258,0.574,0.579,0.537,0.587,0.407,0.437,0.725,0.164,0.256,0.225,0.302,0.52,0.149,0.418,0.377,0.517,"2013",FALSE,0,0.004,66,TRUE
"436","Dion Waiters","SG",0.5,"CLE",0.744,0.585,0.497,0.325,0.375,0.549,0.157,0.229,0.31,0.284,0.345,0.446,0.501,0.21,0.219,0.746,0.042,0.126,0.097,0.157,0.24,0.043,0.261,0.305,0.316,"2013",FALSE,0,0,24,FALSE
"437","Kemba Walker","PG",0.524,"CHA",1,1,0.809,0.509,0.572,0.564,0.266,0.375,0.322,0.436,0.514,0.459,0.518,0.392,0.382,0.798,0.115,0.221,0.185,0.405,0.65,0.082,0.431,0.412,0.514,"2013",FALSE,0,0,21,FALSE
"438","John Wall","PG",0.524,"WAS",0.598,0.512,0.453,0.313,0.338,0.588,0.03,0.051,0.267,0.325,0.389,0.452,0.499,0.325,0.315,0.804,0.067,0.16,0.128,0.32,0.264,0.098,0.338,0.315,0.32,"2013",FALSE,0,0,29,FALSE
"439","Gerald Wallace","SF",0.714,"BRK",0.841,0.829,0.588,0.176,0.211,0.529,0.114,0.184,0.282,0.142,0.166,0.461,0.498,0.16,0.195,0.637,0.132,0.248,0.208,0.155,0.394,0.122,0.237,0.318,0.188,"2013",FALSE,0,0,49,FALSE
"440","Rasheed Wallace","C",0.905,"NYK",0.256,0,0.084,0.053,0.065,0.516,0.055,0.078,0.319,0.034,0.041,0.452,0.517,0.019,0.021,0.7,0.021,0.071,0.054,0.005,0.053,0.04,0.022,0.108,0.052,"2013",FALSE,0,0,54,FALSE
"441","Luke Walton","PF",0.762,"CLE",0.61,0,0.243,0.069,0.083,0.523,0.05,0.076,0.299,0.053,0.064,0.447,0.498,0.013,0.021,0.5,0.073,0.106,0.095,0.143,0.171,0.035,0.129,0.264,0.061,"2013",FALSE,0,0,24,FALSE
"443","C.J. Watson","PG",0.667,"BRK",0.976,0.098,0.431,0.186,0.211,0.557,0.219,0.242,0.411,0.108,0.138,0.424,0.571,0.094,0.094,0.78,0.073,0.106,0.095,0.138,0.268,0.032,0.149,0.332,0.192,"2013",FALSE,0,0,49,FALSE
"444","Earl Watson","PG",0.786,"UTA",0.585,0.049,0.235,0.036,0.055,0.411,0.012,0.032,0.179,0.033,0.052,0.348,0.366,0.022,0.026,0.68,0.044,0.064,0.057,0.163,0.163,0.021,0.149,0.253,0.034,"2013",FALSE,0,0,43,FALSE
"446","Martell Webster","SF",0.619,"WAS",0.927,0.756,0.623,0.272,0.293,0.589,0.346,0.371,0.422,0.148,0.173,0.463,0.612,0.222,0.204,0.848,0.101,0.239,0.192,0.123,0.199,0.045,0.194,0.447,0.307,"2013",FALSE,0,0,29,FALSE
"447","David West","PF",0.762,"IND",0.89,0.89,0.689,0.485,0.464,0.664,0.01,0.021,0.211,0.518,0.558,0.503,0.556,0.32,0.324,0.768,0.277,0.415,0.368,0.183,0.301,0.184,0.338,0.402,0.441,"2013",FALSE,0,0,49,FALSE
"448","Russell Westbrook","PG",0.571,"OKC",1,1,0.81,0.651,0.706,0.584,0.241,0.339,0.323,0.599,0.697,0.466,0.522,0.608,0.592,0.8,0.212,0.315,0.28,0.521,0.589,0.064,0.588,0.509,0.672,"2013",FALSE,0,0.007,60,TRUE
"450","James White","SF",0.714,"NYK",0.695,0.195,0.123,0.048,0.053,0.575,0.035,0.046,0.341,0.037,0.042,0.48,0.546,0.015,0.02,0.579,0.01,0.043,0.031,0.025,0.053,0.011,0.037,0.119,0.044,"2013",FALSE,0,0,54,FALSE
"451","Chris Wilcox","C",0.714,"BOS",0.744,0.085,0.235,0.106,0.07,0.959,0,0.001,0,0.114,0.086,0.724,0.799,0.052,0.06,0.672,0.105,0.124,0.118,0.019,0.13,0.074,0.073,0.337,0.091,"2013",FALSE,0,0,41,FALSE
"452","Damien Wilkins","SG",0.786,"PHI",0.744,0.256,0.31,0.14,0.145,0.612,0.042,0.058,0.333,0.133,0.149,0.483,0.54,0.107,0.112,0.743,0.061,0.072,0.069,0.078,0.15,0.048,0.106,0.264,0.137,"2013",FALSE,0,0,34,FALSE
"453","Deron Williams","PG",0.667,"BRK",0.951,0.951,0.804,0.479,0.517,0.587,0.42,0.505,0.378,0.339,0.382,0.482,0.573,0.419,0.38,0.859,0.055,0.202,0.152,0.519,0.305,0.08,0.47,0.523,0.521,"2013",FALSE,0,0,49,FALSE
"454","Derrick Williams","PF",0.5,"MIN",0.951,0.683,0.542,0.327,0.362,0.573,0.162,0.221,0.332,0.284,0.333,0.463,0.523,0.254,0.28,0.706,0.184,0.332,0.281,0.04,0.179,0.098,0.218,0.342,0.329,"2013",FALSE,0,0,31,FALSE
"455","Lou Williams","SG",0.619,"ATL",0.476,0.11,0.317,0.181,0.204,0.563,0.179,0.221,0.367,0.12,0.139,0.466,0.559,0.139,0.124,0.868,0.015,0.071,0.052,0.119,0.179,0.027,0.159,0.148,0.195,"2013",FALSE,0,0,44,FALSE
"456","Marvin Williams","SF",0.619,"UTA",0.89,0.622,0.489,0.192,0.216,0.564,0.134,0.187,0.325,0.151,0.171,0.477,0.534,0.102,0.102,0.778,0.105,0.207,0.172,0.066,0.15,0.101,0.129,0.264,0.187,"2013",FALSE,0,0,43,FALSE
"457","Mo Williams","PG",0.714,"UTA",0.561,0.561,0.401,0.221,0.245,0.573,0.147,0.174,0.383,0.177,0.214,0.449,0.539,0.099,0.087,0.882,0.046,0.085,0.072,0.245,0.187,0.024,0.269,0.283,0.209,"2013",FALSE,0,0,43,FALSE
"458","Reggie Williams","SF",0.619,"CHA",0.488,0,0.108,0.055,0.061,0.576,0.055,0.081,0.306,0.036,0.034,0.583,0.572,0.013,0.022,0.476,0.015,0.043,0.033,0.034,0.049,0.003,0.041,0.051,0.052,"2013",FALSE,0,0,21,FALSE
"459","Terrence Williams","SF",0.595,"BOS",0.293,0,0.09,0.046,0.045,0.66,0.012,0.017,0.333,0.045,0.046,0.524,0.579,0.012,0.022,0.429,0.008,0.04,0.029,0.033,0.045,0.005,0.047,0.035,0.039,"2013",FALSE,0,0,41,FALSE
"460","Metta World Peace","SF",0.786,"LAL",0.915,0.805,0.716,0.321,0.379,0.537,0.351,0.465,0.342,0.199,0.232,0.464,0.542,0.164,0.174,0.734,0.193,0.269,0.243,0.096,0.496,0.112,0.211,0.534,0.328,"2013",FALSE,0,0,45,FALSE
"461","Brandan Wright","C",0.595,"DAL",0.78,0.195,0.325,0.233,0.186,0.796,0,0.003,0,0.251,0.226,0.601,0.663,0.078,0.099,0.615,0.163,0.174,0.17,0.033,0.106,0.202,0.073,0.21,0.191,"2013",FALSE,0,0,41,FALSE
"463","Dorell Wright","SF",0.643,"PHI",0.963,0.098,0.505,0.229,0.276,0.528,0.336,0.407,0.374,0.106,0.134,0.429,0.564,0.159,0.145,0.851,0.08,0.258,0.197,0.129,0.252,0.093,0.138,0.264,0.257,"2013",FALSE,0,0,34,FALSE
"464","Tony Wroten","SG",0.452,"MEM",0.427,0,0.077,0.032,0.04,0.512,0.01,0.018,0.25,0.03,0.039,0.414,0.452,0.028,0.03,0.724,0.025,0.015,0.018,0.037,0.033,0.011,0.062,0.092,0.032,"2013",FALSE,0,0,56,FALSE
"465","Nick Young","SG",0.643,"PHI",0.72,0.207,0.399,0.217,0.249,0.551,0.187,0.237,0.357,0.155,0.187,0.449,0.536,0.139,0.132,0.82,0.046,0.105,0.085,0.072,0.146,0.037,0.108,0.226,0.222,"2013",FALSE,0,0,34,FALSE
"466","Sam Young","SG",0.643,"IND",0.683,0.037,0.196,0.056,0.068,0.523,0.04,0.059,0.308,0.044,0.054,0.438,0.496,0.03,0.044,0.535,0.05,0.096,0.08,0.036,0.061,0.021,0.071,0.167,0.055,"2013",FALSE,0,0,49,FALSE
"467","Thaddeus Young","PF",0.571,"PHI",0.927,0.927,0.744,0.492,0.441,0.708,0.002,0.009,0.125,0.529,0.536,0.535,0.591,0.143,0.193,0.574,0.348,0.386,0.373,0.107,0.541,0.146,0.194,0.515,0.398,"2013",FALSE,0,0,34,FALSE
"469","Tyler Zeller","C",0.548,"CLE",0.939,0.671,0.575,0.237,0.257,0.584,0,0.005,0,0.255,0.313,0.441,0.487,0.159,0.162,0.764,0.304,0.277,0.286,0.082,0.142,0.186,0.205,0.677,0.215,"2013",FALSE,0,0,24,FALSE
"  4","Arron Afflalo","SG",0.667,"ORL",0.89,0.89,0.722,0.449,0.465,0.612,0.318,0.339,0.427,0.35,0.401,0.473,0.58,0.362,0.346,0.815,0.061,0.228,0.171,0.213,0.142,0.008,0.315,0.367,0.47,"2014",FALSE,0,0,23,FALSE
"  5","Alexis Ajinca","C",0.595,"NOP",0.683,0.366,0.269,0.132,0.115,0.728,0,0.001,0,0.142,0.14,0.548,0.607,0.074,0.069,0.836,0.18,0.182,0.181,0.034,0.093,0.122,0.136,0.504,0.116,"2014",FALSE,0,0,34,FALSE
"  7","LaMarcus Aldridge","PF",0.667,"POR",0.841,0.841,0.707,0.631,0.655,0.611,0.007,0.017,0.2,0.675,0.794,0.461,0.51,0.392,0.37,0.822,0.317,0.595,0.5,0.153,0.256,0.181,0.265,0.396,0.566,"2014",FALSE,0,0.021,54,TRUE
"  9","Ray Allen","SG",0.905,"MIA",0.89,0.11,0.548,0.232,0.25,0.589,0.289,0.349,0.375,0.129,0.132,0.53,0.61,0.139,0.119,0.905,0.044,0.181,0.134,0.123,0.22,0.021,0.181,0.31,0.248,"2014",FALSE,0,0,54,FALSE
" 10","Tony Allen","SG",0.762,"MEM",0.671,0.341,0.362,0.197,0.19,0.659,0.027,0.053,0.234,0.201,0.206,0.527,0.563,0.101,0.124,0.628,0.151,0.128,0.136,0.081,0.366,0.051,0.194,0.326,0.175,"2014",FALSE,0,0,50,FALSE
" 11","Al-Farouq Aminu","SF",0.548,"NOP",0.976,0.793,0.579,0.226,0.227,0.632,0.032,0.054,0.271,0.23,0.252,0.496,0.541,0.12,0.141,0.664,0.247,0.364,0.324,0.098,0.333,0.101,0.19,0.396,0.202,"2014",FALSE,0,0,34,FALSE
" 13","Chris Andersen","C",0.833,"MIA",0.878,0,0.395,0.171,0.127,0.859,0.007,0.014,0.25,0.181,0.148,0.662,0.721,0.159,0.174,0.71,0.247,0.248,0.248,0.016,0.13,0.258,0.114,0.437,0.168,"2014",FALSE,0,0,54,FALSE
" 14","Alan Anderson","SF",0.738,"BRK",0.951,0.317,0.502,0.188,0.223,0.533,0.209,0.28,0.339,0.114,0.134,0.464,0.541,0.122,0.121,0.78,0.076,0.134,0.114,0.07,0.195,0.029,0.134,0.396,0.199,"2014",FALSE,0,0,44,FALSE
" 15","James Anderson","SG",0.571,"PHI",0.976,0.756,0.654,0.299,0.33,0.575,0.286,0.396,0.328,0.202,0.206,0.53,0.568,0.102,0.109,0.726,0.113,0.239,0.196,0.128,0.301,0.074,0.228,0.415,0.286,"2014",FALSE,0,0,19,FALSE
" 16","Ryan Anderson","PF",0.595,"NOP",0.268,0.171,0.225,0.15,0.163,0.584,0.167,0.185,0.409,0.092,0.107,0.463,0.591,0.078,0.064,0.952,0.126,0.075,0.093,0.015,0.041,0.019,0.043,0.127,0.154,"2014",FALSE,0,0,34,FALSE
" 17","Giannis Antetokounmpo","SF",0.452,"MIL",0.939,0.28,0.537,0.167,0.192,0.552,0.102,0.133,0.347,0.137,0.169,0.44,0.514,0.183,0.208,0.683,0.149,0.259,0.222,0.129,0.244,0.162,0.263,0.466,0.185,"2014",FALSE,0,0,15,FALSE
" 18","Carmelo Anthony","PF",0.69,"NYK",0.939,0.939,0.844,0.719,0.756,0.603,0.415,0.468,0.402,0.599,0.693,0.469,0.559,0.607,0.557,0.848,0.277,0.474,0.407,0.208,0.386,0.136,0.427,0.604,0.746,"2014",FALSE,0,0.003,37,TRUE
" 20","Pero Antic","C",0.738,"ATL",0.61,0.317,0.262,0.119,0.135,0.557,0.139,0.193,0.327,0.07,0.069,0.545,0.571,0.066,0.068,0.758,0.109,0.151,0.137,0.05,0.077,0.032,0.119,0.34,0.124,"2014",FALSE,0,0,38,FALSE
" 21","Trevor Ariza","SF",0.667,"WAS",0.939,0.939,0.771,0.376,0.393,0.608,0.448,0.499,0.407,0.217,0.232,0.509,0.624,0.197,0.199,0.772,0.189,0.373,0.31,0.164,0.512,0.053,0.284,0.482,0.391,"2014",FALSE,0,0,44,FALSE
" 23","Darrell Arthur","SF",0.595,"DEN",0.829,0.012,0.329,0.157,0.189,0.527,0.06,0.072,0.375,0.144,0.195,0.399,0.471,0.07,0.064,0.855,0.099,0.157,0.137,0.052,0.159,0.125,0.125,0.499,0.142,"2014",FALSE,0,0,36,FALSE
" 29","Luke Babbitt","PF",0.571,"NOP",0.329,0.024,0.134,0.058,0.071,0.52,0.09,0.107,0.379,0.025,0.033,0.407,0.562,0.019,0.019,0.778,0.034,0.07,0.058,0.025,0.028,0.029,0.032,0.14,0.06,"2014",FALSE,0,0,34,FALSE
" 30","Leandro Barbosa","PG",0.738,"PHO",0.244,0,0.104,0.054,0.06,0.569,0.017,0.028,0.28,0.051,0.06,0.462,0.504,0.041,0.04,0.795,0.01,0.032,0.024,0.027,0.028,0.011,0.041,0.081,0.053,"2014",FALSE,0,0,48,FALSE
" 31","J.J. Barea","PG",0.69,"MIN",0.963,0.012,0.416,0.246,0.302,0.516,0.182,0.261,0.316,0.188,0.24,0.426,0.492,0.104,0.103,0.79,0.031,0.137,0.101,0.26,0.106,0,0.269,0.348,0.233,"2014",FALSE,0,0,40,FALSE
" 32","Andrea Bargnani","C",0.667,"NYK",0.512,0.476,0.356,0.215,0.231,0.589,0.075,0.122,0.278,0.2,0.222,0.487,0.524,0.111,0.105,0.824,0.132,0.152,0.145,0.039,0.057,0.138,0.125,0.27,0.197,"2014",FALSE,0,0,37,FALSE
" 33","Harrison Barnes","SF",0.5,"GSW",0.951,0.293,0.624,0.262,0.312,0.532,0.164,0.214,0.347,0.213,0.276,0.419,0.498,0.172,0.186,0.718,0.126,0.243,0.203,0.1,0.264,0.053,0.181,0.426,0.261,"2014",FALSE,0,0,51,FALSE
" 34","Matt Barnes","SF",0.786,"LAC",0.768,0.488,0.491,0.223,0.243,0.584,0.241,0.319,0.343,0.139,0.138,0.549,0.589,0.087,0.093,0.733,0.115,0.23,0.191,0.107,0.228,0.074,0.183,0.499,0.221,"2014",FALSE,0,0,57,FALSE
" 35","Will Barton","SG",0.548,"POR",0.5,0,0.11,0.063,0.072,0.556,0.025,0.037,0.303,0.057,0.069,0.447,0.499,0.034,0.033,0.813,0.031,0.058,0.048,0.028,0.037,0.019,0.039,0.084,0.059,"2014",FALSE,0,0,54,FALSE
" 36","Brandon Bass","PF",0.667,"BOS",1,0.89,0.641,0.34,0.334,0.648,0.005,0.007,0.333,0.364,0.406,0.487,0.541,0.271,0.246,0.858,0.308,0.307,0.307,0.075,0.146,0.189,0.22,0.512,0.322,"2014",FALSE,0,0,25,FALSE
" 37","Shane Battier","SF",0.833,"MIA",0.89,0.683,0.416,0.102,0.127,0.509,0.182,0.237,0.348,0.033,0.037,0.492,0.572,0.02,0.024,0.652,0.065,0.103,0.09,0.054,0.203,0.104,0.045,0.334,0.105,"2014",FALSE,0,0,54,FALSE
" 38","Nicolas Batum","SF",0.595,"POR",1,1,0.837,0.368,0.377,0.62,0.361,0.454,0.361,0.246,0.235,0.566,0.616,0.216,0.209,0.803,0.222,0.492,0.399,0.361,0.305,0.152,0.448,0.42,0.378,"2014",FALSE,0,0,54,FALSE
" 42","Bradley Beal","SG",0.476,"WAS",0.89,0.89,0.716,0.465,0.529,0.559,0.343,0.387,0.402,0.357,0.455,0.426,0.532,0.197,0.194,0.788,0.103,0.217,0.178,0.209,0.289,0.048,0.276,0.412,0.441,"2014",FALSE,0,0,44,FALSE
" 43","Michael Beasley","SF",0.595,"MIA",0.671,0.024,0.235,0.171,0.163,0.665,0.052,0.061,0.389,0.162,0.17,0.518,0.587,0.081,0.081,0.772,0.059,0.14,0.112,0.036,0.093,0.056,0.123,0.251,0.154,"2014",FALSE,0,0,54,FALSE
" 44","Marco Belinelli","SF",0.643,"SAS",0.976,0.305,0.571,0.326,0.32,0.647,0.313,0.331,0.43,0.22,0.227,0.525,0.64,0.147,0.135,0.847,0.034,0.207,0.148,0.154,0.203,0.019,0.205,0.35,0.322,"2014",FALSE,0,0,62,FALSE
" 45","Anthony Bennett","PF",0.476,"CLE",0.634,0,0.188,0.077,0.104,0.475,0.032,0.06,0.245,0.07,0.097,0.39,0.427,0.058,0.071,0.638,0.094,0.105,0.101,0.015,0.085,0.021,0.101,0.251,0.077,"2014",FALSE,0,0,33,FALSE
" 46","Patrick Beverley","PG",0.595,"HOU",0.683,0.671,0.496,0.192,0.221,0.552,0.229,0.288,0.361,0.111,0.127,0.473,0.566,0.11,0.105,0.814,0.138,0.123,0.128,0.13,0.313,0.061,0.142,0.469,0.202,"2014",FALSE,0,0,54,FALSE
" 48","Chauncey Billups","SG",0.881,"DET",0.232,0.085,0.087,0.023,0.036,0.405,0.035,0.054,0.292,0.01,0.017,0.323,0.436,0.013,0.012,0.833,0.008,0.024,0.018,0.036,0.033,0.003,0.054,0.067,0.025,"2014",FALSE,0,0,29,FALSE
" 50","DeJuan Blair","PF",0.571,"DAL",0.951,0.159,0.344,0.203,0.181,0.712,0,0.002,0,0.219,0.221,0.537,0.593,0.102,0.124,0.636,0.266,0.227,0.241,0.06,0.244,0.056,0.166,0.518,0.175,"2014",FALSE,0,0,49,FALSE
" 52","Andray Blatche","PF",0.643,"BRK",0.89,0.085,0.458,0.31,0.31,0.635,0.037,0.061,0.278,0.318,0.35,0.494,0.541,0.217,0.227,0.742,0.229,0.268,0.255,0.096,0.305,0.101,0.237,0.447,0.29,"2014",FALSE,0,0,44,FALSE
" 53","Eric Bledsoe","PG",0.571,"PHO",0.524,0.488,0.401,0.256,0.256,0.636,0.124,0.158,0.357,0.224,0.235,0.517,0.58,0.242,0.244,0.772,0.052,0.174,0.132,0.202,0.28,0.037,0.308,0.267,0.269,"2014",FALSE,0,0,48,FALSE
" 54","Vander Blue","SG",0.5,"BOS",0.037,0,0.004,0.002,0.002,0.667,0,0.001,0,0.002,0.002,0.667,0.556,0.001,0.005,0.2,0,0.003,0.002,0.001,0,0,0.004,0.003,0.002,"2014",FALSE,0,0,25,FALSE
" 57","Matt Bonner","PF",0.786,"SAS",0.744,0,0.195,0.071,0.075,0.593,0.104,0.111,0.429,0.032,0.037,0.47,0.637,0.012,0.012,0.75,0.031,0.113,0.085,0.027,0.061,0.029,0.034,0.132,0.07,"2014",FALSE,0,0,62,FALSE
" 58","Trevor Booker","PF",0.619,"WAS",0.878,0.549,0.44,0.215,0.185,0.735,0,0.002,0,0.231,0.226,0.554,0.612,0.062,0.078,0.618,0.285,0.228,0.248,0.055,0.167,0.12,0.125,0.353,0.173,"2014",FALSE,0,0,44,FALSE
" 59","Carlos Boozer","PF",0.762,"CHI",0.927,0.927,0.606,0.432,0.451,0.608,0,0.002,0,0.465,0.552,0.457,0.507,0.196,0.199,0.767,0.262,0.492,0.413,0.101,0.215,0.059,0.332,0.582,0.368,"2014",FALSE,0,0,48,FALSE
" 60","Chris Bosh","C",0.69,"MIA",0.963,0.963,0.716,0.476,0.439,0.688,0.184,0.246,0.339,0.435,0.415,0.569,0.617,0.295,0.28,0.82,0.187,0.421,0.341,0.075,0.325,0.207,0.269,0.518,0.452,"2014",FALSE,0,0,54,FALSE
" 61","Avery Bradley","SG",0.548,"BOS",0.732,0.707,0.525,0.349,0.38,0.584,0.197,0.226,0.395,0.293,0.353,0.451,0.539,0.119,0.115,0.804,0.092,0.177,0.148,0.073,0.256,0.029,0.207,0.391,0.315,"2014",FALSE,0,0,25,FALSE
" 62","Elton Brand","C",0.81,"ATL",0.89,0.183,0.4,0.173,0.153,0.719,0,0.002,0,0.186,0.186,0.542,0.599,0.081,0.097,0.649,0.185,0.262,0.236,0.064,0.163,0.234,0.129,0.518,0.148,"2014",FALSE,0,0,38,FALSE
" 63","Corey Brewer","SF",0.643,"MIN",0.988,0.988,0.738,0.375,0.371,0.641,0.147,0.238,0.28,0.342,0.336,0.552,0.574,0.216,0.234,0.718,0.12,0.143,0.135,0.116,0.614,0.08,0.226,0.566,0.352,"2014",FALSE,0,0,40,FALSE
" 67","Lorenzo Brown","PG",0.548,"PHI",0.317,0,0.063,0.025,0.04,0.403,0.007,0.034,0.1,0.024,0.032,0.411,0.356,0.012,0.013,0.692,0.015,0.02,0.018,0.035,0.053,0.008,0.034,0.051,0.023,"2014",FALSE,0,0,19,FALSE
" 69","Kobe Bryant","SG",0.833,"LAL",0.073,0.073,0.05,0.03,0.034,0.567,0.007,0.018,0.188,0.029,0.032,0.491,0.494,0.024,0.022,0.857,0.004,0.024,0.017,0.033,0.028,0.003,0.073,0.024,0.029,"2014",FALSE,0,0,27,FALSE
" 70","Chase Budinger","SF",0.595,"MIN",0.5,0.098,0.213,0.097,0.117,0.525,0.104,0.135,0.35,0.06,0.076,0.433,0.529,0.042,0.04,0.821,0.036,0.083,0.067,0.027,0.077,0.005,0.052,0.156,0.097,"2014",FALSE,0,0,40,FALSE
" 71","Reggie Bullock","SF",0.524,"LAC",0.524,0,0.112,0.042,0.056,0.473,0.055,0.082,0.301,0.022,0.027,0.438,0.496,0.009,0.009,0.778,0.021,0.043,0.035,0.01,0.037,0.003,0.028,0.07,0.041,"2014",FALSE,0,0,57,FALSE
" 72","Trey Burke","PG",0.5,"UTA",0.854,0.829,0.64,0.33,0.413,0.507,0.276,0.379,0.33,0.239,0.316,0.41,0.491,0.135,0.116,0.903,0.071,0.17,0.136,0.34,0.171,0.016,0.282,0.391,0.316,"2014",FALSE,0,0,25,FALSE
" 73","Alec Burks","SG",0.524,"UTA",0.951,0.146,0.621,0.368,0.382,0.609,0.124,0.161,0.35,0.343,0.388,0.48,0.541,0.369,0.384,0.748,0.113,0.197,0.168,0.182,0.28,0.037,0.321,0.512,0.385,"2014",FALSE,0,0,25,FALSE
" 75","Jimmy Butler","SG",0.571,"CHI",0.817,0.817,0.733,0.266,0.319,0.529,0.169,0.271,0.283,0.215,0.255,0.457,0.496,0.344,0.348,0.769,0.166,0.241,0.216,0.15,0.516,0.096,0.22,0.286,0.31,"2014",FALSE,0,0,48,FALSE
" 76","Rasual Butler","SG",0.81,"IND",0.61,0.024,0.107,0.049,0.051,0.619,0.065,0.07,0.419,0.026,0.027,0.521,0.647,0.011,0.014,0.571,0.011,0.035,0.027,0.015,0.028,0.024,0.024,0.081,0.048,"2014",FALSE,0,0,56,FALSE
" 77","Dwight Buycks","PG",0.571,"TOR",0.171,0,0.041,0.015,0.022,0.417,0.012,0.019,0.294,0.01,0.017,0.323,0.406,0.011,0.009,0.889,0.008,0.019,0.015,0.009,0.033,0,0.022,0.03,0.015,"2014",FALSE,0,0,48,FALSE
" 79","Will Bynum","PG",0.738,"DET",0.683,0.037,0.298,0.178,0.198,0.571,0.05,0.07,0.323,0.171,0.208,0.446,0.501,0.128,0.124,0.802,0.046,0.074,0.065,0.186,0.159,0.019,0.222,0.326,0.171,"2014",FALSE,0,0,29,FALSE
" 80","Nick Calathes","SG",0.571,"MEM",0.866,0.085,0.332,0.137,0.143,0.609,0.047,0.069,0.311,0.128,0.141,0.492,0.541,0.058,0.074,0.611,0.044,0.113,0.09,0.178,0.268,0.021,0.218,0.315,0.123,"2014",FALSE,0,0,50,FALSE
" 81","Jose Calderon","PG",0.762,"DAL",0.988,0.988,0.699,0.33,0.344,0.608,0.475,0.48,0.449,0.156,0.182,0.464,0.649,0.069,0.065,0.825,0.055,0.162,0.125,0.324,0.28,0.029,0.222,0.367,0.327,"2014",FALSE,0,0,49,FALSE
" 82","Kentavious Caldwell-Pope","SG",0.476,"DET",0.976,0.5,0.448,0.176,0.212,0.528,0.147,0.209,0.319,0.128,0.155,0.447,0.511,0.062,0.063,0.77,0.073,0.117,0.102,0.047,0.305,0.032,0.06,0.391,0.166,"2014",FALSE,0,0,29,FALSE
" 83","Isaiah Canaan","PG",0.524,"HOU",0.268,0,0.071,0.03,0.04,0.475,0.045,0.062,0.327,0.014,0.018,0.406,0.511,0.028,0.03,0.724,0.013,0.017,0.016,0.019,0.033,0.011,0.045,0.067,0.036,"2014",FALSE,0,0,54,FALSE
" 84","DeMarre Carroll","SF",0.643,"ATL",0.89,0.89,0.663,0.292,0.295,0.627,0.241,0.302,0.362,0.213,0.211,0.548,0.607,0.144,0.145,0.773,0.205,0.294,0.263,0.115,0.439,0.056,0.17,0.507,0.286,"2014",FALSE,0,0,38,FALSE
" 85","Vince Carter","SG",0.881,"DAL",0.988,0,0.558,0.319,0.373,0.543,0.363,0.419,0.394,0.191,0.248,0.418,0.552,0.213,0.202,0.821,0.128,0.215,0.186,0.182,0.248,0.093,0.233,0.563,0.341,"2014",FALSE,0,0,49,FALSE
" 86","Michael Carter-Williams","PG",0.524,"PHI",0.854,0.854,0.683,0.413,0.485,0.54,0.137,0.235,0.264,0.387,0.477,0.44,0.479,0.341,0.378,0.703,0.193,0.334,0.286,0.379,0.528,0.114,0.532,0.574,0.412,"2014",FALSE,0,0,19,FALSE
" 87","Omri Casspi","PF",0.595,"HOU",0.866,0.024,0.363,0.167,0.189,0.563,0.152,0.199,0.347,0.117,0.132,0.479,0.551,0.11,0.126,0.68,0.105,0.204,0.17,0.076,0.179,0.037,0.155,0.27,0.173,"2014",FALSE,0,0,54,FALSE
" 88","Mario Chalmers","PG",0.643,"MIA",0.89,0.89,0.616,0.246,0.258,0.605,0.216,0.255,0.385,0.174,0.188,0.5,0.59,0.16,0.168,0.742,0.078,0.172,0.14,0.307,0.484,0.043,0.349,0.566,0.253,"2014",FALSE,0,0,54,FALSE
" 89","Tyson Chandler","C",0.738,"NYK",0.671,0.671,0.47,0.185,0.148,0.791,0,0.001,0,0.199,0.181,0.595,0.659,0.13,0.159,0.632,0.304,0.367,0.346,0.051,0.146,0.168,0.153,0.391,0.169,"2014",FALSE,0,0,37,FALSE
" 90","Wilson Chandler","SF",0.619,"DEN",0.756,0.671,0.545,0.297,0.34,0.555,0.303,0.396,0.348,0.193,0.218,0.478,0.554,0.146,0.156,0.724,0.111,0.234,0.192,0.098,0.187,0.082,0.17,0.52,0.299,"2014",FALSE,0,0,36,FALSE
" 92","Dionte Christmas","SF",0.643,"PHO",0.378,0,0.056,0.021,0.029,0.473,0.022,0.035,0.29,0.014,0.017,0.419,0.474,0.024,0.025,0.75,0.025,0.025,0.025,0.007,0.008,0.008,0.013,0.051,0.025,"2014",FALSE,0,0,48,FALSE
" 94","Ian Clark","SG",0.524,"UTA",0.28,0,0.049,0.025,0.031,0.517,0.027,0.035,0.355,0.016,0.02,0.417,0.522,0.007,0.007,0.714,0.006,0.016,0.012,0.013,0.033,0.005,0.03,0.065,0.024,"2014",FALSE,0,0,25,FALSE
" 95","Victor Claver","SF",0.595,"POR",0.256,0,0.052,0.016,0.019,0.54,0.007,0.02,0.167,0.015,0.014,0.583,0.489,0.013,0.011,0.909,0.017,0.03,0.025,0.01,0.012,0.008,0.024,0.043,0.017,"2014",FALSE,0,0,54,FALSE
" 96","Norris Cole","PG",0.595,"MIA",1,0.073,0.57,0.2,0.23,0.552,0.149,0.196,0.345,0.153,0.184,0.451,0.527,0.07,0.07,0.779,0.033,0.142,0.105,0.213,0.313,0.013,0.274,0.42,0.186,"2014",FALSE,0,0,54,FALSE
" 97","Jason Collins","C",0.833,"BRK",0.268,0.012,0.049,0.011,0.011,0.611,0,0.003,0,0.011,0.012,0.524,0.509,0.004,0.004,0.75,0.013,0.012,0.012,0.003,0.033,0.003,0.015,0.081,0.009,"2014",FALSE,0,0,44,FALSE
" 98","Darren Collison","PG",0.619,"LAC",0.976,0.427,0.586,0.313,0.319,0.623,0.177,0.213,0.376,0.263,0.285,0.501,0.576,0.254,0.23,0.857,0.09,0.14,0.123,0.255,0.378,0.04,0.284,0.404,0.322,"2014",FALSE,0,0,57,FALSE
" 99","Nick Collison","PF",0.786,"OKC",0.988,0,0.383,0.13,0.111,0.741,0.01,0.019,0.235,0.135,0.126,0.58,0.627,0.087,0.096,0.71,0.222,0.176,0.192,0.089,0.122,0.074,0.153,0.504,0.119,"2014",FALSE,0,0,59,FALSE
"100","Mike Conley","PG",0.619,"MEM",0.89,0.89,0.692,0.448,0.474,0.6,0.261,0.328,0.361,0.373,0.417,0.484,0.556,0.298,0.284,0.815,0.078,0.171,0.139,0.379,0.447,0.035,0.323,0.38,0.444,"2014",FALSE,0,0.001,50,TRUE
"101","Chris Copeland","SF",0.69,"IND",0.5,0,0.075,0.053,0.054,0.627,0.082,0.089,0.418,0.023,0.021,0.579,0.679,0.013,0.014,0.714,0.013,0.025,0.021,0.015,0.012,0.019,0.03,0.102,0.054,"2014",FALSE,0,0,56,FALSE
"102","DeMarcus Cousins","C",0.548,"SAC",0.866,0.866,0.65,0.572,0.548,0.661,0,0.008,0,0.615,0.668,0.499,0.551,0.571,0.612,0.726,0.417,0.609,0.543,0.178,0.443,0.242,0.541,0.728,0.57,"2014",FALSE,0,0,28,FALSE
"104","Allen Crabbe","SG",0.5,"POR",0.183,0,0.028,0.012,0.015,0.485,0.015,0.016,0.429,0.006,0.011,0.316,0.506,0.004,0.004,0.75,0.002,0.008,0.006,0.005,0.008,0.003,0.006,0.027,0.012,"2014",FALSE,0,0,54,FALSE
"105","Jamal Crawford","SG",0.786,"LAC",0.841,0.293,0.593,0.407,0.465,0.555,0.4,0.503,0.361,0.271,0.319,0.46,0.551,0.369,0.331,0.866,0.065,0.123,0.103,0.192,0.24,0.032,0.291,0.323,0.453,"2014",FALSE,0,0,57,FALSE
"107","Jae Crowder","SF",0.548,"DAL",0.951,0.098,0.355,0.126,0.136,0.585,0.124,0.17,0.331,0.083,0.082,0.552,0.582,0.061,0.063,0.754,0.088,0.147,0.127,0.052,0.24,0.056,0.088,0.27,0.126,"2014",FALSE,0,0,49,FALSE
"108","Dante Cunningham","PF",0.619,"MIN",0.988,0.085,0.463,0.228,0.234,0.619,0,0.006,0,0.246,0.284,0.468,0.516,0.05,0.069,0.567,0.214,0.216,0.216,0.071,0.252,0.154,0.091,0.394,0.18,"2014",FALSE,0,0,40,FALSE
"111","Stephen Curry","PG",0.595,"GSW",0.951,0.951,0.806,0.631,0.636,0.628,0.649,0.694,0.424,0.407,0.433,0.509,0.629,0.407,0.358,0.885,0.088,0.286,0.218,0.572,0.52,0.037,0.634,0.523,0.661,"2014",FALSE,0,0.053,51,TRUE
"112","Samuel Dalembert","C",0.762,"DAL",0.976,0.829,0.457,0.207,0.173,0.757,0,0.001,0,0.223,0.212,0.569,0.631,0.134,0.141,0.737,0.382,0.339,0.354,0.033,0.167,0.25,0.194,0.566,0.187,"2014",FALSE,0,0,49,FALSE
"114","Luigi Datome","SF",0.619,"DET",0.415,0,0.067,0.033,0.045,0.468,0.017,0.044,0.179,0.028,0.033,0.466,0.43,0.011,0.01,0.8,0.027,0.032,0.03,0.009,0.024,0.003,0.024,0.054,0.029,"2014",FALSE,0,0,29,FALSE
"115","Brandon Davies","PF",0.524,"PHI",0.622,0,0.163,0.052,0.059,0.563,0.005,0.011,0.2,0.054,0.067,0.441,0.478,0.045,0.055,0.642,0.073,0.071,0.071,0.024,0.098,0.021,0.075,0.248,0.051,"2014",FALSE,0,0,19,FALSE
"116","Anthony Davis","PF",0.476,"NOP",0.817,0.805,0.667,0.505,0.462,0.692,0.005,0.01,0.222,0.541,0.562,0.522,0.578,0.46,0.453,0.791,0.396,0.463,0.44,0.09,0.362,0.503,0.235,0.539,0.492,"2014",FALSE,0,0,34,FALSE
"122","Matthew Dellavedova","SG",0.548,"CLE",0.878,0.049,0.36,0.118,0.136,0.549,0.142,0.175,0.368,0.068,0.08,0.461,0.564,0.05,0.049,0.792,0.055,0.093,0.08,0.161,0.134,0.013,0.129,0.326,0.12,"2014",FALSE,0,0,33,FALSE
"124","DeMar DeRozan","SG",0.571,"TOR",0.963,0.963,0.854,0.584,0.647,0.572,0.159,0.237,0.305,0.562,0.675,0.451,0.502,0.687,0.648,0.824,0.098,0.29,0.224,0.269,0.35,0.074,0.379,0.531,0.632,"2014",FALSE,0,0,48,FALSE
"125","Boris Diaw","PF",0.738,"SAS",0.963,0.293,0.559,0.292,0.267,0.695,0.112,0.126,0.402,0.267,0.264,0.549,0.621,0.09,0.095,0.739,0.141,0.25,0.213,0.191,0.179,0.085,0.261,0.377,0.253,"2014",FALSE,0,0,62,FALSE
"126","Gorgui Dieng","C",0.571,"MIN",0.732,0.183,0.232,0.109,0.104,0.664,0.002,0.001,1,0.117,0.127,0.496,0.556,0.078,0.096,0.634,0.197,0.196,0.196,0.034,0.122,0.133,0.116,0.291,0.101,"2014",FALSE,0,0,40,FALSE
"128","Chris Douglas-Roberts","SF",0.643,"CHA",0.598,0.098,0.288,0.107,0.116,0.587,0.127,0.149,0.386,0.062,0.068,0.5,0.602,0.087,0.084,0.805,0.031,0.102,0.078,0.044,0.118,0.043,0.078,0.164,0.12,"2014",FALSE,0,0,43,FALSE
"129","Goran Dragic","SG",0.643,"PHO",0.927,0.915,0.755,0.534,0.503,0.673,0.303,0.337,0.408,0.447,0.448,0.542,0.623,0.418,0.428,0.76,0.132,0.175,0.16,0.384,0.423,0.059,0.459,0.555,0.544,"2014",FALSE,0,0.002,48,TRUE
"130","Andre Drummond","C",0.476,"DET",0.988,0.988,0.741,0.463,0.354,0.831,0,0.002,0,0.498,0.433,0.625,0.692,0.181,0.337,0.418,0.841,0.627,0.7,0.03,0.411,0.348,0.237,0.736,0.387,"2014",FALSE,0,0,29,FALSE
"131","Jared Dudley","SF",0.667,"LAC",0.902,0.524,0.489,0.19,0.206,0.584,0.201,0.254,0.36,0.12,0.125,0.518,0.588,0.05,0.06,0.655,0.069,0.123,0.105,0.089,0.167,0.027,0.121,0.394,0.18,"2014",FALSE,0,0,57,FALSE
"132","Tim Duncan","C",0.881,"SAS",0.902,0.902,0.611,0.429,0.417,0.653,0,0.006,0,0.462,0.508,0.493,0.544,0.306,0.325,0.731,0.302,0.559,0.471,0.189,0.175,0.37,0.343,0.361,0.395,"2014",FALSE,0,0.017,62,TRUE
"133","Mike Dunleavy","SF",0.786,"CHI",1,0.744,0.731,0.322,0.356,0.573,0.306,0.366,0.38,0.219,0.254,0.467,0.567,0.185,0.169,0.854,0.088,0.297,0.225,0.16,0.26,0.122,0.233,0.439,0.328,"2014",FALSE,0,0,48,FALSE
"134","Kevin Durant","SF",0.595,"OKC",0.988,0.988,0.884,0.821,0.777,0.671,0.478,0.554,0.391,0.684,0.675,0.549,0.622,0.93,0.828,0.873,0.111,0.536,0.391,0.382,0.419,0.157,0.614,0.469,0.916,"2014",TRUE,119,0.986,59,TRUE
"136","Wayne Ellington","SG",0.619,"DAL",0.549,0.012,0.111,0.053,0.058,0.583,0.062,0.067,0.424,0.031,0.038,0.448,0.596,0.013,0.011,0.909,0.015,0.035,0.028,0.016,0.065,0.005,0.024,0.089,0.051,"2014",FALSE,0,0,49,FALSE
"137","Monta Ellis","SG",0.667,"DAL",1,1,0.856,0.557,0.588,0.601,0.172,0.236,0.33,0.528,0.603,0.474,0.531,0.448,0.442,0.788,0.073,0.255,0.193,0.405,0.573,0.061,0.569,0.531,0.551,"2014",FALSE,0,0,49,FALSE
"139","Jeremy Evans","SF",0.619,"UTA",0.805,0.049,0.342,0.169,0.153,0.703,0,0.002,0,0.182,0.186,0.53,0.586,0.067,0.077,0.68,0.229,0.189,0.203,0.038,0.171,0.122,0.086,0.375,0.142,"2014",FALSE,0,0,25,FALSE
"141","Tyreke Evans","SF",0.571,"NOP",0.878,0.268,0.574,0.378,0.413,0.581,0.052,0.107,0.221,0.385,0.452,0.461,0.498,0.316,0.319,0.771,0.145,0.263,0.223,0.312,0.341,0.056,0.377,0.418,0.368,"2014",FALSE,0,0,34,FALSE
"142","Kenneth Faried","PF",0.571,"DEN",0.976,0.939,0.616,0.432,0.377,0.727,0,0.003,0,0.465,0.461,0.547,0.606,0.267,0.32,0.65,0.455,0.443,0.447,0.082,0.285,0.184,0.291,0.52,0.387,"2014",FALSE,0,0,36,FALSE
"143","Jordan Farmar","PG",0.643,"LAL",0.5,0.061,0.258,0.146,0.168,0.553,0.174,0.181,0.438,0.084,0.115,0.397,0.568,0.058,0.061,0.746,0.038,0.083,0.068,0.171,0.154,0.021,0.205,0.175,0.147,"2014",FALSE,0,0,27,FALSE
"144","Vitor Faverani","C",0.595,"BOS",0.451,0.098,0.138,0.062,0.068,0.58,0.03,0.045,0.3,0.054,0.06,0.486,0.529,0.032,0.038,0.649,0.08,0.085,0.084,0.014,0.057,0.072,0.088,0.199,0.058,"2014",FALSE,0,0,25,FALSE
"145","Derrick Favors","PF",0.524,"UTA",0.89,0.89,0.623,0.377,0.344,0.696,0,0.001,0,0.406,0.421,0.523,0.58,0.251,0.292,0.669,0.38,0.435,0.416,0.078,0.305,0.287,0.278,0.636,0.343,"2014",FALSE,0,0,25,FALSE
"146","Carrick Felix","SG",0.548,"CLE",0.085,0,0.011,0.007,0.006,0.667,0.005,0.006,0.4,0.005,0.005,0.556,0.634,0.004,0.004,0.75,0.002,0.005,0.004,0.003,0,0,0.009,0.011,0.007,"2014",FALSE,0,0,33,FALSE
"147","Raymond Felton","PG",0.69,"NYK",0.793,0.793,0.571,0.232,0.28,0.527,0.154,0.22,0.318,0.185,0.233,0.431,0.496,0.116,0.126,0.721,0.103,0.142,0.129,0.314,0.317,0.072,0.278,0.423,0.222,"2014",FALSE,0,0,37,FALSE
"148","Landry Fields","SF",0.595,"TOR",0.366,0.024,0.091,0.026,0.031,0.537,0,0.006,0,0.028,0.035,0.435,0.448,0.019,0.023,0.636,0.029,0.044,0.039,0.017,0.041,0.008,0.024,0.067,0.024,"2014",FALSE,0,0,48,FALSE
"149","Derek Fisher","SG",0.929,"OKC",0.988,0,0.404,0.136,0.166,0.521,0.219,0.258,0.384,0.055,0.074,0.402,0.569,0.073,0.073,0.775,0.023,0.109,0.08,0.101,0.285,0.008,0.106,0.423,0.15,"2014",FALSE,0,0,59,FALSE
"150","Evan Fournier","SG",0.5,"DEN",0.927,0.049,0.425,0.221,0.25,0.559,0.221,0.267,0.376,0.145,0.173,0.453,0.557,0.123,0.127,0.756,0.065,0.167,0.132,0.096,0.138,0.019,0.216,0.482,0.225,"2014",FALSE,0,0,36,FALSE
"151","Randy Foye","SG",0.714,"DEN",0.988,0.951,0.703,0.349,0.403,0.551,0.47,0.562,0.38,0.179,0.213,0.456,0.579,0.208,0.19,0.849,0.069,0.195,0.152,0.247,0.272,0.104,0.312,0.553,0.377,"2014",FALSE,0,0,36,FALSE
"152","Jamaal Franklin","SG",0.524,"MEM",0.256,0,0.046,0.015,0.018,0.547,0.012,0.012,0.455,0.011,0.016,0.393,0.527,0.003,0.002,1,0.008,0.019,0.015,0.005,0.016,0.005,0.024,0.062,0.014,"2014",FALSE,0,0,50,FALSE
"154","Joel Freeland","C",0.619,"POR",0.634,0,0.206,0.074,0.075,0.633,0,0.002,0,0.08,0.09,0.481,0.528,0.026,0.03,0.69,0.168,0.119,0.136,0.031,0.041,0.059,0.069,0.256,0.061,"2014",FALSE,0,0,54,FALSE
"155","Channing Frye","PF",0.714,"PHO",1,1,0.654,0.325,0.358,0.576,0.398,0.488,0.37,0.183,0.195,0.509,0.594,0.103,0.098,0.821,0.14,0.341,0.272,0.084,0.244,0.168,0.192,0.66,0.321,"2014",FALSE,0,0,48,FALSE
"156","Francisco Garcia","SF",0.762,"HOU",0.671,0.049,0.307,0.114,0.135,0.535,0.172,0.218,0.358,0.051,0.057,0.485,0.577,0.013,0.02,0.526,0.04,0.1,0.08,0.054,0.11,0.088,0.065,0.323,0.111,"2014",FALSE,0,0,54,FALSE
"157","Kevin Garnett","C",0.881,"BRK",0.659,0.659,0.314,0.152,0.164,0.588,0,0.003,0,0.163,0.199,0.445,0.49,0.05,0.048,0.809,0.115,0.296,0.234,0.07,0.175,0.106,0.149,0.332,0.124,"2014",FALSE,0,0,44,FALSE
"158","Diante Garrett","PG",0.595,"UTA",0.866,0,0.297,0.098,0.122,0.508,0.09,0.108,0.375,0.068,0.095,0.385,0.499,0.013,0.012,0.833,0.021,0.085,0.063,0.103,0.167,0.013,0.162,0.202,0.088,"2014",FALSE,0,0,25,FALSE
"159","Marc Gasol","C",0.69,"MEM",0.72,0.72,0.558,0.325,0.327,0.631,0.005,0.012,0.182,0.348,0.395,0.477,0.527,0.245,0.248,0.768,0.161,0.338,0.277,0.185,0.24,0.202,0.239,0.404,0.303,"2014",FALSE,0,0,50,FALSE
"160","Pau Gasol","C",0.786,"LAL",0.732,0.732,0.533,0.411,0.407,0.64,0.01,0.016,0.286,0.438,0.491,0.483,0.536,0.247,0.261,0.736,0.237,0.453,0.379,0.173,0.11,0.245,0.304,0.334,0.368,"2014",FALSE,0,0,27,FALSE
"162","Alonzo Gee","SF",0.619,"CLE",0.793,0.293,0.289,0.095,0.109,0.553,0.047,0.065,0.328,0.082,0.1,0.444,0.507,0.057,0.063,0.705,0.067,0.113,0.097,0.04,0.159,0.04,0.095,0.259,0.091,"2014",FALSE,0,0,33,FALSE
"163","Paul George","SF",0.548,"IND",0.976,0.976,0.82,0.558,0.627,0.565,0.453,0.564,0.364,0.411,0.486,0.458,0.544,0.53,0.477,0.864,0.122,0.475,0.354,0.243,0.614,0.059,0.483,0.534,0.613,"2014",FALSE,0,0.026,56,TRUE
"164","Taj Gibson","PF",0.667,"CHI",1,0.098,0.665,0.415,0.412,0.639,0,0.008,0,0.446,0.501,0.483,0.532,0.279,0.289,0.751,0.382,0.356,0.365,0.078,0.167,0.298,0.323,0.558,0.377,"2014",FALSE,0,0,48,FALSE
"165","Manu Ginobili","SG",0.857,"SAS",0.829,0.037,0.439,0.284,0.289,0.625,0.224,0.291,0.349,0.212,0.208,0.553,0.601,0.212,0.193,0.851,0.057,0.171,0.132,0.252,0.285,0.045,0.3,0.345,0.296,"2014",FALSE,0,0,62,FALSE
"168","Drew Gooden","C",0.762,"WAS",0.268,0,0.112,0.074,0.066,0.708,0.017,0.019,0.412,0.072,0.071,0.548,0.618,0.032,0.028,0.889,0.071,0.076,0.075,0.013,0.041,0.019,0.037,0.143,0.065,"2014",FALSE,0,0,44,FALSE
"169","Archie Goodwin","SG",0.452,"PHO",0.634,0,0.151,0.074,0.077,0.607,0.012,0.041,0.139,0.074,0.074,0.542,0.522,0.049,0.057,0.673,0.048,0.062,0.057,0.017,0.081,0.029,0.095,0.121,0.069,"2014",FALSE,0,0,48,FALSE
"170","Ben Gordon","SG",0.714,"CHA",0.232,0,0.079,0.036,0.05,0.457,0.02,0.033,0.276,0.03,0.045,0.367,0.422,0.022,0.022,0.81,0.006,0.024,0.018,0.018,0.041,0.005,0.045,0.049,0.035,"2014",FALSE,0,0,43,FALSE
"171","Eric Gordon","SG",0.595,"NOP",0.78,0.78,0.582,0.344,0.376,0.581,0.251,0.291,0.391,0.265,0.315,0.456,0.553,0.231,0.229,0.785,0.057,0.134,0.108,0.179,0.301,0.032,0.289,0.307,0.349,"2014",FALSE,0,0,34,FALSE
"172","Marcin Gortat","C",0.69,"WAS",0.988,0.976,0.751,0.44,0.387,0.723,0.002,0.001,1,0.472,0.473,0.541,0.602,0.208,0.236,0.686,0.386,0.561,0.501,0.119,0.167,0.322,0.272,0.542,0.377,"2014",FALSE,0,0,44,FALSE
"175","Danny Green","SG",0.619,"SAS",0.829,0.72,0.467,0.211,0.232,0.576,0.328,0.359,0.415,0.089,0.105,0.46,0.624,0.066,0.065,0.794,0.048,0.203,0.15,0.089,0.264,0.162,0.164,0.288,0.218,"2014",FALSE,0,0,62,FALSE
"176","Draymond Green","SF",0.548,"GSW",1,0.146,0.509,0.181,0.211,0.543,0.137,0.186,0.333,0.137,0.166,0.449,0.519,0.108,0.127,0.667,0.164,0.321,0.267,0.131,0.415,0.191,0.196,0.623,0.18,"2014",FALSE,0,0,51,FALSE
"177","Gerald Green","SG",0.667,"PHO",1,0.585,0.659,0.433,0.463,0.593,0.507,0.576,0.4,0.254,0.28,0.492,0.608,0.258,0.237,0.848,0.092,0.225,0.18,0.105,0.285,0.112,0.312,0.593,0.457,"2014",FALSE,0,0,48,FALSE
"178","Jeff Green","SF",0.643,"BOS",1,1,0.794,0.466,0.539,0.549,0.336,0.447,0.341,0.361,0.437,0.448,0.521,0.374,0.366,0.795,0.103,0.324,0.248,0.119,0.232,0.125,0.356,0.485,0.488,"2014",FALSE,0,0,25,FALSE
"179","Willie Green","SG",0.762,"LAC",0.671,0.11,0.246,0.099,0.125,0.501,0.102,0.137,0.339,0.063,0.085,0.407,0.502,0.037,0.035,0.824,0.023,0.066,0.051,0.043,0.089,0.029,0.073,0.259,0.096,"2014",FALSE,0,0,57,FALSE
"180","Blake Griffin","PF",0.571,"LAC",0.976,0.976,0.81,0.694,0.625,0.704,0.03,0.05,0.273,0.735,0.742,0.537,0.592,0.638,0.693,0.715,0.367,0.561,0.495,0.265,0.374,0.136,0.483,0.714,0.681,"2014",FALSE,0,0.347,57,TRUE
"181","Jorge Gutierrez","PG",0.595,"BRK",0.183,0.024,0.069,0.024,0.025,0.617,0.007,0.014,0.25,0.023,0.024,0.524,0.546,0.012,0.012,0.75,0.006,0.019,0.014,0.026,0.041,0.003,0.03,0.1,0.022,"2014",FALSE,0,0,44,FALSE
"184","Tyler Hansbrough","PF",0.667,"TOR",0.78,0.049,0.277,0.09,0.09,0.632,0,0.002,0,0.097,0.109,0.479,0.527,0.167,0.19,0.681,0.229,0.166,0.188,0.015,0.114,0.051,0.101,0.356,0.11,"2014",FALSE,0,0,48,FALSE
"185","Tim Hardaway","SG",0.5,"NYK",0.988,0.012,0.531,0.284,0.316,0.571,0.323,0.404,0.363,0.171,0.186,0.498,0.581,0.14,0.132,0.828,0.036,0.101,0.079,0.057,0.179,0.019,0.101,0.388,0.291,"2014",FALSE,0,0,37,FALSE
"186","James Harden","SG",0.571,"HOU",0.89,0.89,0.786,0.531,0.555,0.608,0.44,0.545,0.366,0.387,0.407,0.515,0.588,0.762,0.684,0.866,0.117,0.281,0.225,0.383,0.467,0.077,0.571,0.477,0.654,"2014",FALSE,0,0.068,54,TRUE
"187","Maurice Harkless","SF",0.476,"ORL",0.976,0.5,0.552,0.217,0.222,0.619,0.147,0.174,0.383,0.172,0.186,0.502,0.583,0.112,0.147,0.594,0.132,0.194,0.173,0.069,0.394,0.133,0.185,0.377,0.209,"2014",FALSE,0,0,23,FALSE
"188","Josh Harrellson","C",0.571,"DET",0.39,0,0.09,0.037,0.038,0.617,0.03,0.035,0.387,0.027,0.029,0.51,0.597,0.007,0.007,0.714,0.057,0.046,0.05,0.013,0.024,0.04,0.022,0.119,0.033,"2014",FALSE,0,0,29,FALSE
"189","Al Harrington","PF",0.786,"WAS",0.415,0,0.145,0.079,0.095,0.528,0.085,0.113,0.34,0.05,0.06,0.449,0.531,0.036,0.036,0.771,0.029,0.065,0.052,0.024,0.057,0,0.073,0.194,0.079,"2014",FALSE,0,0,44,FALSE
"190","Devin Harris","PG",0.714,"DAL",0.488,0,0.232,0.093,0.117,0.504,0.077,0.114,0.307,0.068,0.086,0.425,0.488,0.122,0.118,0.8,0.015,0.076,0.056,0.153,0.114,0.005,0.127,0.194,0.111,"2014",FALSE,0,0,49,FALSE
"192","Manny Harris","SG",0.571,"LAL",0.11,0,0.051,0.027,0.032,0.533,0.017,0.023,0.35,0.022,0.028,0.42,0.5,0.013,0.012,0.833,0.013,0.027,0.022,0.009,0.016,0.003,0.019,0.027,0.026,"2014",FALSE,0,0,27,FALSE
"193","Mike Harris","PF",0.714,"UTA",0.244,0,0.064,0.028,0.028,0.633,0,0.002,0,0.03,0.033,0.492,0.528,0.034,0.028,0.963,0.029,0.018,0.022,0.004,0.065,0.019,0.024,0.097,0.03,"2014",FALSE,0,0,25,FALSE
"194","Tobias Harris","PF",0.5,"ORL",0.744,0.439,0.524,0.321,0.329,0.619,0.08,0.142,0.254,0.312,0.333,0.508,0.54,0.261,0.251,0.807,0.168,0.334,0.277,0.07,0.167,0.064,0.168,0.385,0.315,"2014",FALSE,0,0,23,FALSE
"198","Gordon Hayward","SF",0.548,"UTA",0.939,0.939,0.793,0.412,0.475,0.551,0.211,0.316,0.304,0.355,0.424,0.453,0.504,0.411,0.392,0.816,0.119,0.327,0.256,0.344,0.447,0.106,0.457,0.418,0.441,"2014",FALSE,0,0,25,FALSE
"199","Gerald Henderson","SG",0.619,"CHA",0.939,0.939,0.697,0.39,0.428,0.577,0.1,0.13,0.348,0.378,0.46,0.445,0.506,0.311,0.318,0.761,0.059,0.277,0.203,0.171,0.207,0.085,0.244,0.429,0.382,"2014",FALSE,0,0,43,FALSE
"200","Xavier Henry","SF",0.524,"LAL",0.524,0.061,0.257,0.139,0.159,0.556,0.07,0.091,0.346,0.121,0.149,0.439,0.509,0.153,0.182,0.655,0.048,0.088,0.075,0.044,0.179,0.019,0.123,0.213,0.153,"2014",FALSE,0,0,27,FALSE
"201","John Henson","PF",0.548,"MIL",0.854,0.28,0.525,0.333,0.294,0.717,0,0.001,0,0.358,0.36,0.539,0.598,0.12,0.182,0.514,0.327,0.324,0.325,0.097,0.167,0.309,0.246,0.499,0.275,"2014",FALSE,0,0,15,FALSE
"202","Roy Hibbert","C",0.643,"IND",0.988,0.988,0.682,0.32,0.347,0.585,0.005,0.006,0.4,0.342,0.422,0.439,0.489,0.274,0.277,0.77,0.386,0.334,0.352,0.078,0.118,0.484,0.319,0.725,0.308,"2014",FALSE,0,0,56,FALSE
"203","J.J. Hickson","PF",0.595,"DEN",0.841,0.634,0.526,0.321,0.301,0.677,0,0.009,0,0.345,0.364,0.514,0.564,0.198,0.298,0.517,0.394,0.423,0.413,0.082,0.191,0.136,0.276,0.477,0.287,"2014",FALSE,0,0,36,FALSE
"204","Nene Hilario","PF",0.738,"WAS",0.646,0.451,0.442,0.289,0.273,0.671,0.002,0.006,0.2,0.31,0.332,0.506,0.56,0.205,0.274,0.583,0.124,0.227,0.192,0.131,0.26,0.125,0.252,0.442,0.266,"2014",FALSE,0,0,44,FALSE
"205","George Hill","PG",0.643,"IND",0.927,0.927,0.689,0.263,0.283,0.589,0.236,0.293,0.365,0.184,0.201,0.497,0.577,0.188,0.181,0.807,0.101,0.228,0.185,0.228,0.305,0.061,0.198,0.426,0.276,"2014",FALSE,0,0,56,FALSE
"206","Jordan Hill","PF",0.619,"LAL",0.878,0.39,0.425,0.277,0.24,0.732,0,0.001,0,0.298,0.293,0.55,0.61,0.164,0.186,0.685,0.371,0.339,0.35,0.046,0.118,0.17,0.162,0.464,0.246,"2014",FALSE,0,0,27,FALSE
"207","Solomon Hill","SF",0.524,"IND",0.341,0,0.064,0.016,0.018,0.567,0.017,0.026,0.304,0.01,0.01,0.588,0.57,0.008,0.007,0.857,0.017,0.032,0.027,0.01,0.02,0.005,0.028,0.051,0.017,"2014",FALSE,0,0,56,FALSE
"208","Kirk Hinrich","PG",0.786,"CHI",0.89,0.744,0.599,0.235,0.285,0.524,0.211,0.273,0.351,0.164,0.213,0.419,0.512,0.126,0.129,0.76,0.059,0.16,0.125,0.246,0.325,0.069,0.259,0.547,0.235,"2014",FALSE,0,0,48,FALSE
"209","Jrue Holiday","PG",0.548,"NOP",0.415,0.415,0.324,0.196,0.209,0.596,0.075,0.087,0.39,0.18,0.213,0.459,0.533,0.067,0.065,0.81,0.054,0.113,0.093,0.23,0.228,0.032,0.226,0.248,0.172,"2014",FALSE,0,0,34,FALSE
"211","Scotty Hopson","SG",0.571,"CLE",0.024,0,0.002,0,0.002,0,0,0.002,0,0,0.001,0,0,0.001,0.002,0.5,0,0,0,0.001,0.004,0,0,0,0,"2014",FALSE,0,0,33,FALSE
"212","Al Horford","C",0.643,"ATL",0.354,0.354,0.271,0.23,0.193,0.756,0.01,0.012,0.364,0.243,0.231,0.572,0.634,0.077,0.087,0.682,0.126,0.177,0.159,0.065,0.11,0.117,0.138,0.151,0.19,"2014",FALSE,0,0,38,FALSE
"213","Dwight Howard","C",0.667,"HOU",0.866,0.866,0.678,0.457,0.368,0.788,0.005,0.008,0.286,0.49,0.447,0.594,0.659,0.462,0.656,0.547,0.442,0.631,0.566,0.113,0.244,0.34,0.494,0.647,0.458,"2014",FALSE,0,0,54,FALSE
"214","Robbie Hummel","SF",0.571,"MIN",0.646,0.061,0.185,0.065,0.081,0.505,0.08,0.1,0.36,0.036,0.05,0.398,0.521,0.02,0.016,0.938,0.067,0.096,0.086,0.02,0.065,0.005,0.022,0.154,0.064,"2014",FALSE,0,0,40,FALSE
"215","Kris Humphries","PF",0.667,"BOS",0.841,0.366,0.389,0.223,0.212,0.668,0,0.002,0,0.24,0.259,0.503,0.557,0.155,0.148,0.813,0.243,0.28,0.267,0.058,0.126,0.162,0.138,0.367,0.204,"2014",FALSE,0,0,25,FALSE
"216","Serge Ibaka","PF",0.571,"OKC",0.988,0.988,0.755,0.507,0.45,0.715,0.057,0.068,0.383,0.521,0.518,0.546,0.609,0.206,0.205,0.784,0.428,0.482,0.463,0.073,0.159,0.582,0.265,0.628,0.433,"2014",FALSE,0,0,59,FALSE
"217","Andre Iguodala","SF",0.714,"GSW",0.768,0.768,0.577,0.213,0.211,0.64,0.154,0.198,0.354,0.164,0.16,0.558,0.609,0.114,0.136,0.652,0.101,0.238,0.192,0.226,0.386,0.048,0.216,0.278,0.208,"2014",FALSE,0,0,51,FALSE
"218","Ersan Ilyasova","PF",0.619,"MIL",0.671,0.573,0.418,0.229,0.266,0.545,0.092,0.148,0.282,0.208,0.253,0.446,0.49,0.142,0.134,0.823,0.205,0.233,0.224,0.062,0.187,0.021,0.131,0.364,0.218,"2014",FALSE,0,0,15,FALSE
"219","Kyrie Irving","PG",0.5,"CLE",0.866,0.866,0.706,0.515,0.569,0.573,0.306,0.388,0.358,0.426,0.504,0.458,0.533,0.385,0.348,0.861,0.099,0.206,0.169,0.372,0.439,0.061,0.409,0.439,0.522,"2014",FALSE,0,0,33,FALSE
"221","Jarrett Jack","PG",0.714,"CLE",0.976,0.378,0.637,0.277,0.321,0.547,0.157,0.209,0.341,0.232,0.289,0.435,0.506,0.165,0.153,0.839,0.042,0.2,0.146,0.278,0.228,0.059,0.287,0.358,0.268,"2014",FALSE,0,0,33,FALSE
"222","Reggie Jackson","PG",0.548,"OKC",0.976,0.439,0.644,0.39,0.422,0.587,0.206,0.277,0.339,0.333,0.378,0.477,0.539,0.209,0.182,0.893,0.082,0.268,0.205,0.284,0.346,0.024,0.362,0.383,0.37,"2014",FALSE,0,0,59,FALSE
"223","Stephen Jackson","SF",0.833,"LAC",0.11,0,0.03,0.006,0.012,0.308,0.002,0.016,0.071,0.005,0.007,0.417,0.278,0.003,0.004,0.5,0.004,0.008,0.007,0.004,0.024,0.003,0.013,0.03,0.005,"2014",FALSE,0,0,57,FALSE
"224","Bernard James","C",0.667,"DAL",0.366,0,0.041,0.011,0.011,0.637,0,0.001,0,0.011,0.012,0.5,0.531,0.008,0.011,0.545,0.029,0.027,0.027,0.003,0.012,0.021,0.022,0.065,0.01,"2014",FALSE,0,0,49,FALSE
"225","Damion James","SF",0.619,"SAS",0.061,0.012,0.014,0.002,0.004,0.296,0,0.002,0,0.002,0.004,0.286,0.247,0.003,0.002,1,0.002,0.011,0.008,0.003,0,0.003,0.002,0.008,0.002,"2014",FALSE,0,0,62,FALSE
"226","LeBron James","PF",0.69,"MIA",0.939,0.939,0.821,0.742,0.623,0.756,0.289,0.345,0.379,0.677,0.591,0.622,0.678,0.581,0.602,0.75,0.155,0.449,0.348,0.419,0.492,0.069,0.582,0.34,0.738,"2014",FALSE,6,0.713,54,TRUE
"227","Mike James","PG",0.905,"CHI",0.134,0,0.022,0.005,0.01,0.317,0.002,0.006,0.2,0.004,0.009,0.25,0.291,0,0.002,0,0,0.007,0.005,0.015,0.008,0,0.011,0.03,0.004,"2014",FALSE,0,0,48,FALSE
"228","Antawn Jamison","PF",0.881,"LAC",0.268,0,0.07,0.028,0.042,0.42,0.02,0.046,0.195,0.022,0.029,0.412,0.399,0.024,0.026,0.72,0.017,0.046,0.036,0.006,0.037,0.008,0.015,0.078,0.03,"2014",FALSE,0,0,57,FALSE
"230","Al Jefferson","C",0.69,"CHA",0.89,0.89,0.723,0.677,0.633,0.679,0.007,0.017,0.2,0.725,0.768,0.512,0.567,0.253,0.285,0.69,0.298,0.632,0.518,0.133,0.272,0.21,0.267,0.474,0.563,"2014",FALSE,0,0.027,43,TRUE
"231","Richard Jefferson","SF",0.786,"UTA",1,0.951,0.626,0.284,0.301,0.6,0.306,0.34,0.409,0.178,0.199,0.484,0.604,0.159,0.167,0.741,0.034,0.2,0.143,0.112,0.228,0.037,0.203,0.453,0.293,"2014",FALSE,0,0,25,FALSE
"232","John Jenkins","SG",0.524,"ATL",0.159,0,0.045,0.015,0.019,0.508,0.01,0.02,0.222,0.012,0.014,0.5,0.477,0.005,0.004,1,0.006,0.019,0.014,0.009,0.004,0.003,0.024,0.03,0.014,"2014",FALSE,0,0,38,FALSE
"233","Brandon Jennings","PG",0.571,"DET",0.976,0.963,0.772,0.409,0.522,0.497,0.383,0.516,0.337,0.28,0.382,0.397,0.49,0.319,0.33,0.751,0.113,0.184,0.159,0.523,0.411,0.021,0.463,0.423,0.438,"2014",FALSE,0,0,29,FALSE
"234","Jonas Jerebko","PF",0.619,"DET",0.78,0,0.21,0.095,0.096,0.628,0.077,0.084,0.419,0.07,0.076,0.5,0.607,0.057,0.061,0.729,0.098,0.123,0.114,0.034,0.085,0.016,0.093,0.229,0.095,"2014",FALSE,0,0,29,FALSE
"235","Amir Johnson","PF",0.619,"TOR",0.939,0.878,0.627,0.333,0.282,0.749,0.05,0.074,0.303,0.337,0.308,0.593,0.642,0.12,0.147,0.636,0.329,0.331,0.33,0.099,0.228,0.234,0.265,0.73,0.282,"2014",FALSE,0,0,48,FALSE
"236","Chris Johnson","SF",0.548,"BOS",0.488,0,0.223,0.082,0.098,0.529,0.107,0.143,0.339,0.044,0.049,0.483,0.553,0.049,0.044,0.86,0.059,0.066,0.063,0.027,0.11,0.011,0.047,0.17,0.088,"2014",FALSE,0,0,25,FALSE
"237","James Johnson","SF",0.619,"MEM",0.634,0.049,0.271,0.138,0.142,0.619,0.055,0.098,0.253,0.126,0.125,0.548,0.556,0.101,0.093,0.844,0.115,0.105,0.108,0.095,0.171,0.152,0.142,0.275,0.136,"2014",FALSE,0,0,50,FALSE
"238","Joe Johnson","SG",0.762,"BRK",0.963,0.963,0.729,0.447,0.468,0.605,0.403,0.456,0.401,0.312,0.346,0.489,0.592,0.21,0.201,0.815,0.092,0.22,0.176,0.186,0.191,0.027,0.259,0.348,0.44,"2014",FALSE,0,0,44,FALSE
"240","Wesley Johnson","SF",0.619,"LAL",0.963,0.756,0.634,0.268,0.3,0.567,0.249,0.306,0.369,0.184,0.214,0.466,0.558,0.081,0.079,0.792,0.134,0.276,0.227,0.107,0.35,0.205,0.194,0.558,0.252,"2014",FALSE,0,0,27,FALSE
"241","Darius Johnson-Odom","SG",0.571,"PHI",0.037,0,0.004,0,0.003,0,0,0.003,0,0,0.002,0,0,0,0.002,0,0,0.002,0.001,0.001,0.004,0,0.004,0.008,0,"2014",FALSE,0,0,19,FALSE
"242","James Jones","SF",0.786,"MIA",0.244,0.073,0.067,0.03,0.031,0.608,0.07,0.061,0.519,0.003,0.008,0.214,0.736,0.009,0.011,0.636,0.004,0.021,0.015,0.008,0.012,0.011,0.009,0.016,0.034,"2014",FALSE,0,0,54,FALSE
"243","Perry Jones","PF",0.524,"OKC",0.756,0.085,0.216,0.08,0.083,0.612,0.055,0.069,0.361,0.063,0.068,0.508,0.577,0.037,0.043,0.667,0.054,0.085,0.075,0.022,0.057,0.051,0.045,0.167,0.076,"2014",FALSE,0,0,59,FALSE
"245","Terrence Jones","PF",0.524,"HOU",0.927,0.866,0.588,0.373,0.328,0.723,0.077,0.114,0.307,0.369,0.345,0.581,0.627,0.156,0.201,0.605,0.31,0.363,0.345,0.075,0.215,0.263,0.153,0.375,0.325,"2014",FALSE,0,0,54,FALSE
"247","Cory Joseph","SG",0.524,"SAS",0.829,0.232,0.265,0.122,0.122,0.633,0.03,0.043,0.316,0.119,0.128,0.502,0.553,0.104,0.099,0.823,0.061,0.074,0.07,0.098,0.142,0.037,0.093,0.226,0.121,"2014",FALSE,0,0,62,FALSE
"248","Chris Kaman","C",0.738,"LAL",0.476,0.159,0.208,0.17,0.159,0.679,0,0.003,0,0.183,0.193,0.513,0.566,0.069,0.07,0.765,0.103,0.174,0.15,0.05,0.045,0.106,0.159,0.251,0.143,"2014",FALSE,0,0,27,FALSE
"249","Enes Kanter","C",0.5,"UTA",0.976,0.451,0.605,0.405,0.393,0.655,0,0.001,0,0.436,0.481,0.492,0.546,0.197,0.21,0.73,0.424,0.373,0.391,0.064,0.114,0.112,0.31,0.62,0.349,"2014",FALSE,0,0,25,FALSE
"250","Sergey Karasev","SF",0.476,"CLE",0.268,0.012,0.044,0.012,0.016,0.457,0.01,0.021,0.211,0.008,0.009,0.5,0.444,0.012,0.01,0.9,0,0.016,0.01,0.005,0.012,0.003,0.024,0.059,0.013,"2014",FALSE,0,0,33,FALSE
"251","Ryan Kelly","PF",0.524,"LAL",0.72,0.305,0.371,0.152,0.171,0.564,0.119,0.16,0.338,0.113,0.129,0.476,0.542,0.146,0.139,0.815,0.08,0.176,0.143,0.082,0.13,0.12,0.101,0.396,0.167,"2014",FALSE,0,0,27,FALSE
"252","Michael Kidd-Gilchrist","SF",0.476,"CHA",0.756,0.756,0.425,0.162,0.162,0.631,0.002,0.01,0.111,0.173,0.194,0.483,0.528,0.149,0.189,0.614,0.208,0.214,0.212,0.045,0.175,0.104,0.129,0.391,0.158,"2014",FALSE,0,0,43,FALSE
"253","Andrei Kirilenko","PF",0.762,"BRK",0.549,0.049,0.243,0.079,0.074,0.684,0.002,0.006,0.2,0.084,0.087,0.523,0.573,0.081,0.122,0.513,0.105,0.09,0.095,0.062,0.163,0.051,0.116,0.175,0.08,"2014",FALSE,0,0,44,FALSE
"254","Brandon Knight","PG",0.524,"MIL",0.878,0.841,0.679,0.446,0.503,0.563,0.274,0.381,0.325,0.365,0.425,0.466,0.526,0.343,0.332,0.802,0.088,0.208,0.167,0.302,0.28,0.045,0.405,0.394,0.456,"2014",FALSE,0,0,15,FALSE
"255","Kyle Korver","SG",0.762,"ATL",0.866,0.866,0.682,0.279,0.28,0.633,0.46,0.442,0.472,0.108,0.122,0.479,0.696,0.115,0.097,0.926,0.042,0.258,0.184,0.179,0.285,0.064,0.22,0.396,0.3,"2014",FALSE,0,0,38,FALSE
"259","Doron Lamb","SG",0.524,"ORL",0.646,0,0.197,0.061,0.074,0.525,0.09,0.102,0.4,0.028,0.039,0.386,0.562,0.038,0.037,0.806,0.015,0.041,0.032,0.037,0.045,0.003,0.058,0.146,0.067,"2014",FALSE,0,0,23,FALSE
"260","Jeremy Lamb","SG",0.5,"OKC",0.951,0,0.435,0.254,0.28,0.576,0.219,0.279,0.356,0.182,0.204,0.483,0.56,0.067,0.066,0.797,0.052,0.161,0.124,0.099,0.228,0.069,0.131,0.385,0.235,"2014",FALSE,0,0,59,FALSE
"262","Shane Larkin","PG",0.5,"DAL",0.585,0,0.138,0.05,0.063,0.507,0.03,0.043,0.316,0.042,0.056,0.404,0.47,0.021,0.026,0.64,0.021,0.031,0.027,0.061,0.106,0.003,0.084,0.124,0.047,"2014",FALSE,0,0,49,FALSE
"263","Ty Lawson","PG",0.619,"DEN",0.756,0.744,0.629,0.336,0.371,0.575,0.179,0.228,0.356,0.286,0.341,0.455,0.528,0.429,0.418,0.798,0.076,0.174,0.141,0.466,0.407,0.027,0.431,0.305,0.385,"2014",FALSE,0,0,36,FALSE
"264","Ricky Ledo","SG",0.5,"DAL",0.134,0,0.009,0.006,0.008,0.471,0.007,0.009,0.375,0.003,0.005,0.333,0.49,0.005,0.004,1,0,0.002,0.001,0.002,0.004,0,0.004,0.005,0.007,"2014",FALSE,0,0,49,FALSE
"266","David Lee","PF",0.714,"GSW",0.841,0.817,0.648,0.496,0.451,0.697,0,0.001,0,0.534,0.553,0.523,0.581,0.306,0.305,0.78,0.348,0.458,0.42,0.126,0.195,0.069,0.328,0.555,0.444,"2014",FALSE,0,0,51,FALSE
"268","Kawhi Leonard","SF",0.524,"SAS",0.805,0.793,0.544,0.326,0.297,0.696,0.172,0.205,0.379,0.279,0.261,0.579,0.64,0.134,0.13,0.802,0.145,0.334,0.269,0.114,0.463,0.133,0.172,0.342,0.298,"2014",FALSE,0,0,62,FALSE
"269","Meyers Leonard","C",0.5,"POR",0.488,0,0.1,0.04,0.042,0.601,0,0.007,0,0.043,0.048,0.482,0.501,0.021,0.022,0.762,0.05,0.084,0.073,0.015,0.028,0.013,0.032,0.205,0.035,"2014",FALSE,0,0,54,FALSE
"270","Jon Leuer","PF",0.571,"MEM",0.598,0,0.182,0.117,0.113,0.656,0.057,0.055,0.469,0.102,0.111,0.497,0.599,0.049,0.048,0.787,0.071,0.12,0.103,0.017,0.073,0.035,0.058,0.17,0.107,"2014",FALSE,0,0,50,FALSE
"271","Rashard Lewis","SF",0.81,"MIA",0.732,0.073,0.275,0.095,0.109,0.553,0.114,0.151,0.343,0.054,0.058,0.51,0.57,0.034,0.034,0.788,0.046,0.085,0.072,0.049,0.215,0.021,0.075,0.243,0.095,"2014",FALSE,0,0,54,FALSE
"273","Damian Lillard","PG",0.548,"POR",1,1,0.831,0.535,0.6,0.565,0.542,0.625,0.394,0.349,0.423,0.447,0.564,0.491,0.438,0.871,0.067,0.251,0.188,0.393,0.26,0.059,0.416,0.531,0.599,"2014",FALSE,0,0,54,FALSE
"274","Jeremy Lin","PG",0.595,"HOU",0.866,0.402,0.581,0.285,0.305,0.595,0.204,0.258,0.358,0.222,0.244,0.492,0.564,0.288,0.273,0.823,0.065,0.152,0.122,0.253,0.276,0.072,0.379,0.447,0.314,"2014",FALSE,0,0,54,FALSE
"275","Shaun Livingston","PG",0.667,"BRK",0.927,0.659,0.559,0.227,0.224,0.644,0.002,0.007,0.167,0.243,0.271,0.486,0.538,0.209,0.197,0.827,0.128,0.178,0.161,0.21,0.378,0.082,0.226,0.464,0.222,"2014",FALSE,0,0,44,FALSE
"276","Brook Lopez","C",0.595,"BRK",0.207,0.207,0.151,0.125,0.105,0.751,0,0.001,0,0.134,0.129,0.566,0.626,0.124,0.118,0.817,0.075,0.063,0.067,0.014,0.037,0.08,0.06,0.14,0.124,"2014",FALSE,0,0,44,FALSE
"277","Robin Lopez","C",0.595,"POR",1,1,0.737,0.343,0.296,0.735,0,0.001,0,0.369,0.363,0.552,0.612,0.262,0.249,0.818,0.623,0.371,0.458,0.063,0.102,0.37,0.181,0.528,0.321,"2014",FALSE,0,0,54,FALSE
"278","Kevin Love","PF",0.595,"MIN",0.939,0.939,0.792,0.629,0.654,0.609,0.473,0.57,0.376,0.479,0.517,0.502,0.582,0.688,0.651,0.821,0.428,0.734,0.629,0.293,0.24,0.093,0.422,0.367,0.71,"2014",FALSE,0,0.02,40,TRUE
"279","Kyle Lowry","PG",0.643,"TOR",0.963,0.963,0.81,0.442,0.497,0.564,0.473,0.564,0.38,0.278,0.327,0.46,0.568,0.414,0.396,0.813,0.168,0.279,0.241,0.503,0.492,0.04,0.418,0.72,0.5,"2014",FALSE,0,0,48,FALSE
"280","John Lucas III","PG",0.738,"UTA",0.512,0.073,0.167,0.06,0.087,0.435,0.062,0.095,0.298,0.039,0.06,0.349,0.436,0.013,0.016,0.625,0.023,0.027,0.025,0.036,0.057,0,0.047,0.111,0.056,"2014",FALSE,0,0,25,FALSE
"281","Shelvin Mack","PG",0.548,"ATL",0.89,0.134,0.422,0.202,0.231,0.556,0.154,0.208,0.337,0.153,0.179,0.464,0.532,0.085,0.076,0.865,0.04,0.138,0.105,0.233,0.203,0.005,0.192,0.27,0.192,"2014",FALSE,0,0,38,FALSE
"282","Ian Mahinmi","C",0.643,"IND",0.939,0.012,0.353,0.088,0.087,0.641,0,0.001,0,0.095,0.106,0.484,0.534,0.119,0.149,0.621,0.205,0.149,0.168,0.021,0.167,0.191,0.125,0.558,0.096,"2014",FALSE,0,0,56,FALSE
"283","Shawn Marion","SF",0.833,"DAL",0.927,0.927,0.682,0.33,0.326,0.643,0.144,0.183,0.358,0.294,0.308,0.518,0.581,0.067,0.067,0.785,0.252,0.362,0.325,0.107,0.366,0.098,0.205,0.337,0.279,"2014",FALSE,0,0,49,FALSE
"284","Kendall Marshall","PG",0.524,"LAL",0.659,0.549,0.443,0.164,0.193,0.541,0.177,0.201,0.399,0.103,0.136,0.411,0.544,0.025,0.037,0.528,0.029,0.139,0.101,0.41,0.195,0.011,0.323,0.205,0.152,"2014",FALSE,0,0,27,FALSE
"286","Kenyon Martin","PF",0.857,"NYK",0.39,0.183,0.179,0.061,0.057,0.683,0,0.001,0,0.066,0.069,0.516,0.569,0.015,0.02,0.579,0.069,0.097,0.088,0.043,0.102,0.072,0.056,0.229,0.048,"2014",FALSE,0,0,37,FALSE
"287","Kevin Martin","SG",0.714,"MIN",0.829,0.829,0.616,0.426,0.471,0.573,0.286,0.335,0.387,0.338,0.409,0.448,0.54,0.401,0.35,0.891,0.065,0.168,0.133,0.104,0.268,0.016,0.228,0.332,0.458,"2014",FALSE,0,0,40,FALSE
"288","Roger Mason","SG",0.786,"MIA",0.305,0.024,0.074,0.024,0.031,0.497,0.042,0.054,0.354,0.008,0.011,0.421,0.556,0.009,0.007,1,0.002,0.021,0.014,0.016,0.024,0.003,0.019,0.07,0.026,"2014",FALSE,0,0,54,FALSE
"289","Wesley Matthews","SG",0.643,"POR",1,1,0.787,0.43,0.464,0.588,0.5,0.577,0.393,0.254,0.281,0.49,0.601,0.333,0.31,0.837,0.098,0.236,0.189,0.169,0.309,0.037,0.237,0.474,0.474,"2014",FALSE,0,0,54,FALSE
"292","O.J. Mayo","SG",0.619,"MIL",0.634,0.28,0.381,0.217,0.253,0.543,0.209,0.256,0.37,0.146,0.182,0.433,0.538,0.101,0.091,0.864,0.046,0.099,0.081,0.097,0.114,0.035,0.205,0.299,0.215,"2014",FALSE,0,0,15,FALSE
"294","Ray McCallum","PG",0.524,"SAC",0.549,0.122,0.254,0.109,0.138,0.503,0.055,0.067,0.373,0.095,0.136,0.378,0.459,0.042,0.044,0.744,0.034,0.061,0.052,0.103,0.089,0.024,0.084,0.186,0.099,"2014",FALSE,0,0,28,FALSE
"295","CJ McCollum","SG",0.524,"POR",0.463,0,0.135,0.072,0.082,0.555,0.075,0.09,0.375,0.046,0.055,0.449,0.556,0.03,0.035,0.676,0.013,0.041,0.031,0.023,0.057,0.005,0.075,0.143,0.071,"2014",FALSE,0,0,54,FALSE
"297","Ben McLemore","SG",0.476,"SAC",1,0.671,0.619,0.247,0.312,0.501,0.236,0.335,0.32,0.166,0.215,0.419,0.496,0.152,0.147,0.804,0.101,0.181,0.154,0.07,0.183,0.048,0.207,0.542,0.254,"2014",FALSE,0,0,28,FALSE
"298","Josh McRoberts","PF",0.619,"CHA",0.951,0.951,0.668,0.239,0.26,0.581,0.261,0.328,0.361,0.148,0.155,0.516,0.588,0.082,0.087,0.729,0.163,0.286,0.244,0.286,0.236,0.122,0.179,0.509,0.233,"2014",FALSE,0,0,43,FALSE
"299","Jodie Meeks","SG",0.619,"LAL",0.939,0.854,0.723,0.399,0.41,0.617,0.403,0.456,0.401,0.261,0.275,0.514,0.616,0.292,0.265,0.857,0.057,0.163,0.127,0.119,0.451,0.011,0.239,0.321,0.427,"2014",FALSE,0,0,27,FALSE
"300","Gal Mekel","PG",0.595,"DAL",0.378,0.012,0.083,0.029,0.04,0.465,0.012,0.023,0.25,0.026,0.037,0.379,0.42,0.011,0.012,0.667,0.01,0.022,0.018,0.054,0.016,0.003,0.067,0.084,0.026,"2014",FALSE,0,0,49,FALSE
"301","Khris Middleton","SF",0.524,"MIL",1,0.78,0.696,0.364,0.393,0.587,0.299,0.327,0.414,0.266,0.318,0.454,0.568,0.156,0.141,0.861,0.115,0.248,0.203,0.145,0.337,0.053,0.265,0.655,0.35,"2014",FALSE,0,0,15,FALSE
"302","C.J. Miles","SG",0.619,"CLE",0.622,0.415,0.279,0.172,0.188,0.58,0.206,0.238,0.393,0.099,0.112,0.48,0.597,0.085,0.077,0.853,0.034,0.084,0.067,0.045,0.187,0.04,0.095,0.278,0.178,"2014",FALSE,0,0,33,FALSE
"304","Darius Miller","SF",0.548,"NOP",0.549,0.085,0.205,0.071,0.076,0.587,0.062,0.087,0.325,0.05,0.05,0.539,0.572,0.038,0.037,0.806,0.017,0.043,0.034,0.037,0.098,0.024,0.047,0.237,0.071,"2014",FALSE,0,0,34,FALSE
"305","Mike Miller","SF",0.786,"MEM",1,0.049,0.483,0.206,0.204,0.641,0.266,0.263,0.459,0.11,0.118,0.505,0.669,0.061,0.058,0.821,0.057,0.176,0.135,0.112,0.106,0.013,0.166,0.256,0.204,"2014",FALSE,0,0,50,FALSE
"306","Quincy Miller","PF",0.5,"DEN",0.634,0.195,0.223,0.091,0.118,0.489,0.075,0.106,0.319,0.067,0.091,0.395,0.473,0.052,0.057,0.709,0.069,0.11,0.096,0.022,0.089,0.085,0.103,0.189,0.091,"2014",FALSE,0,0,36,FALSE
"307","Patty Mills","PG",0.595,"SAS",0.988,0.024,0.432,0.299,0.306,0.619,0.336,0.359,0.425,0.181,0.196,0.5,0.628,0.097,0.084,0.89,0.065,0.134,0.11,0.128,0.276,0.024,0.136,0.307,0.292,"2014",FALSE,0,0,62,FALSE
"308","Paul Millsap","PF",0.667,"ATL",0.902,0.89,0.703,0.467,0.482,0.615,0.189,0.239,0.358,0.424,0.471,0.487,0.553,0.378,0.402,0.731,0.294,0.47,0.41,0.199,0.524,0.207,0.399,0.566,0.469,"2014",FALSE,0,0,38,FALSE
"309","Tony Mitchell","PF",0.5,"DET",0.256,0,0.022,0.005,0.006,0.556,0.002,0.001,1,0.004,0.006,0.364,0.509,0.015,0.02,0.579,0.029,0.011,0.017,0.002,0.024,0.008,0.009,0.024,0.008,"2014",FALSE,0,0,29,FALSE
"312","Greg Monroe","PF",0.548,"DET",1,1,0.761,0.487,0.467,0.663,0,0.001,0,0.524,0.572,0.497,0.552,0.319,0.378,0.657,0.489,0.5,0.497,0.147,0.37,0.125,0.358,0.553,0.441,"2014",FALSE,0,0,29,FALSE
"313","E'Twaun Moore","SG",0.571,"ORL",0.963,0.037,0.426,0.189,0.21,0.571,0.142,0.182,0.354,0.144,0.166,0.468,0.544,0.069,0.07,0.765,0.055,0.106,0.089,0.096,0.244,0.035,0.119,0.286,0.176,"2014",FALSE,0,0,23,FALSE
"315","Marcus Morris","SF",0.571,"PHO",1,0.012,0.509,0.279,0.3,0.589,0.246,0.293,0.381,0.197,0.221,0.483,0.576,0.16,0.164,0.761,0.161,0.233,0.208,0.076,0.293,0.048,0.205,0.423,0.281,"2014",FALSE,0,0,48,FALSE
"316","Markieff Morris","PF",0.571,"PHO",0.988,0,0.609,0.397,0.389,0.648,0.085,0.122,0.315,0.392,0.416,0.512,0.563,0.343,0.336,0.792,0.266,0.344,0.317,0.124,0.276,0.136,0.317,0.625,0.394,"2014",FALSE,0,0,48,FALSE
"317","Anthony Morrow","SG",0.667,"NOP",0.927,0.11,0.404,0.23,0.239,0.611,0.219,0.22,0.451,0.156,0.183,0.462,0.602,0.095,0.09,0.828,0.055,0.11,0.092,0.051,0.154,0.032,0.11,0.275,0.225,"2014",FALSE,0,0,34,FALSE
"318","Donatas Motiejunas","PF",0.548,"HOU",0.756,0.037,0.269,0.127,0.136,0.591,0.052,0.095,0.25,0.114,0.12,0.519,0.531,0.077,0.099,0.604,0.115,0.164,0.147,0.029,0.081,0.056,0.106,0.356,0.12,"2014",FALSE,0,0,54,FALSE
"320","Timofey Mozgov","C",0.643,"DEN",1,0.366,0.501,0.276,0.251,0.697,0.01,0.027,0.167,0.292,0.294,0.539,0.586,0.259,0.267,0.754,0.327,0.355,0.345,0.053,0.11,0.266,0.263,0.574,0.272,"2014",FALSE,0,0,36,FALSE
"321","Shabazz Muhammad","SG",0.5,"MIN",0.451,0,0.082,0.055,0.057,0.613,0.007,0.012,0.273,0.056,0.064,0.478,0.524,0.034,0.041,0.65,0.046,0.029,0.035,0.005,0.033,0.003,0.034,0.065,0.05,"2014",FALSE,0,0,40,FALSE
"324","Toure' Murry","PG",0.571,"NYK",0.622,0,0.106,0.054,0.059,0.579,0.012,0.014,0.417,0.053,0.066,0.436,0.503,0.03,0.04,0.59,0.025,0.031,0.029,0.042,0.077,0.003,0.073,0.124,0.049,"2014",FALSE,0,0,37,FALSE
"325","Mike Muscala","PF",0.524,"ATL",0.244,0,0.061,0.03,0.034,0.567,0,0.003,0,0.032,0.039,0.443,0.472,0.019,0.014,1,0.033,0.035,0.034,0.006,0.012,0.027,0.026,0.078,0.027,"2014",FALSE,0,0,38,FALSE
"327","Steve Nash","PG",0.929,"LAL",0.183,0.122,0.089,0.035,0.043,0.511,0.02,0.027,0.333,0.029,0.039,0.4,0.473,0.029,0.025,0.917,0.008,0.025,0.019,0.074,0.028,0.005,0.067,0.049,0.036,"2014",FALSE,0,0,27,FALSE
"329","Nemanja Nedovic","SG",0.524,"GSW",0.293,0,0.04,0.008,0.018,0.273,0.007,0.02,0.167,0.005,0.012,0.238,0.271,0.009,0.008,0.875,0.006,0.012,0.01,0.011,0,0.003,0.028,0.035,0.009,"2014",FALSE,0,0,51,FALSE
"330","Jameer Nelson","PG",0.738,"ORL",0.829,0.829,0.617,0.284,0.344,0.525,0.338,0.441,0.348,0.164,0.201,0.444,0.539,0.127,0.115,0.857,0.055,0.201,0.151,0.409,0.211,0.013,0.358,0.394,0.29,"2014",FALSE,0,0,23,FALSE
"331","Andrew Nicholson","PF",0.571,"ORL",0.927,0.061,0.332,0.174,0.193,0.572,0.07,0.1,0.315,0.158,0.187,0.459,0.513,0.062,0.059,0.825,0.101,0.201,0.167,0.021,0.073,0.061,0.11,0.404,0.154,"2014",FALSE,0,0,23,FALSE
"332","Joakim Noah","C",0.667,"CHI",0.976,0.976,0.798,0.368,0.368,0.633,0,0.002,0,0.395,0.45,0.476,0.528,0.327,0.345,0.737,0.539,0.614,0.588,0.37,0.402,0.322,0.418,0.66,0.356,"2014",FALSE,0,0.258,48,TRUE
"333","Steve Novak","PF",0.714,"TOR",0.659,0.012,0.153,0.058,0.067,0.548,0.129,0.138,0.426,0.008,0.014,0.333,0.654,0.008,0.006,1,0.015,0.05,0.038,0.011,0.049,0.011,0.011,0.119,0.063,"2014",FALSE,0,0,48,FALSE
"334","Dirk Nowitzki","PF",0.833,"DAL",0.976,0.976,0.744,0.612,0.586,0.663,0.326,0.371,0.398,0.522,0.532,0.532,0.61,0.447,0.387,0.899,0.076,0.455,0.325,0.186,0.297,0.12,0.252,0.445,0.613,"2014",FALSE,0,0.006,49,TRUE
"337","Kyle O'Quinn","C",0.548,"ORL",0.841,0.232,0.336,0.18,0.171,0.668,0,0.003,0,0.194,0.208,0.505,0.557,0.075,0.085,0.687,0.191,0.262,0.238,0.067,0.159,0.234,0.168,0.445,0.151,"2014",FALSE,0,0,23,FALSE
"339","Victor Oladipo","PG",0.5,"ORL",0.976,0.537,0.704,0.379,0.431,0.559,0.184,0.255,0.327,0.331,0.4,0.448,0.509,0.328,0.327,0.78,0.082,0.284,0.215,0.281,0.524,0.098,0.552,0.566,0.391,"2014",FALSE,0,0,23,FALSE
"340","Kelly Olynyk","C",0.524,"BOS",0.854,0.11,0.396,0.226,0.231,0.621,0.1,0.129,0.351,0.202,0.219,0.5,0.562,0.131,0.126,0.811,0.268,0.223,0.239,0.094,0.142,0.072,0.228,0.612,0.214,"2014",FALSE,0,0,25,FALSE
"343","Travis Outlaw","SF",0.69,"SAC",0.768,0.049,0.301,0.126,0.15,0.532,0.102,0.132,0.35,0.093,0.118,0.426,0.513,0.056,0.053,0.808,0.069,0.131,0.11,0.041,0.081,0.051,0.056,0.253,0.121,"2014",FALSE,0,0,28,FALSE
"344","Zaza Pachulia","C",0.69,"MIL",0.646,0.524,0.375,0.144,0.161,0.569,0,0.001,0,0.155,0.196,0.428,0.474,0.146,0.134,0.846,0.27,0.191,0.218,0.117,0.183,0.037,0.198,0.334,0.144,"2014",FALSE,0,0,15,FALSE
"345","Jannero Pargo","PG",0.81,"CHA",0.354,0,0.068,0.05,0.054,0.588,0.06,0.068,0.4,0.029,0.033,0.483,0.602,0.011,0.011,0.727,0.002,0.019,0.013,0.045,0.057,0.003,0.056,0.046,0.048,"2014",FALSE,0,0,43,FALSE
"346","Tony Parker","PG",0.738,"SAS",0.829,0.829,0.565,0.441,0.421,0.665,0.062,0.076,0.373,0.448,0.478,0.509,0.57,0.261,0.25,0.811,0.033,0.137,0.101,0.333,0.146,0.024,0.325,0.232,0.4,"2014",FALSE,0,0.017,62,TRUE
"347","Chandler Parsons","SF",0.595,"HOU",0.902,0.902,0.788,0.451,0.454,0.629,0.323,0.396,0.37,0.35,0.359,0.528,0.598,0.217,0.227,0.742,0.132,0.338,0.267,0.256,0.358,0.077,0.31,0.453,0.433,"2014",FALSE,0,0,54,FALSE
"349","Chris Paul","PG",0.667,"LAC",0.756,0.756,0.614,0.393,0.4,0.623,0.194,0.239,0.368,0.341,0.371,0.498,0.568,0.39,0.355,0.855,0.073,0.228,0.175,0.57,0.626,0.011,0.312,0.423,0.418,"2014",FALSE,0,0.036,57,TRUE
"351","Kendrick Perkins","C",0.69,"OKC",0.756,0.756,0.342,0.084,0.089,0.601,0,0.001,0,0.091,0.108,0.453,0.501,0.049,0.069,0.552,0.157,0.221,0.199,0.058,0.106,0.085,0.194,0.477,0.075,"2014",FALSE,0,0,59,FALSE
"352","Paul Pierce","SF",0.857,"BRK",0.915,0.829,0.594,0.31,0.328,0.601,0.279,0.339,0.373,0.217,0.232,0.507,0.588,0.339,0.319,0.826,0.05,0.32,0.227,0.153,0.35,0.082,0.33,0.512,0.357,"2014",FALSE,0,0,44,FALSE
"354","Mason Plumlee","C",0.548,"BRK",0.854,0.268,0.361,0.192,0.139,0.879,0,0.003,0,0.207,0.169,0.666,0.732,0.161,0.201,0.626,0.189,0.208,0.201,0.052,0.199,0.146,0.166,0.461,0.184,"2014",FALSE,0,0,44,FALSE
"356","Quincy Pondexter","SG",0.595,"MEM",0.183,0.024,0.076,0.03,0.036,0.523,0.027,0.038,0.324,0.021,0.025,0.444,0.513,0.028,0.027,0.808,0.019,0.016,0.017,0.017,0.02,0.003,0.032,0.049,0.033,"2014",FALSE,0,0,50,FALSE
"357","Otto Porter","SF",0.476,"WAS",0.451,0,0.09,0.032,0.042,0.484,0.01,0.024,0.19,0.03,0.039,0.414,0.428,0.011,0.012,0.667,0.04,0.036,0.037,0.009,0.033,0.003,0.03,0.07,0.028,"2014",FALSE,0,0,44,FALSE
"359","Phil Pressey","PG",0.524,"BOS",0.915,0.134,0.32,0.075,0.116,0.411,0.07,0.12,0.264,0.052,0.083,0.34,0.404,0.038,0.046,0.644,0.038,0.084,0.069,0.207,0.276,0.013,0.188,0.261,0.075,"2014",FALSE,0,0,25,FALSE
"360","A.J. Price","SG",0.643,"MIN",0.341,0,0.028,0.018,0.021,0.551,0.015,0.025,0.273,0.014,0.014,0.542,0.531,0,0.002,0,0.002,0.009,0.007,0.011,0.004,0,0.015,0.013,0.016,"2014",FALSE,0,0,40,FALSE
"361","Ronnie Price","SG",0.714,"ORL",0.378,0.024,0.107,0.027,0.042,0.405,0.022,0.049,0.209,0.02,0.028,0.388,0.392,0.012,0.013,0.692,0.015,0.035,0.028,0.057,0.102,0.005,0.056,0.135,0.026,"2014",FALSE,0,0,23,FALSE
"362","Pablo Prigioni","PG",0.857,"NYK",0.805,0.329,0.363,0.085,0.088,0.615,0.162,0.158,0.464,0.024,0.029,0.451,0.701,0.015,0.012,0.917,0.069,0.092,0.084,0.196,0.272,0.005,0.129,0.356,0.089,"2014",FALSE,0,0,37,FALSE
"363","Tayshaun Prince","SF",0.786,"MEM",0.927,0.927,0.551,0.193,0.226,0.543,0.05,0.078,0.29,0.187,0.239,0.426,0.474,0.045,0.062,0.567,0.061,0.201,0.153,0.102,0.159,0.051,0.088,0.17,0.16,"2014",FALSE,0,0,50,FALSE
"365","Anthony Randolph","PF",0.571,"DEN",0.524,0.061,0.149,0.066,0.081,0.515,0.045,0.069,0.295,0.052,0.065,0.435,0.487,0.069,0.071,0.754,0.038,0.101,0.08,0.027,0.106,0.051,0.084,0.173,0.073,"2014",FALSE,0,0,36,FALSE
"367","Zach Randolph","PF",0.762,"MEM",0.963,0.963,0.766,0.542,0.551,0.623,0.005,0.023,0.1,0.581,0.664,0.474,0.52,0.331,0.347,0.742,0.507,0.526,0.52,0.172,0.22,0.061,0.394,0.566,0.484,"2014",FALSE,0,0,50,FALSE
"368","J.J. Redick","SG",0.69,"LAC",0.427,0.415,0.279,0.175,0.183,0.607,0.182,0.209,0.395,0.112,0.12,0.507,0.607,0.128,0.109,0.915,0.017,0.065,0.048,0.067,0.114,0.008,0.091,0.175,0.188,"2014",FALSE,0,0,57,FALSE
"369","Glen Rice","SG",0.548,"WAS",0.134,0.012,0.031,0.011,0.017,0.396,0.012,0.019,0.294,0.006,0.011,0.3,0.406,0.007,0.007,0.714,0.008,0.016,0.013,0.006,0.024,0.003,0.019,0.019,0.011,"2014",FALSE,0,0,44,FALSE
"371","Austin Rivers","PG",0.5,"NOP",0.841,0.049,0.379,0.186,0.218,0.54,0.09,0.112,0.364,0.162,0.212,0.416,0.492,0.146,0.178,0.636,0.05,0.102,0.084,0.137,0.183,0.024,0.166,0.361,0.187,"2014",FALSE,0,0,34,FALSE
"372","Andre Roberson","SG",0.524,"OKC",0.488,0.195,0.113,0.032,0.031,0.647,0.005,0.015,0.154,0.032,0.031,0.564,0.556,0.009,0.01,0.7,0.069,0.058,0.061,0.013,0.077,0.027,0.041,0.199,0.026,"2014",FALSE,0,0,59,FALSE
"373","Brian Roberts","PG",0.667,"NOP",0.878,0.512,0.472,0.236,0.267,0.56,0.159,0.201,0.36,0.187,0.227,0.447,0.528,0.165,0.137,0.94,0.033,0.118,0.089,0.201,0.175,0.019,0.205,0.356,0.239,"2014",FALSE,0,0,34,FALSE
"374","Nate Robinson","PG",0.69,"DEN",0.537,0.012,0.245,0.159,0.176,0.571,0.144,0.174,0.377,0.11,0.129,0.463,0.56,0.094,0.087,0.835,0.04,0.06,0.053,0.096,0.146,0.011,0.125,0.248,0.161,"2014",FALSE,0,0,36,FALSE
"375","Thomas Robinson","PF",0.524,"POR",0.854,0,0.247,0.136,0.135,0.641,0,0.001,0,0.147,0.165,0.483,0.534,0.075,0.104,0.564,0.201,0.201,0.201,0.029,0.093,0.053,0.123,0.353,0.12,"2014",FALSE,0,0,54,FALSE
"376","Rajon Rondo","PG",0.643,"BOS",0.366,0.366,0.282,0.136,0.161,0.537,0.065,0.102,0.289,0.12,0.147,0.442,0.489,0.056,0.069,0.627,0.042,0.141,0.107,0.253,0.163,0.005,0.213,0.175,0.124,"2014",FALSE,0,0,25,FALSE
"377","Derrick Rose","PG",0.595,"CHI",0.122,0.122,0.088,0.056,0.075,0.472,0.04,0.053,0.34,0.044,0.066,0.359,0.447,0.036,0.033,0.844,0.017,0.023,0.021,0.037,0.02,0.003,0.073,0.04,0.056,"2014",FALSE,0,0,48,FALSE
"378","Terrence Ross","SG",0.524,"TOR",0.988,0.756,0.611,0.308,0.346,0.564,0.4,0.46,0.395,0.163,0.193,0.458,0.59,0.108,0.101,0.837,0.082,0.208,0.165,0.068,0.26,0.072,0.19,0.493,0.31,"2014",FALSE,0,0,48,FALSE
"379","Ricky Rubio","PG",0.548,"MIN",1,1,0.747,0.247,0.308,0.508,0.109,0.15,0.331,0.22,0.303,0.393,0.459,0.3,0.291,0.802,0.117,0.279,0.224,0.605,0.776,0.029,0.476,0.588,0.276,"2014",FALSE,0,0,40,FALSE
"380","Brandon Rush","SG",0.667,"UTA",0.463,0,0.118,0.029,0.041,0.444,0.04,0.053,0.34,0.015,0.024,0.326,0.469,0.004,0.005,0.6,0.01,0.039,0.029,0.021,0.02,0.024,0.043,0.084,0.028,"2014",FALSE,0,0,25,FALSE
"383","Larry Sanders","C",0.595,"MIL",0.28,0.244,0.165,0.074,0.075,0.625,0,0.001,0,0.079,0.091,0.472,0.521,0.034,0.057,0.473,0.115,0.104,0.108,0.016,0.073,0.106,0.056,0.199,0.063,"2014",FALSE,0,0,15,FALSE
"384","Dennis Schroder","PG",0.476,"ATL",0.598,0,0.181,0.07,0.087,0.511,0.025,0.047,0.238,0.065,0.082,0.425,0.456,0.038,0.044,0.674,0.01,0.055,0.039,0.08,0.069,0,0.131,0.146,0.065,"2014",FALSE,0,0,38,FALSE
"385","Luis Scola","PF",0.786,"IND",1,0.024,0.396,0.254,0.258,0.627,0.002,0.008,0.143,0.273,0.312,0.474,0.523,0.131,0.14,0.728,0.164,0.303,0.256,0.07,0.106,0.043,0.233,0.442,0.221,"2014",FALSE,0,0,56,FALSE
"386","Mike Scott","PF",0.595,"ATL",0.976,0.073,0.419,0.291,0.289,0.639,0.154,0.226,0.31,0.249,0.241,0.558,0.588,0.136,0.136,0.78,0.119,0.22,0.186,0.064,0.122,0.019,0.17,0.326,0.271,"2014",FALSE,0,0,38,FALSE
"387","Thabo Sefolosha","SG",0.69,"OKC",0.744,0.744,0.448,0.136,0.156,0.553,0.119,0.172,0.316,0.097,0.106,0.495,0.539,0.07,0.071,0.768,0.096,0.169,0.144,0.081,0.321,0.045,0.119,0.243,0.135,"2014",FALSE,0,0,59,FALSE
"390","Mustafa Shakur","PG",0.69,"OKC",0.037,0,0.003,0,0.001,0,0,0.001,0,0,0.001,0,0,0.001,0.002,0.5,0,0,0,0.003,0,0,0.004,0.005,0,"2014",FALSE,0,0,59,FALSE
"392","Iman Shumpert","SG",0.548,"NYK",0.902,0.707,0.555,0.177,0.223,0.504,0.189,0.257,0.333,0.111,0.144,0.418,0.508,0.07,0.073,0.746,0.155,0.225,0.201,0.111,0.374,0.035,0.17,0.563,0.175,"2014",FALSE,0,0,37,FALSE
"393","Alexey Shved","SG",0.595,"MIN",0.768,0,0.188,0.074,0.109,0.428,0.075,0.115,0.294,0.048,0.076,0.341,0.427,0.09,0.093,0.756,0.04,0.06,0.053,0.058,0.106,0.043,0.103,0.097,0.088,"2014",FALSE,0,0,40,FALSE
"395","Kyle Singler","SF",0.595,"DET",1,0.439,0.661,0.26,0.277,0.596,0.234,0.278,0.382,0.182,0.201,0.492,0.583,0.201,0.189,0.826,0.222,0.186,0.198,0.064,0.248,0.101,0.17,0.569,0.277,"2014",FALSE,0,0,29,FALSE
"396","Chris Singleton","SF",0.571,"WAS",0.305,0,0.071,0.024,0.031,0.497,0.017,0.021,0.368,0.019,0.027,0.375,0.472,0.024,0.026,0.72,0.034,0.037,0.036,0.005,0.037,0.008,0.037,0.067,0.026,"2014",FALSE,0,0,44,FALSE
"397","Peyton Siva","SG",0.548,"DET",0.293,0,0.063,0.017,0.026,0.421,0.017,0.028,0.28,0.011,0.018,0.344,0.419,0.015,0.015,0.733,0.004,0.012,0.009,0.029,0.037,0.003,0.039,0.073,0.019,"2014",FALSE,0,0,29,FALSE
"398","Donald Sloan","SG",0.619,"IND",0.585,0.012,0.111,0.043,0.054,0.501,0.025,0.047,0.238,0.035,0.042,0.453,0.466,0.016,0.021,0.6,0.008,0.04,0.029,0.043,0.041,0.003,0.047,0.051,0.039,"2014",FALSE,0,0,56,FALSE
"401","Ish Smith","PG",0.595,"PHO",0.854,0.012,0.285,0.115,0.129,0.564,0.002,0.026,0.043,0.123,0.146,0.457,0.472,0.029,0.04,0.564,0.059,0.097,0.084,0.154,0.199,0.035,0.14,0.178,0.092,"2014",FALSE,0,0,48,FALSE
"402","J.R. Smith","SF",0.667,"NYK",0.902,0.451,0.685,0.383,0.439,0.553,0.47,0.542,0.394,0.215,0.268,0.436,0.571,0.119,0.142,0.652,0.067,0.259,0.193,0.188,0.264,0.053,0.233,0.528,0.378,"2014",FALSE,0,0,37,FALSE
"404","Josh Smith","SF",0.667,"DET",0.939,0.927,0.773,0.5,0.567,0.559,0.174,0.299,0.264,0.465,0.546,0.462,0.498,0.212,0.31,0.532,0.195,0.415,0.34,0.216,0.427,0.293,0.429,0.531,0.446,"2014",FALSE,0,0,29,FALSE
"405","Tony Snell","SG",0.524,"CHI",0.939,0.146,0.348,0.125,0.155,0.512,0.142,0.201,0.32,0.075,0.089,0.456,0.521,0.041,0.042,0.756,0.036,0.104,0.081,0.058,0.118,0.04,0.095,0.226,0.122,"2014",FALSE,0,0,48,FALSE
"407","Marreese Speights","C",0.619,"GSW",0.963,0.037,0.278,0.189,0.203,0.588,0.02,0.035,0.258,0.195,0.232,0.455,0.5,0.146,0.138,0.821,0.193,0.188,0.19,0.027,0.041,0.09,0.142,0.399,0.179,"2014",FALSE,0,0,51,FALSE
"408","Tiago Splitter","C",0.69,"SAS",0.72,0.61,0.36,0.175,0.159,0.697,0,0.003,0,0.188,0.193,0.528,0.581,0.16,0.178,0.699,0.235,0.238,0.237,0.077,0.118,0.082,0.162,0.315,0.171,"2014",FALSE,0,0,62,FALSE
"410","Lance Stephenson","SG",0.548,"IND",0.951,0.951,0.779,0.413,0.4,0.655,0.214,0.275,0.352,0.355,0.353,0.545,0.6,0.185,0.203,0.711,0.182,0.46,0.365,0.308,0.22,0.019,0.453,0.526,0.381,"2014",FALSE,0,0,56,FALSE
"411","Greg Stiemsma","C",0.667,"NOP",0.671,0.244,0.285,0.068,0.056,0.765,0,0.001,0,0.073,0.068,0.579,0.638,0.025,0.033,0.594,0.138,0.153,0.148,0.031,0.142,0.152,0.095,0.456,0.056,"2014",FALSE,0,0,34,FALSE
"412","Julyan Stone","SG",0.595,"TOR",0.256,0,0.034,0.007,0.008,0.549,0.005,0.009,0.25,0.005,0.005,0.556,0.523,0.003,0.003,0.667,0.004,0.018,0.013,0.01,0.012,0,0.011,0.035,0.006,"2014",FALSE,0,0,48,FALSE
"414","Rodney Stuckey","SG",0.643,"DET",0.89,0.061,0.552,0.36,0.393,0.581,0.06,0.099,0.273,0.362,0.431,0.455,0.5,0.323,0.3,0.836,0.075,0.129,0.11,0.131,0.22,0.027,0.269,0.353,0.357,"2014",FALSE,0,0,29,FALSE
"415","Jared Sullinger","PF",0.5,"BOS",0.902,0.537,0.578,0.371,0.414,0.569,0.139,0.235,0.269,0.341,0.39,0.475,0.509,0.209,0.209,0.778,0.461,0.357,0.393,0.101,0.142,0.13,0.256,0.677,0.347,"2014",FALSE,0,0,25,FALSE
"416","Jeffery Taylor","SF",0.571,"CHA",0.317,0.098,0.178,0.079,0.1,0.501,0.045,0.076,0.269,0.067,0.085,0.424,0.463,0.034,0.048,0.553,0.029,0.045,0.039,0.019,0.053,0.013,0.054,0.167,0.073,"2014",FALSE,0,0,43,FALSE
"417","Tyshawn Taylor","PG",0.548,"BRK",0.28,0.037,0.076,0.03,0.042,0.455,0.007,0.014,0.25,0.029,0.045,0.354,0.397,0.032,0.031,0.8,0.006,0.012,0.01,0.031,0.049,0.003,0.067,0.078,0.031,"2014",FALSE,0,0,44,FALSE
"418","Jeff Teague","PG",0.595,"ATL",0.963,0.963,0.72,0.441,0.479,0.584,0.184,0.254,0.329,0.398,0.46,0.469,0.527,0.421,0.387,0.846,0.065,0.173,0.136,0.454,0.362,0.045,0.5,0.426,0.46,"2014",FALSE,0,0,38,FALSE
"420","Mirza Teletovic","SF",0.667,"BRK",0.878,0.085,0.395,0.214,0.243,0.557,0.338,0.394,0.39,0.088,0.102,0.472,0.607,0.058,0.064,0.71,0.115,0.205,0.174,0.049,0.118,0.061,0.116,0.385,0.22,"2014",FALSE,0,0,44,FALSE
"421","Garrett Temple","SG",0.643,"WAS",0.915,0,0.181,0.049,0.065,0.483,0.015,0.033,0.207,0.047,0.063,0.402,0.426,0.04,0.044,0.698,0.04,0.047,0.044,0.062,0.142,0.029,0.091,0.194,0.049,"2014",FALSE,0,0,44,FALSE
"422","Jason Terry","PG",0.857,"BRK",0.427,0,0.161,0.053,0.07,0.483,0.097,0.116,0.379,0.017,0.028,0.327,0.544,0.013,0.015,0.667,0.008,0.033,0.024,0.048,0.053,0,0.058,0.129,0.056,"2014",FALSE,0,0,44,FALSE
"425","Isaiah Thomas","PG",0.571,"SAC",0.878,0.659,0.707,0.48,0.504,0.604,0.316,0.411,0.349,0.384,0.413,0.504,0.567,0.458,0.419,0.85,0.09,0.162,0.137,0.39,0.378,0.021,0.459,0.499,0.517,"2014",FALSE,0,0,28,FALSE
"428","Hollis Thompson","SF",0.524,"PHI",0.939,0.5,0.493,0.165,0.171,0.613,0.167,0.188,0.401,0.108,0.116,0.507,0.611,0.069,0.075,0.712,0.14,0.173,0.161,0.063,0.215,0.032,0.129,0.388,0.163,"2014",FALSE,0,0,19,FALSE
"430","Klay Thompson","SG",0.548,"GSW",0.988,0.988,0.812,0.541,0.579,0.592,0.555,0.604,0.417,0.35,0.408,0.464,0.592,0.194,0.19,0.795,0.073,0.21,0.163,0.155,0.301,0.098,0.291,0.631,0.525,"2014",FALSE,0,0,51,FALSE
"431","Tristan Thompson","PF",0.524,"CLE",1,1,0.734,0.351,0.35,0.636,0,0.001,0,0.378,0.429,0.478,0.53,0.311,0.349,0.693,0.514,0.482,0.493,0.062,0.171,0.093,0.233,0.507,0.339,"2014",FALSE,0,0,33,FALSE
"434","Anthony Tolliver","PF",0.667,"CHA",0.78,0.11,0.367,0.125,0.141,0.56,0.254,0.279,0.413,0.028,0.034,0.45,0.651,0.044,0.042,0.805,0.063,0.134,0.11,0.036,0.077,0.04,0.05,0.221,0.139,"2014",FALSE,0,0,43,FALSE
"435","P.J. Tucker","SF",0.667,"PHO",0.988,0.988,0.705,0.256,0.283,0.575,0.184,0.216,0.387,0.199,0.239,0.45,0.546,0.206,0.207,0.776,0.308,0.365,0.346,0.121,0.447,0.061,0.22,0.55,0.268,"2014",FALSE,0,0,48,FALSE
"437","Hedo Turkoglu","SF",0.81,"LAC",0.463,0,0.111,0.041,0.05,0.513,0.055,0.056,0.44,0.021,0.033,0.339,0.54,0.012,0.019,0.5,0.021,0.077,0.058,0.028,0.077,0.027,0.034,0.135,0.041,"2014",FALSE,0,0,57,FALSE
"442","Jonas Valanciunas","C",0.5,"TOR",0.988,0.988,0.646,0.347,0.311,0.708,0,0.001,0,0.374,0.381,0.532,0.59,0.262,0.267,0.762,0.432,0.485,0.467,0.049,0.098,0.189,0.293,0.671,0.323,"2014",FALSE,0,0,48,FALSE
"443","Anderson Varejao","C",0.738,"CLE",0.793,0.354,0.509,0.22,0.211,0.66,0,0.008,0,0.236,0.255,0.502,0.55,0.122,0.139,0.681,0.358,0.439,0.411,0.12,0.28,0.104,0.155,0.442,0.193,"2014",FALSE,0,0,33,FALSE
"447","Charlie Villanueva","PF",0.69,"DET",0.244,0,0.051,0.034,0.042,0.507,0.035,0.063,0.25,0.022,0.02,0.583,0.508,0.011,0.014,0.571,0.011,0.028,0.022,0.005,0.016,0.013,0.015,0.043,0.032,"2014",FALSE,0,0,29,FALSE
"450","Dwyane Wade","SG",0.762,"MIA",0.659,0.646,0.502,0.401,0.35,0.727,0.022,0.036,0.281,0.422,0.411,0.557,0.612,0.25,0.265,0.733,0.115,0.18,0.158,0.216,0.321,0.077,0.347,0.286,0.363,"2014",FALSE,0,0,54,FALSE
"451","Dion Waiters","SG",0.524,"CLE",0.854,0.293,0.586,0.416,0.457,0.577,0.229,0.282,0.368,0.352,0.419,0.455,0.532,0.213,0.242,0.685,0.061,0.162,0.127,0.18,0.256,0.045,0.332,0.412,0.393,"2014",FALSE,0,0,33,FALSE
"452","Kemba Walker","PG",0.548,"CHA",0.89,0.89,0.74,0.434,0.526,0.524,0.271,0.369,0.333,0.354,0.46,0.417,0.49,0.373,0.347,0.837,0.075,0.265,0.2,0.384,0.35,0.085,0.364,0.345,0.455,"2014",FALSE,0,0,43,FALSE
"453","John Wall","PG",0.548,"WAS",1,1,0.843,0.56,0.615,0.577,0.269,0.348,0.351,0.49,0.58,0.458,0.526,0.419,0.405,0.805,0.073,0.293,0.218,0.619,0.606,0.106,0.636,0.59,0.559,"2014",FALSE,0,0,44,FALSE
"454","Gerald Wallace","SF",0.738,"BOS",0.707,0.195,0.401,0.112,0.106,0.672,0.047,0.072,0.297,0.101,0.094,0.584,0.607,0.062,0.104,0.465,0.069,0.175,0.139,0.123,0.297,0.037,0.209,0.213,0.105,"2014",FALSE,0,0,25,FALSE
"455","Casper Ware","PG",0.571,"PHI",0.11,0,0.033,0.017,0.019,0.572,0.017,0.024,0.333,0.011,0.012,0.524,0.569,0.007,0.006,0.833,0,0.009,0.006,0.009,0.033,0,0.011,0.03,0.017,"2014",FALSE,0,0,19,FALSE
"456","C.J. Watson","PG",0.69,"IND",0.768,0.061,0.338,0.141,0.154,0.583,0.132,0.164,0.366,0.097,0.107,0.492,0.573,0.091,0.091,0.784,0.036,0.081,0.066,0.092,0.244,0.021,0.129,0.178,0.146,"2014",FALSE,0,0,56,FALSE
"457","Earl Watson","PG",0.81,"POR",0.293,0,0.046,0.003,0.005,0.364,0.005,0.008,0.286,0.001,0.002,0.25,0.404,0.005,0.004,1,0.01,0.01,0.01,0.024,0.02,0.003,0.037,0.089,0.004,"2014",FALSE,0,0,54,FALSE
"459","Martell Webster","SF",0.643,"WAS",0.951,0.159,0.611,0.246,0.27,0.577,0.363,0.42,0.392,0.112,0.121,0.502,0.619,0.139,0.129,0.84,0.073,0.183,0.145,0.083,0.167,0.04,0.125,0.404,0.268,"2014",FALSE,0,0,44,FALSE
"460","David West","PF",0.786,"IND",0.976,0.976,0.7,0.443,0.432,0.651,0.01,0.017,0.267,0.472,0.521,0.491,0.544,0.262,0.258,0.789,0.229,0.419,0.354,0.192,0.248,0.197,0.287,0.501,0.395,"2014",FALSE,0,0,56,FALSE
"461","Russell Westbrook","PG",0.595,"OKC",0.561,0.561,0.4,0.335,0.364,0.583,0.169,0.242,0.318,0.289,0.325,0.482,0.533,0.32,0.301,0.826,0.105,0.207,0.172,0.274,0.358,0.019,0.381,0.28,0.354,"2014",FALSE,0,0,59,FALSE
"464","Deron Williams","PG",0.69,"BRK",0.78,0.707,0.583,0.311,0.329,0.6,0.244,0.302,0.366,0.233,0.253,0.5,0.576,0.229,0.222,0.801,0.029,0.152,0.11,0.337,0.378,0.035,0.308,0.399,0.323,"2014",FALSE,0,0,44,FALSE
"466","Elliot Williams","SG",0.571,"PHI",0.817,0.024,0.327,0.135,0.155,0.553,0.092,0.141,0.296,0.107,0.12,0.486,0.522,0.115,0.122,0.731,0.057,0.099,0.085,0.062,0.142,0.008,0.147,0.34,0.143,"2014",FALSE,0,0,19,FALSE
"467","Lou Williams","PG",0.643,"ATL",0.732,0.085,0.409,0.191,0.227,0.533,0.197,0.261,0.342,0.123,0.148,0.45,0.533,0.201,0.184,0.849,0.019,0.113,0.081,0.18,0.183,0.011,0.198,0.175,0.221,"2014",FALSE,0,0,38,FALSE
"468","Marvin Williams","PF",0.643,"UTA",0.805,0.61,0.474,0.223,0.242,0.585,0.209,0.264,0.359,0.153,0.165,0.503,0.577,0.075,0.075,0.781,0.157,0.25,0.218,0.067,0.22,0.082,0.114,0.407,0.213,"2014",FALSE,0,0,25,FALSE
"469","Mo Williams","PG",0.738,"POR",0.902,0,0.519,0.271,0.309,0.556,0.206,0.254,0.369,0.205,0.252,0.441,0.531,0.103,0.092,0.876,0.08,0.11,0.1,0.276,0.224,0.027,0.321,0.531,0.255,"2014",FALSE,0,0,54,FALSE
"471","Shawne Williams","PF",0.643,"LAL",0.439,0.159,0.213,0.071,0.088,0.507,0.104,0.146,0.326,0.032,0.036,0.492,0.544,0.019,0.021,0.7,0.048,0.141,0.109,0.026,0.077,0.08,0.045,0.251,0.071,"2014",FALSE,0,0,27,FALSE
"472","Jeff Withey","C",0.548,"NOP",0.707,0.049,0.194,0.067,0.059,0.713,0,0.001,0,0.072,0.072,0.539,0.594,0.069,0.075,0.712,0.094,0.1,0.098,0.022,0.061,0.133,0.043,0.197,0.067,"2014",FALSE,0,0,34,FALSE
"473","Nate Wolters","PG",0.524,"MIL",0.707,0.378,0.371,0.164,0.179,0.583,0.045,0.07,0.29,0.158,0.184,0.465,0.511,0.078,0.093,0.656,0.063,0.115,0.097,0.161,0.142,0.04,0.123,0.181,0.147,"2014",FALSE,0,0,15,FALSE
"474","Metta World Peace","SF",0.81,"NYK",0.354,0.012,0.11,0.054,0.065,0.529,0.042,0.061,0.315,0.041,0.049,0.448,0.508,0.013,0.016,0.625,0.034,0.041,0.039,0.015,0.098,0.021,0.041,0.119,0.049,"2014",FALSE,0,0,37,FALSE
"476","Chris Wright","SF",0.595,"MIL",0.098,0,0.036,0.02,0.016,0.8,0,0.001,0,0.022,0.019,0.618,0.667,0.008,0.015,0.4,0.019,0.01,0.013,0.004,0.028,0.013,0.011,0.046,0.017,"2014",FALSE,0,0,15,FALSE
"477","Dorell Wright","SF",0.667,"POR",0.829,0.159,0.279,0.107,0.137,0.499,0.172,0.228,0.342,0.044,0.054,0.442,0.544,0.069,0.071,0.754,0.055,0.161,0.125,0.055,0.093,0.043,0.084,0.167,0.121,"2014",FALSE,0,0,54,FALSE
"478","Tony Wroten","PG",0.476,"PHI",0.878,0.195,0.5,0.334,0.372,0.569,0.1,0.212,0.213,0.317,0.35,0.492,0.502,0.276,0.335,0.641,0.132,0.158,0.149,0.186,0.317,0.043,0.44,0.407,0.332,"2014",FALSE,0,0,19,FALSE
"479","Nick Young","SG",0.667,"LAL",0.78,0.11,0.512,0.374,0.409,0.58,0.336,0.395,0.386,0.262,0.304,0.468,0.568,0.311,0.293,0.825,0.055,0.136,0.108,0.082,0.187,0.032,0.205,0.42,0.404,"2014",FALSE,0,0,27,FALSE
"480","Thaddeus Young","PF",0.595,"PHI",0.963,0.951,0.769,0.563,0.59,0.605,0.224,0.33,0.308,0.512,0.559,0.496,0.543,0.216,0.236,0.712,0.317,0.308,0.311,0.156,0.679,0.096,0.356,0.574,0.5,"2014",FALSE,0,0,19,FALSE
"481","Cody Zeller","C",0.5,"CHA",1,0.037,0.401,0.166,0.186,0.568,0,0.001,0,0.179,0.227,0.427,0.473,0.193,0.206,0.73,0.226,0.233,0.231,0.079,0.163,0.109,0.188,0.458,0.173,"2014",FALSE,0,0,43,FALSE
"482","Tyler Zeller","C",0.571,"CLE",0.854,0.11,0.297,0.151,0.133,0.717,0,0.001,0,0.162,0.163,0.54,0.598,0.115,0.124,0.719,0.197,0.178,0.184,0.031,0.073,0.101,0.129,0.369,0.141,"2014",FALSE,0,0,33,FALSE
"  1","Quincy Acy","PF",0.571,"NYK",0.829,0.268,0.364,0.147,0.152,0.612,0.045,0.068,0.3,0.139,0.153,0.494,0.54,0.101,0.1,0.784,0.151,0.22,0.197,0.058,0.11,0.059,0.129,0.396,0.141,"2015",FALSE,0,0,17,FALSE
"  2","Jordan Adams","SG",0.476,"MEM",0.366,0,0.07,0.034,0.04,0.543,0.025,0.028,0.4,0.026,0.034,0.41,0.517,0.019,0.024,0.609,0.017,0.019,0.018,0.014,0.065,0.019,0.03,0.065,0.033,"2015",FALSE,0,0,55,FALSE
"  3","Steven Adams","C",0.5,"OKC",0.854,0.817,0.501,0.21,0.184,0.725,0,0.002,0,0.226,0.224,0.547,0.604,0.136,0.211,0.502,0.38,0.322,0.342,0.057,0.154,0.229,0.213,0.598,0.19,"2015",FALSE,0,0,45,FALSE
"  7","Furkan Aldemir","PF",0.548,"PHI",0.5,0.11,0.153,0.039,0.036,0.684,0,0.006,0,0.042,0.041,0.548,0.57,0.017,0.028,0.481,0.149,0.097,0.115,0.024,0.069,0.043,0.037,0.259,0.033,"2015",FALSE,0,0,18,FALSE
"  9","LaMarcus Aldridge","PF",0.69,"POR",0.866,0.866,0.711,0.637,0.651,0.621,0.092,0.119,0.352,0.647,0.739,0.475,0.532,0.405,0.372,0.845,0.338,0.545,0.475,0.107,0.195,0.181,0.263,0.337,0.587,"2015",FALSE,0,0.005,51,TRUE
" 11","Tony Allen","SG",0.786,"MEM",0.768,0.5,0.466,0.218,0.209,0.66,0.025,0.033,0.345,0.224,0.24,0.505,0.561,0.104,0.13,0.627,0.197,0.176,0.183,0.074,0.524,0.08,0.185,0.447,0.19,"2015",FALSE,0,0,55,FALSE
" 12","Al-Farouq Aminu","SF",0.571,"DAL",0.902,0.037,0.387,0.142,0.164,0.549,0.085,0.14,0.274,0.118,0.131,0.485,0.51,0.111,0.121,0.712,0.218,0.226,0.224,0.051,0.285,0.165,0.119,0.369,0.145,"2015",FALSE,0,0,50,FALSE
" 14","Chris Andersen","C",0.857,"MIA",0.732,0.244,0.32,0.116,0.095,0.773,0.01,0.015,0.308,0.121,0.109,0.598,0.654,0.101,0.117,0.667,0.145,0.221,0.195,0.037,0.106,0.162,0.086,0.237,0.113,"2015",FALSE,0,0,37,FALSE
" 15","Alan Anderson","SG",0.762,"BRK",0.902,0.232,0.494,0.189,0.202,0.591,0.182,0.237,0.348,0.127,0.13,0.53,0.584,0.108,0.104,0.812,0.059,0.172,0.133,0.071,0.228,0.013,0.129,0.399,0.192,"2015",FALSE,0,0,38,FALSE
" 16","Kyle Anderson","SF",0.5,"SAS",0.402,0.098,0.101,0.03,0.041,0.464,0.007,0.012,0.273,0.029,0.044,0.359,0.406,0.012,0.014,0.643,0.01,0.067,0.047,0.024,0.061,0.019,0.022,0.075,0.026,"2015",FALSE,0,0,55,FALSE
" 17","Ryan Anderson","PF",0.619,"NOP",0.744,0.061,0.474,0.281,0.335,0.532,0.303,0.405,0.34,0.176,0.209,0.457,0.537,0.171,0.155,0.854,0.207,0.186,0.193,0.047,0.134,0.053,0.134,0.305,0.294,"2015",FALSE,0,0,45,FALSE
" 18","Giannis Antetokounmpo","SG",0.476,"MIL",0.988,0.866,0.719,0.37,0.359,0.655,0.017,0.05,0.159,0.391,0.415,0.511,0.551,0.34,0.357,0.741,0.191,0.439,0.354,0.178,0.297,0.226,0.373,0.685,0.364,"2015",FALSE,0,0,41,FALSE
" 19","Carmelo Anthony","SF",0.714,"NYK",0.488,0.488,0.404,0.346,0.371,0.592,0.152,0.202,0.341,0.309,0.354,0.474,0.536,0.25,0.244,0.797,0.138,0.191,0.173,0.105,0.163,0.045,0.192,0.235,0.341,"2015",FALSE,0,0,17,FALSE
" 21","Pero Antic","C",0.762,"ATL",0.768,0.037,0.294,0.104,0.136,0.487,0.129,0.195,0.301,0.058,0.069,0.455,0.503,0.116,0.127,0.715,0.111,0.13,0.124,0.042,0.073,0.037,0.106,0.356,0.126,"2015",FALSE,0,0,60,FALSE
" 22","Trevor Ariza","SF",0.69,"HOU",1,1,0.829,0.354,0.419,0.536,0.483,0.626,0.35,0.179,0.2,0.485,0.566,0.161,0.147,0.853,0.147,0.379,0.3,0.18,0.618,0.045,0.304,0.501,0.37,"2015",FALSE,0,0,56,FALSE
" 23","Darrell Arthur","PF",0.619,"DEN",0.707,0.049,0.28,0.15,0.177,0.539,0.065,0.124,0.236,0.134,0.155,0.471,0.487,0.061,0.061,0.78,0.101,0.117,0.112,0.049,0.195,0.069,0.101,0.394,0.135,"2015",FALSE,0,0,30,FALSE
" 27","Luke Babbitt","SF",0.595,"NOP",0.768,0.232,0.235,0.089,0.088,0.639,0.147,0.13,0.513,0.034,0.043,0.429,0.703,0.017,0.02,0.684,0.023,0.098,0.073,0.021,0.069,0.029,0.056,0.17,0.09,"2015",FALSE,0,0,45,FALSE
" 29","Leandro Barbosa","SG",0.762,"GSW",0.805,0.012,0.278,0.177,0.178,0.632,0.107,0.126,0.384,0.146,0.155,0.511,0.589,0.077,0.076,0.784,0.044,0.068,0.059,0.085,0.167,0.021,0.095,0.235,0.165,"2015",FALSE,0,0,67,FALSE
" 30","J.J. Barea","PG",0.714,"DAL",0.939,0.122,0.386,0.218,0.247,0.56,0.134,0.188,0.323,0.178,0.208,0.463,0.522,0.101,0.097,0.809,0.044,0.11,0.088,0.226,0.134,0.003,0.151,0.28,0.205,"2015",FALSE,0,0,50,FALSE
" 31","Andrea Bargnani","C",0.69,"NYK",0.354,0.268,0.222,0.159,0.166,0.605,0.037,0.046,0.366,0.155,0.18,0.466,0.528,0.115,0.11,0.813,0.061,0.094,0.083,0.04,0.008,0.072,0.091,0.143,0.152,"2015",FALSE,0,0,17,FALSE
" 32","Harrison Barnes","SF",0.524,"GSW",1,1,0.656,0.306,0.302,0.643,0.216,0.243,0.405,0.238,0.249,0.519,0.609,0.143,0.154,0.72,0.224,0.334,0.296,0.1,0.248,0.051,0.153,0.394,0.292,"2015",FALSE,0,0,67,FALSE
" 33","Matt Barnes","SF",0.81,"LAC",0.927,0.902,0.643,0.268,0.287,0.592,0.338,0.424,0.362,0.147,0.14,0.569,0.614,0.098,0.098,0.779,0.098,0.249,0.197,0.098,0.272,0.133,0.188,0.647,0.27,"2015",FALSE,0,0,56,FALSE
" 34","Earl Barron","C",0.786,"PHO",0.195,0.012,0.04,0.012,0.018,0.411,0.005,0.005,0.5,0.01,0.02,0.286,0.37,0.008,0.012,0.5,0.027,0.014,0.018,0.004,0.016,0.005,0.011,0.07,0.011,"2015",FALSE,0,0,39,FALSE
" 36","Brandon Bass","PF",0.69,"BOS",1,0.524,0.546,0.333,0.314,0.672,0.022,0.036,0.281,0.349,0.367,0.515,0.567,0.224,0.22,0.79,0.266,0.257,0.26,0.089,0.167,0.085,0.179,0.377,0.306,"2015",FALSE,0,0,40,FALSE
" 37","Nicolas Batum","SF",0.619,"POR",0.866,0.866,0.674,0.232,0.276,0.533,0.249,0.349,0.324,0.146,0.164,0.481,0.537,0.111,0.101,0.857,0.119,0.352,0.272,0.293,0.317,0.106,0.284,0.286,0.234,"2015",FALSE,0,0,51,FALSE
" 38","Jerryd Bayless","PG",0.619,"MIL",0.939,0.049,0.486,0.213,0.237,0.568,0.092,0.135,0.308,0.19,0.223,0.462,0.513,0.16,0.141,0.883,0.042,0.188,0.138,0.2,0.24,0.032,0.287,0.439,0.211,"2015",FALSE,0,0,41,FALSE
" 39","Aron Baynes","C",0.667,"SAS",0.854,0.207,0.318,0.179,0.15,0.755,0.002,0.005,0.25,0.191,0.182,0.57,0.63,0.119,0.107,0.865,0.208,0.208,0.208,0.03,0.065,0.059,0.14,0.437,0.163,"2015",FALSE,0,0,55,FALSE
" 40","Kent Bazemore","SG",0.595,"ATL",0.915,0.122,0.375,0.136,0.152,0.568,0.119,0.149,0.364,0.097,0.112,0.467,0.553,0.079,0.103,0.6,0.04,0.2,0.145,0.067,0.211,0.088,0.157,0.342,0.138,"2015",FALSE,0,0,60,FALSE
" 41","Bradley Beal","SG",0.5,"WAS",0.768,0.72,0.596,0.351,0.392,0.569,0.264,0.292,0.409,0.267,0.334,0.434,0.543,0.172,0.171,0.783,0.109,0.183,0.158,0.167,0.309,0.048,0.265,0.367,0.34,"2015",FALSE,0,0,46,FALSE
" 42","Michael Beasley","PF",0.619,"MIA",0.293,0.012,0.143,0.089,0.098,0.579,0.02,0.038,0.235,0.087,0.1,0.472,0.503,0.026,0.027,0.769,0.023,0.076,0.058,0.027,0.061,0.035,0.08,0.178,0.075,"2015",FALSE,0,0,37,FALSE
" 43","Marco Belinelli","SG",0.667,"SAS",0.756,0.11,0.393,0.192,0.216,0.564,0.214,0.26,0.374,0.118,0.135,0.471,0.572,0.111,0.102,0.848,0.05,0.13,0.103,0.081,0.126,0.008,0.131,0.229,0.201,"2015",FALSE,0,0,55,FALSE
" 45","Anthony Bennett","PF",0.5,"MIN",0.695,0.037,0.253,0.121,0.137,0.561,0.017,0.026,0.304,0.123,0.155,0.431,0.481,0.054,0.066,0.641,0.099,0.163,0.141,0.041,0.11,0.043,0.078,0.235,0.105,"2015",FALSE,0,0,16,FALSE
" 46","Patrick Beverley","PG",0.619,"HOU",0.683,0.671,0.489,0.197,0.245,0.511,0.286,0.365,0.356,0.093,0.118,0.426,0.547,0.06,0.062,0.75,0.128,0.169,0.155,0.165,0.24,0.061,0.179,0.491,0.201,"2015",FALSE,0,0,56,FALSE
" 51","Steve Blake","PG",0.81,"POR",0.988,0,0.433,0.118,0.15,0.497,0.192,0.247,0.352,0.047,0.061,0.417,0.546,0.038,0.042,0.707,0.031,0.12,0.09,0.247,0.167,0.013,0.224,0.318,0.124,"2015",FALSE,0,0,51,FALSE
" 52","Eric Bledsoe","PG",0.595,"PHO",0.988,0.988,0.793,0.453,0.481,0.596,0.219,0.307,0.324,0.395,0.437,0.491,0.543,0.467,0.454,0.8,0.138,0.349,0.276,0.424,0.516,0.12,0.591,0.509,0.486,"2015",FALSE,0,0,39,FALSE
" 53","Vander Blue","SG",0.524,"LAL",0.024,0.012,0.021,0.009,0.014,0.4,0.005,0.011,0.2,0.007,0.011,0.35,0.37,0.003,0.005,0.4,0.004,0.007,0.006,0.007,0.012,0,0.013,0.011,0.008,"2015",FALSE,0,0,21,FALSE
" 54","Bojan Bogdanovic","SF",0.595,"BRK",0.951,0.341,0.525,0.252,0.265,0.604,0.226,0.289,0.355,0.177,0.18,0.531,0.591,0.115,0.109,0.821,0.096,0.162,0.139,0.058,0.138,0.024,0.168,0.28,0.247,"2015",FALSE,0,0,38,FALSE
" 56","Matt Bonner","PF",0.81,"SAS",0.878,0.232,0.265,0.091,0.106,0.545,0.114,0.142,0.365,0.05,0.059,0.462,0.566,0.04,0.038,0.811,0.055,0.085,0.075,0.04,0.041,0.032,0.024,0.175,0.093,"2015",FALSE,0,0,55,FALSE
" 57","Trevor Booker","PF",0.643,"UTA",0.963,0.061,0.443,0.219,0.214,0.649,0.072,0.095,0.345,0.205,0.214,0.518,0.576,0.114,0.152,0.581,0.266,0.256,0.259,0.071,0.175,0.109,0.19,0.388,0.2,"2015",FALSE,0,0,38,FALSE
" 59","Chris Bosh","C",0.714,"MIA",0.537,0.537,0.44,0.332,0.343,0.613,0.157,0.19,0.375,0.291,0.325,0.485,0.559,0.237,0.239,0.772,0.088,0.262,0.203,0.082,0.167,0.066,0.205,0.186,0.328,"2015",FALSE,0,0,37,FALSE
" 60","Avery Bradley","SG",0.571,"BOS",0.939,0.939,0.687,0.42,0.466,0.572,0.308,0.397,0.352,0.323,0.372,0.47,0.544,0.104,0.103,0.79,0.088,0.194,0.158,0.116,0.333,0.04,0.235,0.477,0.378,"2015",FALSE,0,0,40,FALSE
" 61","Elton Brand","C",0.833,"ATL",0.439,0.049,0.138,0.041,0.044,0.589,0,0.001,0,0.044,0.053,0.447,0.491,0.016,0.024,0.522,0.054,0.071,0.065,0.019,0.069,0.066,0.039,0.146,0.034,"2015",FALSE,0,0,60,FALSE
" 63","Aaron Brooks","PG",0.714,"CHI",1,0.256,0.534,0.333,0.376,0.561,0.301,0.353,0.387,0.232,0.284,0.442,0.55,0.192,0.179,0.833,0.061,0.133,0.108,0.224,0.22,0.04,0.338,0.509,0.337,"2015",FALSE,0,0,50,FALSE
" 64","Jabari Brown","SG",0.524,"LAL",0.232,0.061,0.161,0.068,0.078,0.549,0.057,0.07,0.371,0.049,0.061,0.435,0.532,0.085,0.087,0.753,0.006,0.033,0.024,0.034,0.049,0.005,0.069,0.089,0.08,"2015",FALSE,0,0,21,FALSE
" 65","Lorenzo Brown","PG",0.571,"MIN",0.354,0.085,0.155,0.05,0.056,0.568,0.015,0.032,0.214,0.048,0.053,0.489,0.501,0.016,0.02,0.632,0.027,0.056,0.046,0.077,0.114,0.016,0.065,0.132,0.043,"2015",FALSE,0,0,16,FALSE
" 66","Markel Brown","SG",0.548,"BRK",0.573,0.354,0.221,0.074,0.097,0.483,0.042,0.072,0.266,0.061,0.082,0.404,0.447,0.062,0.059,0.825,0.031,0.09,0.07,0.034,0.126,0.032,0.058,0.154,0.076,"2015",FALSE,0,0,38,FALSE
" 67","Shannon Brown","SG",0.69,"MIA",0.061,0.024,0.025,0.007,0.009,0.491,0.007,0.008,0.429,0.004,0.007,0.333,0.497,0.004,0.004,0.75,0,0.001,0.001,0.003,0.016,0,0.009,0.022,0.007,"2015",FALSE,0,0,37,FALSE
" 68","Kobe Bryant","SG",0.857,"LAL",0.427,0.427,0.342,0.257,0.328,0.497,0.134,0.208,0.293,0.221,0.298,0.401,0.457,0.259,0.248,0.813,0.05,0.172,0.13,0.169,0.191,0.019,0.276,0.175,0.276,"2015",FALSE,0,0,21,FALSE
" 69","Chase Budinger","SF",0.619,"MIN",0.817,0.049,0.364,0.163,0.179,0.577,0.129,0.161,0.364,0.122,0.139,0.474,0.556,0.089,0.083,0.827,0.063,0.164,0.129,0.055,0.179,0.027,0.106,0.194,0.161,"2015",FALSE,0,0,16,FALSE
" 71","Trey Burke","PG",0.524,"UTA",0.927,0.524,0.648,0.358,0.462,0.491,0.308,0.44,0.318,0.256,0.347,0.4,0.478,0.144,0.149,0.752,0.059,0.172,0.133,0.282,0.264,0.04,0.267,0.321,0.344,"2015",FALSE,0,0,38,FALSE
" 72","Alec Burks","SG",0.548,"UTA",0.329,0.329,0.254,0.117,0.138,0.537,0.065,0.077,0.382,0.099,0.131,0.409,0.497,0.14,0.133,0.822,0.036,0.094,0.075,0.07,0.069,0.013,0.112,0.173,0.132,"2015",FALSE,0,0,38,FALSE
" 73","Caron Butler","SF",0.81,"DET",0.951,0.256,0.459,0.156,0.182,0.543,0.206,0.247,0.379,0.081,0.1,0.441,0.568,0.073,0.063,0.902,0.04,0.174,0.128,0.068,0.175,0.011,0.106,0.323,0.162,"2015",FALSE,0,0,32,FALSE
" 74","Jimmy Butler","SG",0.595,"CHI",0.793,0.793,0.711,0.407,0.42,0.616,0.182,0.218,0.378,0.362,0.406,0.484,0.558,0.511,0.476,0.834,0.218,0.263,0.248,0.182,0.463,0.096,0.2,0.291,0.459,"2015",FALSE,0,0,50,FALSE
" 75","Rasual Butler","SF",0.833,"WAS",0.915,0.012,0.426,0.211,0.238,0.563,0.226,0.265,0.387,0.132,0.159,0.45,0.567,0.07,0.069,0.791,0.052,0.169,0.129,0.054,0.118,0.059,0.103,0.264,0.205,"2015",FALSE,0,0,46,FALSE
" 76","Dwight Buycks","PG",0.595,"LAL",0.073,0,0.035,0.017,0.018,0.6,0.017,0.012,0.636,0.011,0.016,0.379,0.598,0.012,0.01,0.9,0.004,0.01,0.008,0.012,0.012,0,0.026,0.008,0.018,"2015",FALSE,0,0,21,FALSE
" 77","Will Bynum","SG",0.762,"WAS",0.085,0,0.019,0.01,0.014,0.431,0,0.01,0,0.01,0.012,0.455,0.359,0.003,0.004,0.5,0.004,0.004,0.004,0.015,0.004,0.003,0.017,0.024,0.008,"2015",FALSE,0,0,46,FALSE
" 79","Nick Calathes","SG",0.595,"MEM",0.707,0,0.237,0.101,0.114,0.561,0.027,0.049,0.256,0.097,0.115,0.456,0.492,0.032,0.046,0.533,0.036,0.086,0.069,0.125,0.256,0.013,0.131,0.27,0.086,"2015",FALSE,0,0,55,FALSE
" 80","Jose Calderon","PG",0.786,"NYK",0.512,0.512,0.359,0.142,0.163,0.553,0.147,0.16,0.415,0.092,0.12,0.415,0.554,0.038,0.033,0.906,0.036,0.104,0.081,0.17,0.126,0,0.162,0.205,0.135,"2015",FALSE,0,0,17,FALSE
" 81","Kentavious Caldwell-Pope","SG",0.5,"DET",1,1,0.732,0.377,0.447,0.535,0.381,0.501,0.345,0.247,0.298,0.449,0.533,0.146,0.163,0.696,0.088,0.208,0.167,0.094,0.378,0.048,0.203,0.434,0.368,"2015",FALSE,0,0,32,FALSE
" 84","DeMarre Carroll","SF",0.667,"ATL",0.854,0.841,0.62,0.308,0.301,0.649,0.299,0.343,0.395,0.206,0.197,0.567,0.643,0.168,0.186,0.702,0.189,0.271,0.243,0.101,0.382,0.045,0.162,0.415,0.312,"2015",FALSE,0,0,60,FALSE
" 85","Vince Carter","SG",0.905,"MEM",0.805,0.012,0.309,0.131,0.187,0.444,0.172,0.262,0.297,0.069,0.098,0.379,0.463,0.06,0.059,0.789,0.052,0.105,0.087,0.068,0.175,0.037,0.093,0.275,0.136,"2015",FALSE,0,0,55,FALSE
" 87","Omri Casspi","SF",0.619,"SAC",0.817,0.232,0.401,0.202,0.197,0.652,0.087,0.098,0.402,0.181,0.192,0.512,0.589,0.185,0.197,0.733,0.103,0.205,0.17,0.088,0.126,0.024,0.19,0.288,0.209,"2015",FALSE,0,0,29,FALSE
" 88","Mario Chalmers","PG",0.667,"MIA",0.976,0.451,0.67,0.258,0.305,0.537,0.182,0.28,0.294,0.202,0.234,0.467,0.509,0.272,0.274,0.774,0.046,0.181,0.135,0.264,0.496,0.027,0.373,0.677,0.287,"2015",FALSE,0,0,37,FALSE
" 90","Wilson Chandler","SF",0.643,"DEN",0.951,0.915,0.699,0.404,0.449,0.572,0.346,0.458,0.342,0.29,0.321,0.49,0.556,0.146,0.146,0.775,0.184,0.376,0.31,0.115,0.236,0.077,0.237,0.623,0.383,"2015",FALSE,0,0,30,FALSE
" 91","Will Cherry","PG",0.548,"CLE",0.098,0,0.02,0.005,0.009,0.351,0.005,0.01,0.222,0.003,0.006,0.3,0.351,0.004,0.006,0.5,0.002,0.004,0.003,0.007,0.024,0.003,0.009,0.027,0.005,"2015",FALSE,0,0,53,FALSE
" 93","Earl Clark","PF",0.643,"BRK",0.122,0,0.026,0.011,0.014,0.489,0.01,0.016,0.286,0.007,0.009,0.438,0.481,0.001,0.004,0.25,0.002,0.022,0.015,0.003,0.012,0.011,0.013,0.032,0.01,"2015",FALSE,0,0,38,FALSE
" 95","Jordan Clarkson","PG",0.524,"LAL",0.72,0.463,0.418,0.258,0.274,0.597,0.095,0.137,0.314,0.238,0.268,0.482,0.533,0.173,0.163,0.829,0.107,0.134,0.125,0.177,0.207,0.032,0.207,0.294,0.248,"2015",FALSE,0,0,21,FALSE
" 98","Darren Collison","PG",0.643,"SAC",0.549,0.549,0.443,0.251,0.253,0.631,0.149,0.182,0.373,0.208,0.219,0.514,0.586,0.192,0.189,0.788,0.036,0.123,0.093,0.216,0.272,0.037,0.241,0.256,0.256,"2015",FALSE,0,0,29,FALSE
" 99","Nick Collison","PF",0.81,"OKC",0.805,0.024,0.312,0.103,0.116,0.559,0.04,0.068,0.267,0.094,0.109,0.466,0.501,0.06,0.067,0.692,0.172,0.159,0.163,0.077,0.142,0.066,0.097,0.42,0.096,"2015",FALSE,0,0,45,FALSE
"100","Mike Conley","PG",0.643,"MEM",0.854,0.854,0.63,0.38,0.406,0.595,0.266,0.313,0.386,0.298,0.341,0.473,0.562,0.283,0.256,0.859,0.055,0.179,0.137,0.322,0.362,0.037,0.336,0.375,0.391,"2015",FALSE,0,0,55,FALSE
"102","Chris Copeland","SF",0.714,"IND",0.61,0.146,0.234,0.108,0.143,0.481,0.129,0.188,0.311,0.062,0.081,0.42,0.494,0.044,0.046,0.733,0.044,0.087,0.073,0.044,0.045,0.029,0.127,0.21,0.109,"2015",FALSE,0,0,38,FALSE
"103","Bryce Cotton","PG",0.524,"UTA",0.183,0,0.045,0.028,0.032,0.56,0.017,0.023,0.35,0.023,0.028,0.449,0.523,0.02,0.019,0.833,0.006,0.015,0.012,0.013,0.016,0,0.026,0.016,0.028,"2015",FALSE,0,0,38,FALSE
"104","DeMarcus Cousins","C",0.571,"SAC",0.72,0.72,0.57,0.482,0.491,0.623,0.005,0.009,0.25,0.516,0.597,0.469,0.52,0.56,0.557,0.782,0.354,0.558,0.488,0.18,0.366,0.274,0.547,0.65,0.502,"2015",FALSE,0,0,29,FALSE
"105","Robert Covington","SF",0.571,"PHI",0.854,0.598,0.554,0.289,0.348,0.528,0.415,0.503,0.374,0.137,0.175,0.426,0.562,0.235,0.223,0.82,0.124,0.249,0.207,0.09,0.394,0.082,0.276,0.509,0.333,"2015",FALSE,0,0,18,FALSE
"106","Allen Crabbe","SG",0.524,"POR",0.622,0.11,0.193,0.061,0.07,0.549,0.075,0.096,0.353,0.034,0.038,0.485,0.567,0.016,0.016,0.75,0.013,0.066,0.048,0.034,0.077,0.04,0.032,0.199,0.059,"2015",FALSE,0,0,51,FALSE
"107","Jamal Crawford","SG",0.81,"LAC",0.78,0.049,0.482,0.321,0.386,0.528,0.296,0.411,0.327,0.222,0.268,0.448,0.519,0.3,0.259,0.901,0.034,0.105,0.081,0.136,0.24,0.037,0.198,0.291,0.357,"2015",FALSE,0,0,56,FALSE
"109","Dante Cunningham","PF",0.643,"NOP",0.805,0.329,0.468,0.15,0.156,0.609,0.002,0.011,0.1,0.16,0.186,0.468,0.51,0.038,0.048,0.617,0.134,0.185,0.167,0.043,0.187,0.098,0.075,0.272,0.12,"2015",FALSE,0,0,45,FALSE
"110","Jared Cunningham","SG",0.548,"LAC",0.232,0,0.025,0.012,0.015,0.485,0.01,0.015,0.308,0.008,0.011,0.4,0.471,0.009,0.013,0.538,0.002,0.008,0.006,0.009,0.012,0,0.015,0.032,0.012,"2015",FALSE,0,0,56,FALSE
"112","Stephen Curry","PG",0.619,"GSW",0.976,0.976,0.74,0.632,0.617,0.649,0.711,0.729,0.443,0.382,0.392,0.528,0.66,0.407,0.347,0.914,0.107,0.283,0.223,0.532,0.663,0.043,0.537,0.426,0.671,"2015",TRUE,100,0.922,67,TRUE
"117","Anthony Davis","PF",0.5,"NOP",0.829,0.829,0.695,0.621,0.552,0.713,0.002,0.014,0.083,0.667,0.669,0.54,0.596,0.491,0.474,0.805,0.331,0.519,0.455,0.128,0.407,0.532,0.205,0.38,0.585,"2015",FALSE,0,0.156,45,TRUE
"119","Glen Davis","PF",0.69,"LAC",0.902,0,0.256,0.113,0.117,0.612,0,0.005,0,0.122,0.142,0.466,0.51,0.079,0.098,0.632,0.082,0.125,0.11,0.034,0.167,0.056,0.084,0.356,0.104,"2015",FALSE,0,0,56,FALSE
"122","Dewayne Dedmon","C",0.595,"ORL",0.72,0.183,0.239,0.088,0.075,0.749,0,0.001,0,0.095,0.091,0.565,0.624,0.045,0.066,0.531,0.226,0.176,0.193,0.008,0.065,0.133,0.11,0.38,0.076,"2015",FALSE,0,0,25,FALSE
"123","Matthew Dellavedova","SG",0.571,"CLE",0.817,0.159,0.391,0.107,0.141,0.483,0.169,0.188,0.407,0.045,0.079,0.307,0.524,0.038,0.039,0.763,0.071,0.088,0.082,0.175,0.098,0.005,0.131,0.41,0.113,"2015",FALSE,0,0,53,FALSE
"124","Luol Deng","SF",0.69,"MIA",0.878,0.878,0.685,0.357,0.362,0.625,0.194,0.248,0.355,0.303,0.32,0.513,0.576,0.253,0.258,0.761,0.197,0.271,0.246,0.119,0.264,0.059,0.233,0.294,0.356,"2015",FALSE,0,0,37,FALSE
"125","DeMar DeRozan","SG",0.595,"TOR",0.732,0.732,0.594,0.396,0.456,0.551,0.062,0.099,0.284,0.4,0.509,0.426,0.473,0.478,0.447,0.832,0.078,0.234,0.181,0.18,0.297,0.029,0.295,0.329,0.425,"2015",FALSE,0,0,49,FALSE
"126","Boris Diaw","PF",0.762,"SAS",0.988,0.183,0.562,0.281,0.291,0.613,0.134,0.191,0.32,0.247,0.261,0.512,0.559,0.095,0.096,0.774,0.149,0.268,0.227,0.2,0.146,0.061,0.272,0.399,0.25,"2015",FALSE,0,0,55,FALSE
"127","Gorgui Dieng","C",0.595,"MIN",0.89,0.598,0.621,0.25,0.236,0.675,0.002,0.007,0.167,0.268,0.285,0.51,0.563,0.253,0.251,0.783,0.426,0.383,0.398,0.125,0.289,0.335,0.272,0.507,0.251,"2015",FALSE,0,0,16,FALSE
"128","Spencer Dinwiddie","PG",0.5,"DET",0.415,0.012,0.129,0.049,0.078,0.403,0.03,0.073,0.185,0.041,0.059,0.375,0.374,0.041,0.035,0.912,0.008,0.044,0.031,0.089,0.077,0.016,0.071,0.143,0.051,"2015",FALSE,0,0,32,FALSE
"129","Joey Dorsey","PF",0.738,"HOU",0.841,0.207,0.242,0.077,0.067,0.736,0,0.001,0,0.083,0.081,0.556,0.613,0.032,0.085,0.289,0.197,0.175,0.182,0.021,0.163,0.066,0.088,0.423,0.065,"2015",FALSE,0,0,56,FALSE
"130","Toney Douglas","SG",0.667,"NOP",0.146,0,0.05,0.018,0.023,0.497,0.012,0.02,0.278,0.015,0.019,0.424,0.469,0.011,0.013,0.615,0.004,0.02,0.014,0.021,0.045,0.011,0.022,0.054,0.018,"2015",FALSE,0,0,45,FALSE
"131","Chris Douglas-Roberts","SG",0.667,"LAC",0.146,0,0.029,0.005,0.01,0.317,0.002,0.008,0.143,0.004,0.008,0.286,0.291,0.011,0.008,1,0.002,0.011,0.008,0.003,0.004,0,0,0.038,0.007,"2015",FALSE,0,0,56,FALSE
"134","Larry Drew","PG",0.571,"PHI",0.146,0.012,0.062,0.019,0.027,0.46,0.01,0.029,0.154,0.017,0.018,0.5,0.421,0.003,0.003,0.667,0.002,0.014,0.01,0.039,0.024,0,0.054,0.035,0.016,"2015",FALSE,0,0,18,FALSE
"135","Andre Drummond","C",0.5,"DET",1,1,0.708,0.478,0.442,0.685,0,0.002,0,0.514,0.541,0.515,0.571,0.188,0.376,0.389,0.836,0.662,0.722,0.047,0.297,0.407,0.259,0.768,0.399,"2015",FALSE,0,0,32,FALSE
"136","Jared Dudley","SG",0.69,"MIL",0.878,0.268,0.486,0.191,0.195,0.624,0.184,0.217,0.385,0.129,0.13,0.537,0.618,0.063,0.069,0.716,0.086,0.174,0.144,0.112,0.293,0.029,0.134,0.305,0.183,"2015",FALSE,0,0,41,FALSE
"137","Tim Duncan","C",0.905,"SAS",0.939,0.939,0.63,0.405,0.377,0.683,0.005,0.008,0.286,0.434,0.458,0.514,0.57,0.304,0.32,0.74,0.325,0.53,0.46,0.198,0.256,0.402,0.282,0.445,0.378,"2015",FALSE,0,0.001,55,TRUE
"138","Mike Dunleavy","SF",0.81,"CHI",0.768,0.768,0.52,0.202,0.221,0.58,0.266,0.297,0.407,0.106,0.123,0.468,0.607,0.093,0.09,0.805,0.054,0.218,0.162,0.098,0.159,0.056,0.129,0.332,0.21,"2015",FALSE,0,0,50,FALSE
"139","Kevin Durant","SF",0.619,"OKC",0.329,0.329,0.258,0.23,0.215,0.68,0.159,0.179,0.403,0.181,0.174,0.565,0.642,0.193,0.176,0.854,0.031,0.161,0.116,0.095,0.098,0.066,0.159,0.108,0.242,"2015",FALSE,0,0,45,FALSE
"140","Cleanthony Early","SF",0.548,"NYK",0.476,0.085,0.183,0.074,0.098,0.473,0.055,0.095,0.262,0.056,0.073,0.415,0.452,0.048,0.049,0.75,0.042,0.074,0.063,0.031,0.098,0.032,0.086,0.154,0.074,"2015",FALSE,0,0,17,FALSE
"141","Wayne Ellington","SG",0.643,"LAL",0.793,0.439,0.474,0.246,0.284,0.549,0.224,0.274,0.37,0.171,0.211,0.439,0.539,0.069,0.066,0.813,0.059,0.178,0.137,0.09,0.134,0.005,0.108,0.208,0.23,"2015",FALSE,0,0,21,FALSE
"142","Monta Ellis","SG",0.69,"DAL",0.976,0.976,0.764,0.582,0.623,0.593,0.201,0.321,0.285,0.542,0.603,0.487,0.528,0.302,0.312,0.752,0.065,0.155,0.124,0.283,0.602,0.066,0.427,0.531,0.534,"2015",FALSE,0,0,50,FALSE
"143","James Ennis","SF",0.571,"MIA",0.756,0.037,0.297,0.098,0.114,0.545,0.077,0.107,0.326,0.073,0.086,0.461,0.524,0.104,0.097,0.84,0.098,0.124,0.115,0.041,0.102,0.045,0.084,0.24,0.11,"2015",FALSE,0,0,37,FALSE
"145","Jeremy Evans","SF",0.643,"UTA",0.463,0,0.075,0.031,0.027,0.736,0.005,0.006,0.4,0.031,0.03,0.566,0.632,0.032,0.03,0.828,0.05,0.045,0.046,0.011,0.045,0.032,0.011,0.078,0.032,"2015",FALSE,0,0,38,FALSE
"146","Reggie Evans","PF",0.81,"SAC",0.573,0.085,0.216,0.056,0.063,0.564,0,0.002,0,0.06,0.076,0.43,0.47,0.079,0.1,0.619,0.185,0.201,0.195,0.027,0.089,0.013,0.097,0.245,0.062,"2015",FALSE,0,0,29,FALSE
"147","Tyreke Evans","SG",0.595,"NOP",0.963,0.927,0.761,0.504,0.536,0.596,0.172,0.256,0.304,0.47,0.529,0.482,0.53,0.267,0.299,0.694,0.157,0.332,0.272,0.448,0.407,0.098,0.53,0.534,0.464,"2015",FALSE,0,0,45,FALSE
"148","Dante Exum","PG",0.452,"UTA",1,0.5,0.514,0.14,0.191,0.465,0.206,0.298,0.314,0.065,0.086,0.408,0.498,0.026,0.033,0.625,0.052,0.103,0.086,0.17,0.167,0.037,0.254,0.396,0.139,"2015",FALSE,0,0,38,FALSE
"150","Kenneth Faried","PF",0.595,"DEN",0.915,0.866,0.59,0.361,0.339,0.676,0.002,0.009,0.125,0.387,0.411,0.511,0.563,0.263,0.296,0.691,0.463,0.423,0.437,0.076,0.252,0.152,0.254,0.569,0.334,"2015",FALSE,0,0,30,FALSE
"151","Jordan Farmar","PG",0.667,"LAC",0.439,0,0.15,0.059,0.073,0.515,0.087,0.109,0.361,0.027,0.034,0.426,0.552,0.013,0.011,0.909,0.015,0.034,0.027,0.058,0.081,0.013,0.069,0.14,0.059,"2015",FALSE,0,0,56,FALSE
"152","Derrick Favors","PF",0.548,"UTA",0.902,0.902,0.645,0.466,0.422,0.7,0.002,0.007,0.167,0.501,0.514,0.527,0.584,0.294,0.342,0.669,0.375,0.408,0.397,0.096,0.244,0.327,0.261,0.566,0.419,"2015",FALSE,0,0,38,FALSE
"153","Raymond Felton","PG",0.714,"DAL",0.354,0.037,0.08,0.042,0.049,0.541,0.025,0.038,0.294,0.034,0.041,0.458,0.503,0.016,0.015,0.8,0.004,0.024,0.017,0.035,0.045,0.011,0.039,0.046,0.038,"2015",FALSE,0,0,50,FALSE
"154","Landry Fields","SF",0.619,"TOR",0.317,0.11,0.061,0.019,0.019,0.651,0.002,0.002,0.5,0.02,0.022,0.487,0.556,0.007,0.006,0.833,0.019,0.016,0.017,0.013,0.045,0,0.017,0.024,0.016,"2015",FALSE,0,0,49,FALSE
"155","Evan Fournier","SG",0.524,"ORL",0.707,0.39,0.47,0.245,0.265,0.587,0.211,0.254,0.378,0.175,0.197,0.48,0.571,0.142,0.151,0.728,0.054,0.124,0.1,0.103,0.163,0.005,0.177,0.313,0.246,"2015",FALSE,0,0,25,FALSE
"156","Randy Foye","SG",0.738,"DEN",0.61,0.256,0.308,0.143,0.185,0.491,0.234,0.297,0.357,0.056,0.078,0.388,0.539,0.06,0.057,0.818,0.017,0.075,0.056,0.102,0.138,0.029,0.129,0.261,0.154,"2015",FALSE,0,0,30,FALSE
"159","Jimmer Fredette","PG",0.595,"NOP",0.61,0,0.144,0.061,0.076,0.507,0.022,0.054,0.188,0.056,0.067,0.458,0.452,0.057,0.046,0.956,0.015,0.032,0.026,0.05,0.061,0.005,0.071,0.116,0.063,"2015",FALSE,0,0,45,FALSE
"161","Channing Frye","PF",0.738,"ORL",0.915,0.622,0.529,0.185,0.224,0.523,0.338,0.391,0.393,0.057,0.08,0.39,0.591,0.041,0.036,0.886,0.052,0.264,0.192,0.081,0.191,0.104,0.168,0.515,0.194,"2015",FALSE,0,0,25,FALSE
"162","Danilo Gallinari","SF",0.619,"DEN",0.72,0.329,0.404,0.221,0.261,0.535,0.266,0.34,0.355,0.126,0.151,0.453,0.551,0.226,0.197,0.895,0.059,0.186,0.142,0.071,0.191,0.053,0.123,0.253,0.259,"2015",FALSE,0,0,30,FALSE
"163","Langston Galloway","PG",0.548,"NYK",0.549,0.5,0.412,0.197,0.235,0.532,0.154,0.199,0.352,0.148,0.189,0.424,0.511,0.083,0.08,0.808,0.071,0.152,0.124,0.129,0.211,0.032,0.131,0.348,0.188,"2015",FALSE,0,0,17,FALSE
"164","Francisco Garcia","SF",0.786,"HOU",0.171,0,0.057,0.016,0.029,0.36,0.025,0.051,0.222,0.007,0.01,0.389,0.388,0.001,0.004,0.25,0.006,0.014,0.011,0.013,0.037,0.013,0.022,0.054,0.016,"2015",FALSE,0,0,56,FALSE
"166","Marc Gasol","C",0.714,"MEM",0.988,0.988,0.761,0.513,0.493,0.659,0.007,0.019,0.176,0.548,0.595,0.5,0.551,0.463,0.453,0.795,0.22,0.511,0.412,0.264,0.285,0.348,0.379,0.561,0.499,"2015",FALSE,0,0.002,55,TRUE
"167","Pau Gasol","PF",0.81,"CHI",0.951,0.951,0.759,0.551,0.531,0.659,0.03,0.029,0.462,0.581,0.636,0.495,0.556,0.389,0.377,0.803,0.421,0.694,0.601,0.18,0.102,0.391,0.341,0.396,0.511,"2015",FALSE,0,0,50,FALSE
"168","Rudy Gay","SF",0.667,"SAC",0.829,0.817,0.682,0.491,0.514,0.607,0.197,0.248,0.359,0.446,0.505,0.479,0.546,0.446,0.404,0.858,0.187,0.299,0.261,0.215,0.289,0.109,0.394,0.423,0.506,"2015",FALSE,0,0,29,FALSE
"170","Paul George","SF",0.571,"IND",0.073,0,0.026,0.017,0.023,0.489,0.022,0.025,0.409,0.009,0.015,0.333,0.51,0.011,0.011,0.727,0.008,0.018,0.014,0.005,0.02,0.003,0.026,0.03,0.019,"2015",FALSE,0,0,38,FALSE
"172","Manu Ginobili","SG",0.881,"SAS",0.854,0,0.449,0.243,0.271,0.568,0.221,0.291,0.345,0.169,0.187,0.489,0.558,0.194,0.21,0.721,0.054,0.182,0.138,0.252,0.272,0.053,0.332,0.372,0.261,"2015",FALSE,0,0,55,FALSE
"173","Rudy Gobert","C",0.524,"UTA",1,0.451,0.611,0.25,0.197,0.805,0,0.002,0,0.268,0.24,0.607,0.671,0.225,0.281,0.623,0.507,0.506,0.507,0.094,0.26,0.503,0.239,0.472,0.242,"2015",FALSE,0,0,38,FALSE
"174","Drew Gooden","PF",0.786,"WAS",0.622,0.085,0.245,0.106,0.127,0.532,0.057,0.067,0.39,0.091,0.122,0.401,0.489,0.045,0.045,0.773,0.138,0.15,0.146,0.042,0.085,0.024,0.06,0.245,0.098,"2015",FALSE,0,0,46,FALSE
"175","Archie Goodwin","SG",0.476,"PHO",0.5,0.024,0.151,0.076,0.092,0.524,0.03,0.046,0.293,0.07,0.09,0.419,0.47,0.081,0.085,0.735,0.052,0.047,0.048,0.038,0.073,0.024,0.103,0.148,0.082,"2015",FALSE,0,0,39,FALSE
"176","Aaron Gordon","PF",0.452,"ORL",0.573,0.098,0.226,0.09,0.096,0.596,0.032,0.054,0.271,0.083,0.09,0.5,0.531,0.058,0.063,0.721,0.088,0.122,0.11,0.028,0.085,0.059,0.082,0.224,0.086,"2015",FALSE,0,0,25,FALSE
"177","Ben Gordon","SG",0.738,"ORL",0.683,0,0.224,0.125,0.136,0.583,0.087,0.109,0.361,0.098,0.112,0.475,0.552,0.074,0.069,0.836,0.011,0.057,0.041,0.043,0.057,0.003,0.119,0.162,0.123,"2015",FALSE,0,0,25,FALSE
"178","Drew Gordon","PF",0.571,"PHI",0.11,0,0.02,0.008,0.009,0.561,0,0.003,0,0.008,0.009,0.5,0.468,0.001,0.002,0.5,0.013,0.011,0.012,0.002,0.004,0,0.017,0.019,0.006,"2015",FALSE,0,0,18,FALSE
"179","Eric Gordon","SG",0.619,"NOP",0.744,0.732,0.571,0.276,0.319,0.548,0.351,0.356,0.448,0.15,0.214,0.38,0.569,0.142,0.137,0.805,0.054,0.13,0.104,0.197,0.203,0.037,0.263,0.391,0.289,"2015",FALSE,0,0,45,FALSE
"180","Marcin Gortat","C",0.714,"WAS",1,1,0.694,0.425,0.357,0.755,0,0.003,0,0.457,0.435,0.569,0.629,0.163,0.18,0.703,0.344,0.533,0.469,0.083,0.199,0.293,0.216,0.515,0.353,"2015",FALSE,0,0,46,FALSE
"181","Danny Granger","SF",0.738,"MIA",0.366,0.073,0.174,0.063,0.075,0.535,0.075,0.095,0.357,0.036,0.044,0.449,0.549,0.037,0.038,0.757,0.038,0.06,0.052,0.015,0.053,0.016,0.052,0.181,0.066,"2015",FALSE,0,0,37,FALSE
"182","Jerami Grant","SF",0.476,"PHI",0.793,0.134,0.39,0.12,0.162,0.469,0.122,0.176,0.314,0.078,0.111,0.383,0.469,0.151,0.199,0.591,0.094,0.148,0.129,0.068,0.163,0.181,0.183,0.388,0.145,"2015",FALSE,0,0,18,FALSE
"183","Danny Green","SG",0.643,"SAS",0.988,0.976,0.654,0.311,0.34,0.581,0.475,0.516,0.418,0.136,0.158,0.466,0.629,0.147,0.131,0.874,0.103,0.287,0.224,0.136,0.411,0.231,0.2,0.439,0.334,"2015",FALSE,0,0,55,FALSE
"184","Draymond Green","PF",0.571,"GSW",0.963,0.963,0.705,0.328,0.352,0.591,0.276,0.371,0.337,0.237,0.246,0.523,0.573,0.175,0.206,0.66,0.218,0.529,0.423,0.25,0.5,0.263,0.287,0.682,0.325,"2015",FALSE,0,0,67,FALSE
"185","Erick Green","PG",0.548,"DEN",0.524,0.012,0.116,0.059,0.075,0.503,0.035,0.053,0.298,0.049,0.065,0.409,0.467,0.013,0.012,0.833,0.013,0.024,0.02,0.034,0.049,0,0.03,0.07,0.052,"2015",FALSE,0,0,30,FALSE
"186","Gerald Green","SG",0.69,"PHO",0.902,0.049,0.409,0.313,0.358,0.555,0.341,0.437,0.354,0.195,0.221,0.478,0.56,0.131,0.123,0.825,0.063,0.152,0.122,0.078,0.171,0.032,0.224,0.391,0.312,"2015",FALSE,0,0,39,FALSE
"189","Willie Green","SG",0.786,"ORL",0.634,0.024,0.269,0.114,0.141,0.515,0.104,0.137,0.347,0.079,0.104,0.411,0.504,0.037,0.035,0.824,0.027,0.065,0.052,0.058,0.106,0.013,0.103,0.218,0.108,"2015",FALSE,0,0,25,FALSE
"190","Blake Griffin","PF",0.595,"LAC",0.817,0.817,0.667,0.555,0.526,0.669,0.025,0.028,0.4,0.587,0.631,0.504,0.562,0.411,0.439,0.728,0.241,0.379,0.332,0.304,0.256,0.093,0.328,0.528,0.519,"2015",FALSE,0,0.002,56,TRUE
"192","P.J. Hairston","SG",0.524,"CHO",0.549,0.024,0.194,0.084,0.124,0.431,0.122,0.184,0.301,0.04,0.06,0.358,0.46,0.041,0.037,0.861,0.042,0.07,0.06,0.018,0.085,0.035,0.047,0.164,0.09,"2015",FALSE,0,0,33,FALSE
"195","Tyler Hansbrough","PF",0.69,"TOR",0.902,0.098,0.299,0.083,0.076,0.695,0.002,0.008,0.143,0.088,0.089,0.538,0.582,0.128,0.143,0.698,0.203,0.158,0.173,0.018,0.122,0.04,0.043,0.38,0.095,"2015",FALSE,0,0,49,FALSE
"196","Tim Hardaway","SG",0.524,"NYK",0.854,0.366,0.476,0.27,0.33,0.519,0.301,0.4,0.342,0.164,0.205,0.435,0.527,0.165,0.16,0.801,0.023,0.143,0.102,0.109,0.081,0.037,0.177,0.321,0.284,"2015",FALSE,0,0,17,FALSE
"197","James Harden","SG",0.595,"HOU",0.988,0.988,0.844,0.626,0.676,0.587,0.517,0.626,0.375,0.457,0.516,0.48,0.568,0.946,0.848,0.868,0.143,0.381,0.3,0.485,0.626,0.16,0.692,0.561,0.783,"2015",FALSE,25,0.72,56,TRUE
"198","Maurice Harkless","SF",0.5,"ORL",0.549,0.049,0.191,0.061,0.073,0.532,0.025,0.063,0.179,0.055,0.058,0.52,0.478,0.029,0.042,0.537,0.073,0.068,0.069,0.021,0.13,0.024,0.058,0.178,0.056,"2015",FALSE,0,0,25,FALSE
"199","Devin Harris","PG",0.738,"DAL",0.927,0.037,0.477,0.212,0.241,0.557,0.236,0.3,0.357,0.129,0.146,0.481,0.566,0.175,0.167,0.815,0.025,0.121,0.088,0.204,0.317,0.037,0.183,0.396,0.235,"2015",FALSE,0,0,50,FALSE
"200","Gary Harris","SG",0.476,"DEN",0.671,0.073,0.204,0.064,0.1,0.405,0.052,0.116,0.204,0.047,0.064,0.395,0.392,0.046,0.048,0.745,0.04,0.043,0.042,0.025,0.159,0.019,0.082,0.191,0.066,"2015",FALSE,0,0,30,FALSE
"201","Joe Harris","SG",0.548,"CLE",0.622,0.012,0.14,0.046,0.055,0.533,0.077,0.095,0.369,0.018,0.02,0.472,0.588,0.012,0.015,0.6,0.013,0.034,0.027,0.022,0.028,0.005,0.058,0.167,0.048,"2015",FALSE,0,0,53,FALSE
"202","Tobias Harris","SF",0.524,"ORL",0.829,0.768,0.671,0.427,0.437,0.621,0.216,0.27,0.364,0.369,0.4,0.5,0.569,0.255,0.252,0.788,0.14,0.355,0.281,0.107,0.28,0.096,0.248,0.361,0.411,"2015",FALSE,0,0,25,FALSE
"203","Udonis Haslem","PF",0.81,"MIA",0.756,0.305,0.282,0.103,0.11,0.597,0.005,0.011,0.2,0.109,0.129,0.459,0.502,0.06,0.066,0.703,0.136,0.186,0.169,0.04,0.085,0.035,0.088,0.305,0.092,"2015",FALSE,0,0,37,FALSE
"204","Spencer Hawes","PF",0.619,"LAC",0.89,0.183,0.361,0.158,0.191,0.524,0.137,0.199,0.313,0.112,0.135,0.452,0.51,0.058,0.07,0.647,0.057,0.226,0.169,0.076,0.098,0.141,0.131,0.466,0.15,"2015",FALSE,0,0,56,FALSE
"206","Gordon Hayward","SF",0.571,"UTA",0.927,0.927,0.741,0.468,0.5,0.593,0.299,0.372,0.364,0.379,0.427,0.481,0.556,0.496,0.475,0.812,0.103,0.317,0.244,0.269,0.439,0.08,0.444,0.353,0.517,"2015",FALSE,0,0,38,FALSE
"208","Gerald Henderson","SG",0.643,"CHO",0.976,0.878,0.655,0.358,0.39,0.583,0.112,0.153,0.331,0.338,0.401,0.457,0.514,0.243,0.223,0.848,0.069,0.235,0.178,0.177,0.207,0.059,0.237,0.364,0.342,"2015",FALSE,0,0,33,FALSE
"211","Roy Hibbert","C",0.667,"IND",0.927,0.927,0.545,0.307,0.327,0.595,0,0.002,0,0.33,0.399,0.448,0.496,0.222,0.21,0.824,0.298,0.381,0.353,0.072,0.073,0.332,0.231,0.582,0.283,"2015",FALSE,0,0,38,FALSE
"212","J.J. Hickson","C",0.619,"DEN",0.89,0.098,0.399,0.211,0.211,0.633,0,0.002,0,0.227,0.258,0.477,0.528,0.153,0.207,0.577,0.287,0.3,0.295,0.049,0.146,0.093,0.207,0.367,0.195,"2015",FALSE,0,0,30,FALSE
"213","Nene Hilario","PF",0.762,"WAS",0.817,0.707,0.479,0.297,0.277,0.681,0.002,0.006,0.2,0.318,0.336,0.513,0.569,0.161,0.208,0.604,0.161,0.259,0.225,0.106,0.268,0.059,0.267,0.485,0.26,"2015",FALSE,0,0,46,FALSE
"214","George Hill","PG",0.667,"IND",0.524,0.439,0.359,0.247,0.246,0.636,0.172,0.218,0.358,0.194,0.193,0.544,0.601,0.149,0.147,0.79,0.048,0.153,0.117,0.189,0.179,0.037,0.149,0.299,0.244,"2015",FALSE,0,0,38,FALSE
"215","Jordan Hill","C",0.643,"LAL",0.854,0.695,0.53,0.345,0.358,0.612,0.007,0.012,0.273,0.368,0.432,0.462,0.512,0.164,0.173,0.738,0.333,0.379,0.363,0.088,0.138,0.138,0.228,0.442,0.297,"2015",FALSE,0,0,21,FALSE
"216","Solomon Hill","SF",0.548,"IND",1,0.951,0.674,0.243,0.292,0.528,0.169,0.235,0.327,0.19,0.24,0.43,0.5,0.21,0.199,0.824,0.134,0.242,0.205,0.158,0.268,0.048,0.248,0.477,0.257,"2015",FALSE,0,0,38,FALSE
"217","Kirk Hinrich","SG",0.81,"CHI",0.805,0.268,0.456,0.137,0.175,0.497,0.144,0.19,0.345,0.087,0.12,0.394,0.499,0.046,0.051,0.7,0.038,0.1,0.079,0.127,0.187,0.037,0.157,0.388,0.133,"2015",FALSE,0,0,50,FALSE
"218","Jrue Holiday","PG",0.571,"NOP",0.488,0.451,0.369,0.23,0.246,0.595,0.127,0.152,0.378,0.195,0.225,0.469,0.548,0.086,0.078,0.855,0.061,0.102,0.088,0.235,0.256,0.061,0.196,0.296,0.209,"2015",FALSE,0,0,45,FALSE
"219","Justin Holiday","SG",0.595,"GSW",0.72,0.049,0.186,0.088,0.108,0.516,0.087,0.123,0.321,0.058,0.071,0.444,0.513,0.049,0.046,0.822,0.023,0.061,0.048,0.041,0.163,0.032,0.062,0.146,0.09,"2015",FALSE,0,0,67,FALSE
"221","Rodney Hood","SG",0.524,"UTA",0.61,0.256,0.301,0.15,0.172,0.552,0.154,0.192,0.365,0.097,0.115,0.456,0.552,0.081,0.082,0.763,0.017,0.107,0.076,0.071,0.122,0.032,0.097,0.321,0.153,"2015",FALSE,0,0,38,FALSE
"222","Al Horford","C",0.667,"ATL",0.927,0.927,0.656,0.502,0.444,0.717,0.027,0.041,0.306,0.529,0.524,0.547,0.604,0.142,0.145,0.759,0.25,0.41,0.356,0.21,0.276,0.261,0.216,0.326,0.408,"2015",FALSE,0,0,60,FALSE
"223","Dwight Howard","C",0.69,"HOU",0.5,0.5,0.346,0.243,0.195,0.791,0.002,0.002,0.5,0.26,0.237,0.594,0.661,0.189,0.279,0.528,0.21,0.319,0.282,0.043,0.114,0.141,0.248,0.369,0.228,"2015",FALSE,0,0,56,FALSE
"224","Lester Hudson","SG",0.714,"LAC",0.061,0,0.016,0.006,0.006,0.572,0.007,0.007,0.5,0.003,0.005,0.375,0.596,0.004,0.004,0.75,0.002,0.007,0.005,0.004,0.024,0.003,0.006,0.011,0.006,"2015",FALSE,0,0,56,FALSE
"225","Robbie Hummel","SF",0.595,"MIN",0.549,0.049,0.21,0.076,0.079,0.612,0.04,0.058,0.314,0.066,0.068,0.521,0.562,0.032,0.03,0.828,0.059,0.102,0.088,0.023,0.065,0.024,0.039,0.232,0.07,"2015",FALSE,0,0,16,FALSE
"226","Kris Humphries","PF",0.69,"WAS",0.78,0.207,0.381,0.204,0.205,0.631,0,0.008,0,0.22,0.248,0.481,0.526,0.115,0.12,0.744,0.226,0.296,0.272,0.049,0.138,0.066,0.099,0.35,0.18,"2015",FALSE,0,0,46,FALSE
"227","Serge Ibaka","PF",0.595,"OKC",0.78,0.78,0.599,0.362,0.362,0.635,0.192,0.231,0.376,0.309,0.328,0.511,0.583,0.122,0.113,0.836,0.258,0.361,0.326,0.047,0.122,0.412,0.209,0.523,0.324,"2015",FALSE,0,0,45,FALSE
"228","Andre Iguodala","SF",0.738,"GSW",0.939,0,0.586,0.223,0.228,0.621,0.184,0.239,0.349,0.163,0.16,0.553,0.6,0.09,0.117,0.596,0.084,0.212,0.168,0.196,0.362,0.066,0.19,0.27,0.213,"2015",FALSE,0,0,67,FALSE
"229","Ersan Ilyasova","PF",0.643,"MIL",0.707,0.439,0.373,0.254,0.256,0.629,0.184,0.214,0.389,0.197,0.207,0.515,0.599,0.091,0.11,0.645,0.153,0.196,0.181,0.048,0.146,0.051,0.097,0.402,0.236,"2015",FALSE,0,0,41,FALSE
"230","Joe Ingles","SF",0.643,"UTA",0.963,0.39,0.474,0.142,0.163,0.553,0.179,0.228,0.356,0.078,0.086,0.493,0.574,0.04,0.041,0.75,0.042,0.152,0.114,0.156,0.293,0.027,0.211,0.334,0.14,"2015",FALSE,0,0,38,FALSE
"231","Kyrie Irving","PG",0.524,"CLE",0.915,0.915,0.773,0.559,0.568,0.624,0.391,0.427,0.415,0.438,0.483,0.491,0.591,0.417,0.376,0.863,0.105,0.181,0.155,0.334,0.463,0.053,0.401,0.394,0.575,"2015",FALSE,0,0,53,FALSE
"232","Jarrett Jack","PG",0.738,"BRK",0.976,0.329,0.634,0.347,0.376,0.585,0.097,0.165,0.267,0.333,0.378,0.477,0.514,0.265,0.234,0.881,0.036,0.224,0.16,0.32,0.305,0.035,0.412,0.385,0.338,"2015",FALSE,0,0,38,FALSE
"235","LeBron James","SF",0.714,"CLE",0.841,0.841,0.706,0.603,0.589,0.651,0.299,0.383,0.354,0.524,0.53,0.536,0.594,0.496,0.543,0.71,0.098,0.362,0.272,0.439,0.443,0.13,0.586,0.364,0.615,"2015",FALSE,5,0.425,53,TRUE
"236","Al Jefferson","C",0.714,"CHO",0.793,0.744,0.564,0.47,0.465,0.641,0.005,0.006,0.4,0.504,0.567,0.482,0.536,0.143,0.17,0.655,0.189,0.446,0.358,0.097,0.191,0.223,0.147,0.375,0.382,"2015",FALSE,0,0,33,FALSE
"237","Cory Jefferson","PF",0.571,"BRK",0.61,0.012,0.15,0.073,0.077,0.599,0.005,0.017,0.133,0.076,0.086,0.48,0.506,0.041,0.056,0.574,0.09,0.097,0.095,0.014,0.041,0.056,0.043,0.164,0.065,"2015",FALSE,0,0,38,FALSE
"238","Richard Jefferson","SF",0.81,"DAL",0.902,0.22,0.352,0.139,0.149,0.592,0.164,0.175,0.426,0.081,0.095,0.462,0.607,0.103,0.117,0.684,0.048,0.157,0.12,0.052,0.13,0.029,0.112,0.31,0.153,"2015",FALSE,0,0,50,FALSE
"239","John Jenkins","SG",0.548,"ATL",0.293,0.037,0.084,0.047,0.046,0.66,0.052,0.059,0.404,0.029,0.027,0.596,0.668,0.021,0.02,0.842,0.004,0.037,0.025,0.011,0.041,0,0.017,0.04,0.048,"2015",FALSE,0,0,60,FALSE
"240","Brandon Jennings","PG",0.595,"DET",0.5,0.5,0.332,0.211,0.25,0.535,0.189,0.238,0.36,0.148,0.187,0.428,0.523,0.159,0.147,0.839,0.04,0.082,0.068,0.234,0.179,0.011,0.194,0.173,0.223,"2015",FALSE,0,0,32,FALSE
"243","Amir Johnson","PF",0.643,"TOR",0.915,0.878,0.56,0.288,0.239,0.765,0.047,0.052,0.413,0.29,0.267,0.59,0.658,0.104,0.133,0.612,0.304,0.295,0.298,0.101,0.179,0.157,0.237,0.606,0.245,"2015",FALSE,0,0,49,FALSE
"245","James Johnson","PF",0.643,"TOR",0.854,0.207,0.388,0.23,0.186,0.785,0.027,0.058,0.216,0.236,0.199,0.643,0.67,0.089,0.105,0.657,0.117,0.195,0.168,0.082,0.22,0.186,0.17,0.418,0.196,"2015",FALSE,0,0,49,FALSE
"246","Joe Johnson","SG",0.786,"BRK",0.976,0.976,0.79,0.431,0.472,0.58,0.301,0.38,0.359,0.338,0.388,0.472,0.549,0.187,0.181,0.801,0.101,0.329,0.251,0.251,0.24,0.037,0.295,0.323,0.407,"2015",FALSE,0,0,38,FALSE
"247","Nick Johnson","SG",0.524,"HOU",0.341,0,0.074,0.025,0.035,0.463,0.012,0.024,0.238,0.022,0.03,0.389,0.422,0.022,0.026,0.68,0.025,0.026,0.025,0.009,0.028,0.008,0.041,0.092,0.026,"2015",FALSE,0,0,56,FALSE
"248","Tyler Johnson","SG",0.524,"MIA",0.39,0.024,0.171,0.068,0.077,0.559,0.045,0.054,0.375,0.054,0.067,0.437,0.526,0.042,0.048,0.681,0.027,0.067,0.053,0.036,0.134,0.024,0.065,0.113,0.067,"2015",FALSE,0,0,37,FALSE
"249","Wesley Johnson","SF",0.643,"LAL",0.927,0.72,0.635,0.277,0.318,0.552,0.226,0.292,0.351,0.203,0.244,0.451,0.533,0.119,0.115,0.804,0.128,0.25,0.208,0.107,0.24,0.12,0.188,0.437,0.266,"2015",FALSE,0,0,21,FALSE
"250","Dahntay Jones","SF",0.81,"LAC",0.402,0,0.035,0.006,0.01,0.381,0,0.005,0,0.006,0.01,0.353,0.318,0.012,0.011,0.818,0.002,0.01,0.007,0.002,0.012,0,0.002,0.062,0.007,"2015",FALSE,0,0,56,FALSE
"251","James Jones","SF",0.81,"CLE",0.695,0.024,0.189,0.072,0.092,0.491,0.157,0.198,0.36,0.011,0.015,0.423,0.583,0.052,0.047,0.848,0.017,0.053,0.041,0.021,0.053,0.021,0.028,0.181,0.088,"2015",FALSE,0,0,53,FALSE
"252","Perry Jones","SF",0.548,"OKC",0.524,0.159,0.179,0.071,0.085,0.529,0.035,0.068,0.233,0.061,0.07,0.476,0.483,0.032,0.038,0.649,0.011,0.07,0.05,0.015,0.069,0.021,0.052,0.135,0.065,"2015",FALSE,0,0,45,FALSE
"253","Terrence Jones","PF",0.548,"HOU",0.402,0.293,0.252,0.153,0.138,0.704,0.032,0.042,0.351,0.151,0.148,0.553,0.611,0.075,0.097,0.606,0.149,0.141,0.144,0.031,0.073,0.157,0.08,0.21,0.136,"2015",FALSE,0,0,56,FALSE
"254","DeAndre Jordan","C",0.619,"LAC",1,1,0.798,0.367,0.246,0.947,0.002,0.005,0.25,0.393,0.299,0.713,0.79,0.247,0.485,0.397,0.759,0.823,0.801,0.052,0.329,0.487,0.235,0.66,0.334,"2015",FALSE,0,0,56,FALSE
"256","Cory Joseph","PG",0.548,"SAS",0.963,0.171,0.409,0.2,0.189,0.672,0.04,0.05,0.364,0.199,0.207,0.52,0.581,0.139,0.147,0.734,0.084,0.147,0.125,0.162,0.187,0.045,0.144,0.283,0.189,"2015",FALSE,0,0,55,FALSE
"259","Sergey Karasev","SG",0.5,"BRK",0.402,0.195,0.157,0.052,0.062,0.537,0.04,0.061,0.296,0.04,0.045,0.475,0.514,0.038,0.039,0.763,0.042,0.044,0.043,0.04,0.093,0.003,0.052,0.121,0.054,"2015",FALSE,0,0,38,FALSE
"260","Ryan Kelly","PF",0.548,"LAL",0.634,0.415,0.349,0.101,0.142,0.449,0.112,0.151,0.336,0.061,0.099,0.337,0.454,0.104,0.098,0.832,0.025,0.132,0.095,0.079,0.122,0.064,0.08,0.318,0.117,"2015",FALSE,0,0,21,FALSE
"262","Sean Kilpatrick","SG",0.595,"MIN",0.049,0,0.02,0.007,0.009,0.467,0.01,0.015,0.308,0.003,0.004,0.429,0.5,0.005,0.004,1,0.002,0.005,0.004,0.003,0.012,0,0.004,0.008,0.008,"2015",FALSE,0,0,16,FALSE
"266","Kyle Korver","SG",0.786,"ATL",0.915,0.915,0.684,0.282,0.276,0.649,0.55,0.507,0.492,0.074,0.085,0.47,0.746,0.14,0.121,0.898,0.029,0.287,0.199,0.168,0.211,0.112,0.231,0.377,0.322,"2015",FALSE,0,0,60,FALSE
"269","Jeremy Lamb","SG",0.524,"OKC",0.573,0.098,0.179,0.101,0.115,0.555,0.095,0.125,0.342,0.069,0.078,0.475,0.547,0.065,0.057,0.891,0.015,0.098,0.07,0.038,0.085,0.016,0.058,0.14,0.104,"2015",FALSE,0,0,45,FALSE
"271","Shane Larkin","PG",0.524,"NYK",0.927,0.268,0.528,0.181,0.199,0.577,0.087,0.131,0.302,0.158,0.178,0.481,0.526,0.081,0.08,0.782,0.055,0.146,0.115,0.194,0.378,0.024,0.179,0.404,0.166,"2015",FALSE,0,0,17,FALSE
"272","Joffrey Lauvergne","C",0.548,"DEN",0.293,0.012,0.076,0.035,0.041,0.539,0.007,0.018,0.188,0.034,0.041,0.452,0.468,0.024,0.029,0.643,0.052,0.05,0.05,0.011,0.033,0.027,0.047,0.116,0.033,"2015",FALSE,0,0,30,FALSE
"273","Zach LaVine","PG",0.452,"MIN",0.939,0.488,0.538,0.277,0.312,0.563,0.142,0.188,0.341,0.238,0.288,0.449,0.517,0.197,0.182,0.842,0.052,0.186,0.14,0.237,0.22,0.027,0.416,0.426,0.275,"2015",FALSE,0,0,16,FALSE
"274","Ty Lawson","PG",0.643,"DEN",0.915,0.915,0.754,0.391,0.426,0.581,0.174,0.231,0.341,0.348,0.407,0.463,0.527,0.351,0.373,0.73,0.08,0.191,0.153,0.619,0.374,0.024,0.399,0.345,0.404,"2015",FALSE,0,0,30,FALSE
"276","Courtney Lee","SG",0.69,"MEM",0.939,0.902,0.666,0.279,0.296,0.597,0.224,0.253,0.402,0.206,0.236,0.473,0.576,0.147,0.133,0.86,0.04,0.156,0.116,0.13,0.305,0.032,0.168,0.348,0.274,"2015",FALSE,0,0,55,FALSE
"277","David Lee","PF",0.738,"GSW",0.598,0.049,0.256,0.155,0.144,0.681,0,0.002,0,0.166,0.175,0.514,0.568,0.09,0.107,0.654,0.155,0.175,0.168,0.073,0.126,0.069,0.106,0.224,0.137,"2015",FALSE,0,0,67,FALSE
"279","Alex Len","C",0.5,"PHO",0.841,0.537,0.43,0.173,0.162,0.676,0.002,0.003,0.333,0.185,0.197,0.509,0.564,0.097,0.107,0.702,0.272,0.31,0.297,0.027,0.138,0.279,0.159,0.574,0.153,"2015",FALSE,0,0,39,FALSE
"280","Kawhi Leonard","SF",0.548,"SAS",0.78,0.78,0.575,0.381,0.378,0.639,0.167,0.217,0.349,0.34,0.355,0.519,0.578,0.267,0.259,0.802,0.163,0.373,0.301,0.138,0.602,0.128,0.209,0.345,0.373,"2015",FALSE,0,0.001,55,TRUE
"281","Meyers Leonard","C",0.524,"POR",0.671,0.085,0.24,0.121,0.113,0.68,0.117,0.126,0.42,0.081,0.075,0.586,0.673,0.04,0.033,0.938,0.088,0.203,0.163,0.027,0.041,0.037,0.084,0.305,0.115,"2015",FALSE,0,0,51,FALSE
"282","Jon Leuer","PF",0.595,"MEM",0.768,0.073,0.233,0.117,0.126,0.591,0.017,0.033,0.241,0.119,0.138,0.467,0.507,0.049,0.061,0.627,0.096,0.156,0.135,0.04,0.069,0.024,0.075,0.232,0.101,"2015",FALSE,0,0,55,FALSE
"283","Damian Lillard","PG",0.571,"POR",1,1,0.828,0.571,0.626,0.579,0.488,0.646,0.343,0.41,0.444,0.5,0.562,0.455,0.409,0.864,0.094,0.327,0.247,0.436,0.394,0.056,0.478,0.442,0.607,"2015",FALSE,0,0,51,FALSE
"284","Jeremy Lin","PG",0.619,"LAL",0.902,0.366,0.54,0.268,0.301,0.565,0.162,0.199,0.369,0.221,0.27,0.444,0.526,0.282,0.276,0.795,0.05,0.169,0.128,0.291,0.333,0.085,0.358,0.509,0.294,"2015",FALSE,0,0,21,FALSE
"285","Shaun Livingston","PG",0.69,"GSW",0.951,0.024,0.416,0.191,0.182,0.667,0,0.002,0,0.206,0.222,0.503,0.556,0.086,0.094,0.714,0.082,0.139,0.12,0.223,0.199,0.053,0.22,0.296,0.163,"2015",FALSE,0,0,67,FALSE
"286","Brook Lopez","C",0.619,"BRK",0.878,0.537,0.594,0.489,0.454,0.684,0.002,0.011,0.1,0.525,0.551,0.517,0.57,0.295,0.282,0.814,0.409,0.319,0.35,0.043,0.175,0.335,0.224,0.555,0.436,"2015",FALSE,0,0,38,FALSE
"287","Robin Lopez","C",0.619,"POR",0.72,0.72,0.464,0.226,0.201,0.713,0,0.001,0,0.243,0.246,0.537,0.594,0.13,0.131,0.772,0.363,0.203,0.258,0.047,0.065,0.223,0.157,0.329,0.2,"2015",FALSE,0,0,51,FALSE
"288","Kevin Love","PF",0.619,"CLE",0.915,0.915,0.717,0.399,0.438,0.579,0.358,0.442,0.367,0.28,0.316,0.48,0.566,0.341,0.33,0.804,0.272,0.585,0.478,0.144,0.207,0.104,0.263,0.377,0.434,"2015",FALSE,0,0,53,FALSE
"289","Kyle Lowry","PG",0.667,"TOR",0.854,0.854,0.683,0.416,0.48,0.549,0.328,0.441,0.338,0.31,0.368,0.457,0.529,0.333,0.321,0.808,0.103,0.272,0.214,0.406,0.443,0.035,0.373,0.571,0.439,"2015",FALSE,0,0,49,FALSE
"291","John Lucas III","PG",0.762,"DET",0.256,0,0.077,0.041,0.048,0.539,0.022,0.033,0.31,0.034,0.042,0.44,0.497,0.007,0.005,1,0.008,0.012,0.01,0.052,0.033,0,0.034,0.049,0.035,"2015",FALSE,0,0,32,FALSE
"292","Shelvin Mack","PG",0.571,"ATL",0.671,0,0.236,0.113,0.134,0.535,0.1,0.143,0.315,0.08,0.093,0.467,0.521,0.033,0.032,0.806,0.015,0.071,0.052,0.133,0.122,0.005,0.106,0.086,0.106,"2015",FALSE,0,0,60,FALSE
"294","Devyn Marble","SG",0.524,"ORL",0.195,0.085,0.059,0.014,0.02,0.424,0.01,0.025,0.182,0.01,0.012,0.455,0.404,0.007,0.016,0.313,0.01,0.026,0.02,0.015,0.037,0.005,0.019,0.038,0.013,"2015",FALSE,0,0,25,FALSE
"295","Shawn Marion","SF",0.857,"CLE",0.695,0.293,0.312,0.115,0.123,0.595,0.03,0.052,0.261,0.111,0.125,0.484,0.52,0.034,0.035,0.765,0.122,0.137,0.132,0.044,0.11,0.072,0.071,0.156,0.097,"2015",FALSE,0,0,53,FALSE
"296","Kendall Marshall","PG",0.548,"MIL",0.341,0.037,0.118,0.044,0.046,0.607,0.045,0.052,0.391,0.029,0.031,0.509,0.606,0.011,0.009,0.889,0.004,0.026,0.018,0.074,0.085,0,0.075,0.07,0.042,"2015",FALSE,0,0,41,FALSE
"299","Kevin Martin","SG",0.738,"MIN",0.476,0.439,0.369,0.258,0.288,0.569,0.187,0.216,0.393,0.2,0.245,0.442,0.541,0.225,0.199,0.881,0.036,0.122,0.093,0.076,0.134,0.003,0.164,0.205,0.275,"2015",FALSE,0,0,16,FALSE
"300","Wesley Matthews","SG",0.667,"POR",0.732,0.732,0.573,0.326,0.346,0.597,0.43,0.502,0.389,0.171,0.173,0.534,0.626,0.144,0.149,0.752,0.073,0.183,0.145,0.119,0.313,0.027,0.175,0.356,0.338,"2015",FALSE,0,0,51,FALSE
"302","O.J. Mayo","SG",0.643,"MIL",0.866,0.183,0.48,0.286,0.323,0.563,0.246,0.313,0.357,0.205,0.239,0.465,0.548,0.152,0.143,0.827,0.057,0.156,0.122,0.169,0.232,0.048,0.276,0.445,0.285,"2015",FALSE,0,0,41,FALSE
"303","Luc Mbah a Moute","PF",0.667,"PHI",0.817,0.744,0.542,0.243,0.293,0.527,0.154,0.228,0.307,0.197,0.245,0.435,0.492,0.127,0.168,0.589,0.157,0.244,0.214,0.091,0.329,0.056,0.213,0.28,0.233,"2015",FALSE,0,0,18,FALSE
"305","Ray McCallum","PG",0.548,"SAC",0.829,0.366,0.406,0.199,0.216,0.584,0.085,0.125,0.306,0.179,0.202,0.479,0.527,0.075,0.086,0.679,0.099,0.127,0.118,0.162,0.183,0.029,0.183,0.248,0.178,"2015",FALSE,0,0,29,FALSE
"306","CJ McCollum","SG",0.548,"POR",0.756,0.037,0.275,0.154,0.168,0.581,0.137,0.157,0.396,0.108,0.127,0.46,0.568,0.067,0.075,0.699,0.027,0.076,0.059,0.055,0.175,0.021,0.103,0.218,0.15,"2015",FALSE,0,0,51,FALSE
"308","Doug McDermott","SF",0.548,"CHI",0.439,0,0.091,0.042,0.049,0.536,0.032,0.046,0.317,0.031,0.037,0.455,0.514,0.013,0.015,0.667,0.011,0.037,0.028,0.005,0.016,0.003,0.037,0.078,0.038,"2015",FALSE,0,0,50,FALSE
"309","Mitch McGary","PF",0.524,"OKC",0.39,0.024,0.137,0.085,0.076,0.711,0,0.002,0,0.092,0.092,0.54,0.592,0.033,0.041,0.625,0.101,0.111,0.108,0.012,0.065,0.043,0.067,0.194,0.071,"2015",FALSE,0,0,45,FALSE
"311","Ben McLemore","SG",0.5,"SAC",1,1,0.756,0.351,0.382,0.583,0.348,0.441,0.358,0.232,0.248,0.507,0.579,0.172,0.165,0.813,0.059,0.209,0.158,0.12,0.313,0.051,0.297,0.59,0.352,"2015",FALSE,0,0,29,FALSE
"312","Jerel McNeal","PG",0.643,"PHO",0.073,0,0.01,0.003,0.005,0.364,0.002,0.002,0.5,0.002,0.005,0.222,0.353,0.003,0.002,1,0,0.003,0.002,0.002,0.012,0.003,0.011,0.013,0.003,"2015",FALSE,0,0,39,FALSE
"313","Josh McRoberts","PF",0.643,"MIA",0.207,0.049,0.084,0.027,0.024,0.704,0.02,0.021,0.421,0.021,0.019,0.588,0.671,0.011,0.013,0.615,0.013,0.038,0.029,0.028,0.049,0.008,0.047,0.111,0.025,"2015",FALSE,0,0,37,FALSE
"314","Jodie Meeks","SG",0.643,"DET",0.732,0,0.414,0.215,0.246,0.555,0.184,0.239,0.349,0.154,0.182,0.46,0.539,0.192,0.165,0.906,0.023,0.091,0.068,0.068,0.24,0.016,0.123,0.205,0.234,"2015",FALSE,0,0,32,FALSE
"316","Khris Middleton","SF",0.548,"MIL",0.963,0.707,0.673,0.393,0.4,0.623,0.271,0.302,0.407,0.309,0.339,0.494,0.589,0.177,0.16,0.859,0.092,0.297,0.227,0.156,0.496,0.029,0.244,0.493,0.373,"2015",FALSE,0,0,41,FALSE
"317","C.J. Miles","SG",0.643,"IND",0.854,0.488,0.521,0.318,0.381,0.531,0.383,0.503,0.345,0.182,0.215,0.459,0.546,0.172,0.166,0.807,0.034,0.195,0.14,0.064,0.244,0.069,0.157,0.356,0.333,"2015",FALSE,0,0,38,FALSE
"320","Mike Miller","SF",0.81,"CLE",0.634,0.183,0.198,0.036,0.052,0.433,0.08,0.111,0.327,0.005,0.009,0.313,0.517,0.004,0.004,0.75,0.008,0.086,0.059,0.04,0.057,0.011,0.05,0.199,0.038,"2015",FALSE,0,0,53,FALSE
"322","Patty Mills","PG",0.619,"SAS",0.622,0,0.227,0.124,0.155,0.508,0.154,0.205,0.341,0.069,0.087,0.429,0.526,0.044,0.041,0.825,0.04,0.054,0.049,0.075,0.114,0.005,0.075,0.156,0.124,"2015",FALSE,0,0,55,FALSE
"323","Elijah Millsap","SG",0.643,"UTA",0.573,0.061,0.262,0.078,0.11,0.453,0.07,0.102,0.311,0.055,0.083,0.358,0.443,0.077,0.088,0.674,0.054,0.121,0.098,0.05,0.228,0.043,0.144,0.334,0.088,"2015",FALSE,0,0,38,FALSE
"324","Paul Millsap","PF",0.69,"ATL",0.89,0.89,0.676,0.428,0.428,0.635,0.192,0.244,0.356,0.381,0.403,0.513,0.576,0.337,0.347,0.757,0.266,0.428,0.373,0.192,0.528,0.184,0.358,0.542,0.43,"2015",FALSE,0,0,60,FALSE
"325","Nikola Mirotic","PF",0.548,"CHI",1,0.037,0.468,0.245,0.287,0.54,0.246,0.353,0.316,0.16,0.175,0.495,0.539,0.302,0.292,0.803,0.12,0.339,0.264,0.083,0.22,0.144,0.192,0.464,0.294,"2015",FALSE,0,0,50,FALSE
"328","E'Twaun Moore","SG",0.595,"CHI",0.683,0,0.143,0.06,0.064,0.595,0.032,0.043,0.342,0.051,0.057,0.485,0.548,0.016,0.021,0.6,0.023,0.034,0.03,0.028,0.081,0.016,0.03,0.121,0.053,"2015",FALSE,0,0,50,FALSE
"330","Darius Morris","PG",0.571,"BRK",0.463,0,0.085,0.035,0.049,0.453,0.017,0.037,0.212,0.03,0.041,0.397,0.414,0.005,0.009,0.444,0.013,0.02,0.018,0.041,0.037,0,0.045,0.054,0.029,"2015",FALSE,0,0,38,FALSE
"331","Marcus Morris","PF",0.595,"PHO",0.988,0.427,0.579,0.32,0.351,0.579,0.279,0.353,0.358,0.228,0.254,0.487,0.563,0.094,0.116,0.628,0.14,0.31,0.252,0.114,0.256,0.043,0.157,0.507,0.298,"2015",FALSE,0,0,39,FALSE
"332","Markieff Morris","PF",0.595,"PHO",1,1,0.731,0.495,0.506,0.62,0.142,0.202,0.318,0.473,0.519,0.494,0.546,0.234,0.239,0.763,0.21,0.393,0.331,0.165,0.411,0.104,0.366,0.66,0.444,"2015",FALSE,0,0,39,FALSE
"333","Anthony Morrow","SG",0.69,"OKC",0.902,0,0.511,0.276,0.283,0.617,0.351,0.367,0.434,0.15,0.164,0.497,0.642,0.104,0.092,0.888,0.076,0.154,0.127,0.052,0.22,0.029,0.082,0.364,0.279,"2015",FALSE,0,0,45,FALSE
"334","Donatas Motiejunas","PF",0.571,"HOU",0.866,0.756,0.577,0.341,0.322,0.672,0.122,0.15,0.368,0.316,0.32,0.536,0.599,0.132,0.171,0.602,0.262,0.282,0.275,0.112,0.228,0.09,0.265,0.547,0.302,"2015",FALSE,0,0,56,FALSE
"336","Shabazz Muhammad","SG",0.524,"MIN",0.463,0.159,0.245,0.188,0.183,0.652,0.05,0.058,0.392,0.181,0.195,0.503,0.571,0.138,0.149,0.717,0.12,0.09,0.101,0.038,0.073,0.019,0.075,0.132,0.181,"2015",FALSE,0,0,16,FALSE
"338","Mike Muscala","PF",0.548,"ATL",0.488,0.098,0.142,0.08,0.069,0.733,0.022,0.025,0.409,0.077,0.073,0.574,0.643,0.029,0.026,0.88,0.099,0.067,0.078,0.021,0.065,0.051,0.045,0.14,0.07,"2015",FALSE,0,0,60,FALSE
"339","Shabazz Napier","PG",0.548,"MIA",0.622,0.122,0.286,0.084,0.105,0.509,0.107,0.133,0.364,0.046,0.062,0.4,0.529,0.058,0.058,0.786,0.033,0.095,0.074,0.112,0.163,0.011,0.175,0.205,0.092,"2015",FALSE,0,0,37,FALSE
"342","Andrew Nicholson","PF",0.595,"ORL",0.488,0.037,0.139,0.08,0.087,0.583,0.032,0.046,0.317,0.073,0.084,0.47,0.523,0.02,0.026,0.6,0.033,0.065,0.054,0.019,0.024,0.032,0.052,0.137,0.069,"2015",FALSE,0,0,25,FALSE
"343","Joakim Noah","C",0.69,"CHI",0.817,0.817,0.58,0.184,0.197,0.593,0,0.002,0,0.198,0.24,0.447,0.494,0.139,0.179,0.603,0.419,0.424,0.422,0.268,0.195,0.197,0.265,0.547,0.171,"2015",FALSE,0,0,50,FALSE
"347","Dirk Nowitzki","PF",0.857,"DAL",0.939,0.939,0.646,0.471,0.489,0.612,0.259,0.309,0.38,0.399,0.444,0.486,0.564,0.337,0.297,0.882,0.084,0.41,0.299,0.123,0.159,0.088,0.177,0.431,0.471,"2015",FALSE,0,0,50,FALSE
"348","Jusuf Nurkic","C",0.476,"DEN",0.756,0.329,0.312,0.165,0.176,0.595,0,0.002,0,0.178,0.215,0.449,0.496,0.111,0.136,0.636,0.239,0.255,0.25,0.043,0.211,0.181,0.185,0.558,0.15,"2015",FALSE,0,0,30,FALSE
"350","Kyle O'Quinn","PF",0.571,"ORL",0.622,0.207,0.233,0.115,0.111,0.656,0.03,0.049,0.279,0.111,0.112,0.538,0.574,0.058,0.059,0.772,0.088,0.152,0.13,0.051,0.126,0.104,0.119,0.296,0.104,"2015",FALSE,0,0,25,FALSE
"351","Victor Oladipo","SG",0.524,"ORL",0.878,0.866,0.728,0.457,0.5,0.581,0.209,0.28,0.339,0.405,0.473,0.464,0.527,0.347,0.329,0.819,0.098,0.249,0.197,0.253,0.488,0.051,0.44,0.504,0.456,"2015",FALSE,0,0,25,FALSE
"352","Kelly Olynyk","C",0.548,"BOS",0.78,0.159,0.403,0.243,0.243,0.633,0.152,0.198,0.349,0.198,0.199,0.538,0.592,0.123,0.14,0.684,0.176,0.21,0.198,0.094,0.26,0.104,0.211,0.574,0.232,"2015",FALSE,0,0,40,FALSE
"354","Zaza Pachulia","C",0.714,"MIL",0.89,0.549,0.49,0.232,0.243,0.605,0,0.003,0,0.25,0.297,0.456,0.504,0.167,0.165,0.788,0.377,0.301,0.327,0.153,0.325,0.056,0.287,0.458,0.214,"2015",FALSE,0,0,41,FALSE
"355","Kostas Papanikolaou","SF",0.571,"HOU",0.524,0.012,0.225,0.067,0.091,0.467,0.077,0.12,0.292,0.04,0.051,0.418,0.477,0.017,0.019,0.722,0.075,0.078,0.077,0.073,0.118,0.035,0.119,0.191,0.064,"2015",FALSE,0,0,56,FALSE
"356","Jannero Pargo","PG",0.833,"CHO",0.11,0,0.021,0.015,0.016,0.572,0.022,0.025,0.409,0.006,0.007,0.462,0.619,0.003,0.002,1,0,0.003,0.002,0.007,0,0,0.006,0.022,0.014,"2015",FALSE,0,0,33,FALSE
"357","Jabari Parker","PF",0.452,"MIL",0.305,0.305,0.209,0.125,0.121,0.653,0.01,0.018,0.25,0.13,0.139,0.506,0.553,0.061,0.068,0.697,0.096,0.087,0.09,0.036,0.126,0.013,0.101,0.113,0.109,"2015",FALSE,0,0,41,FALSE
"358","Tony Parker","PG",0.762,"SAS",0.829,0.829,0.553,0.391,0.383,0.648,0.095,0.1,0.427,0.381,0.419,0.493,0.564,0.172,0.171,0.783,0.029,0.113,0.084,0.288,0.179,0.005,0.315,0.291,0.345,"2015",FALSE,0,0,55,FALSE
"359","Chandler Parsons","SF",0.619,"DAL",0.805,0.805,0.619,0.37,0.382,0.616,0.328,0.392,0.38,0.261,0.272,0.521,0.602,0.184,0.199,0.72,0.122,0.257,0.211,0.138,0.28,0.051,0.207,0.377,0.366,"2015",FALSE,0,0,50,FALSE
"360","Patrick Patterson","PF",0.595,"TOR",0.988,0.049,0.61,0.232,0.246,0.599,0.261,0.319,0.371,0.14,0.142,0.536,0.608,0.083,0.082,0.788,0.243,0.304,0.283,0.133,0.244,0.117,0.116,0.402,0.229,"2015",FALSE,0,0,49,FALSE
"361","Chris Paul","PG",0.69,"LAC",1,1,0.809,0.549,0.538,0.647,0.346,0.394,0.398,0.446,0.463,0.523,0.606,0.382,0.33,0.9,0.099,0.322,0.246,0.72,0.634,0.04,0.409,0.547,0.552,"2015",FALSE,0,0.095,56,TRUE
"363","Elfrid Payton","PG",0.476,"ORL",1,0.768,0.705,0.291,0.326,0.567,0.027,0.047,0.262,0.302,0.376,0.435,0.481,0.156,0.22,0.551,0.205,0.24,0.228,0.458,0.577,0.053,0.438,0.52,0.258,"2015",FALSE,0,0,25,FALSE
"366","Paul Pierce","SF",0.881,"WAS",0.89,0.89,0.542,0.283,0.302,0.596,0.294,0.342,0.389,0.182,0.199,0.496,0.597,0.217,0.216,0.781,0.086,0.247,0.192,0.124,0.187,0.064,0.198,0.431,0.306,"2015",FALSE,0,0,46,FALSE
"367","Mason Plumlee","C",0.571,"BRK",1,0.549,0.493,0.271,0.225,0.764,0,0.003,0,0.291,0.274,0.576,0.637,0.208,0.326,0.495,0.335,0.335,0.335,0.064,0.264,0.168,0.228,0.558,0.253,"2015",FALSE,0,0,38,FALSE
"370","Otto Porter","SF",0.5,"WAS",0.902,0.159,0.405,0.17,0.18,0.6,0.087,0.117,0.337,0.147,0.162,0.491,0.55,0.077,0.081,0.734,0.134,0.15,0.144,0.056,0.179,0.08,0.112,0.261,0.157,"2015",FALSE,0,0,46,FALSE
"372","Phil Pressey","PG",0.548,"BOS",0.61,0,0.17,0.062,0.08,0.491,0.04,0.073,0.246,0.05,0.061,0.44,0.46,0.044,0.05,0.673,0.025,0.067,0.052,0.101,0.122,0.016,0.088,0.146,0.062,"2015",FALSE,0,0,40,FALSE
"374","Ronnie Price","PG",0.738,"LAL",0.524,0.244,0.278,0.074,0.103,0.46,0.077,0.123,0.284,0.048,0.064,0.404,0.461,0.048,0.046,0.8,0.036,0.05,0.045,0.142,0.272,0.011,0.112,0.318,0.078,"2015",FALSE,0,0,21,FALSE
"380","Zach Randolph","PF",0.786,"MEM",0.866,0.866,0.652,0.439,0.429,0.649,0.017,0.023,0.35,0.465,0.514,0.49,0.546,0.302,0.307,0.765,0.43,0.518,0.488,0.131,0.28,0.037,0.336,0.472,0.404,"2015",FALSE,0,0,55,FALSE
"381","J.J. Redick","SG",0.714,"LAC",0.951,0.951,0.682,0.432,0.432,0.636,0.498,0.517,0.437,0.257,0.271,0.515,0.648,0.242,0.209,0.901,0.042,0.144,0.109,0.118,0.159,0.021,0.205,0.361,0.451,"2015",FALSE,0,0,56,FALSE
"382","Glen Rice","SG",0.571,"WAS",0.061,0,0.012,0.003,0.007,0.267,0.002,0.008,0.143,0.002,0.005,0.25,0.259,0.005,0.006,0.667,0.004,0.002,0.003,0.002,0,0,0.004,0.03,0.004,"2015",FALSE,0,0,46,FALSE
"383","Jason Richardson","SG",0.81,"PHI",0.232,0.183,0.118,0.06,0.082,0.464,0.077,0.108,0.323,0.032,0.046,0.378,0.483,0.022,0.023,0.773,0.025,0.053,0.043,0.033,0.053,0.008,0.034,0.075,0.061,"2015",FALSE,0,0,18,FALSE
"384","Luke Ridnour","PG",0.786,"ORL",0.573,0,0.193,0.073,0.081,0.568,0.05,0.071,0.317,0.057,0.064,0.487,0.537,0.024,0.022,0.857,0.015,0.06,0.044,0.082,0.081,0.011,0.082,0.181,0.066,"2015",FALSE,0,0,25,FALSE
"386","Andre Roberson","SG",0.548,"OKC",0.817,0.793,0.364,0.089,0.092,0.611,0.052,0.096,0.247,0.074,0.065,0.612,0.567,0.03,0.049,0.479,0.115,0.194,0.167,0.06,0.215,0.077,0.099,0.38,0.081,"2015",FALSE,0,0,45,FALSE
"387","Brian Roberts","PG",0.69,"CHO",0.878,0.122,0.376,0.17,0.208,0.519,0.154,0.218,0.321,0.119,0.146,0.44,0.509,0.087,0.076,0.892,0.025,0.095,0.071,0.139,0.134,0.016,0.123,0.202,0.169,"2015",FALSE,0,0,33,FALSE
"392","Derrick Rose","PG",0.619,"CHI",0.622,0.622,0.433,0.327,0.384,0.54,0.189,0.306,0.28,0.273,0.318,0.465,0.5,0.201,0.192,0.813,0.067,0.125,0.105,0.216,0.146,0.043,0.347,0.17,0.319,"2015",FALSE,0,0,50,FALSE
"393","Terrence Ross","SF",0.548,"TOR",1,0.744,0.592,0.299,0.347,0.547,0.361,0.44,0.372,0.171,0.205,0.452,0.563,0.058,0.058,0.786,0.061,0.193,0.148,0.074,0.215,0.066,0.149,0.367,0.285,"2015",FALSE,0,0,49,FALSE
"394","Ricky Rubio","PG",0.571,"MIN",0.268,0.268,0.196,0.075,0.101,0.475,0.032,0.058,0.255,0.068,0.095,0.387,0.429,0.075,0.073,0.803,0.036,0.105,0.082,0.166,0.154,0.003,0.138,0.159,0.08,"2015",FALSE,0,0,16,FALSE
"395","Damjan Rudez","SF",0.667,"IND",0.829,0.024,0.296,0.115,0.121,0.603,0.172,0.192,0.406,0.052,0.052,0.538,0.649,0.021,0.024,0.696,0.015,0.039,0.031,0.046,0.065,0.013,0.101,0.213,0.114,"2015",FALSE,0,0,38,FALSE
"396","Brandon Rush","SG",0.69,"GSW",0.402,0,0.077,0.011,0.025,0.272,0.007,0.03,0.111,0.008,0.015,0.296,0.257,0.007,0.011,0.455,0.008,0.037,0.027,0.01,0.02,0.032,0.024,0.073,0.011,"2015",FALSE,0,0,67,FALSE
"397","Robert Sacre","C",0.595,"LAL",0.817,0.22,0.321,0.122,0.141,0.549,0,0.001,0,0.131,0.172,0.413,0.458,0.073,0.084,0.671,0.17,0.143,0.152,0.047,0.114,0.114,0.078,0.326,0.108,"2015",FALSE,0,0,21,FALSE
"398","John Salmons","SF",0.833,"NOP",0.256,0,0.076,0.015,0.022,0.444,0.02,0.029,0.308,0.008,0.012,0.364,0.463,0.003,0.004,0.5,0.008,0.017,0.014,0.011,0.037,0.011,0.011,0.067,0.015,"2015",FALSE,0,0,45,FALSE
"399","JaKarr Sampson","SF",0.5,"PHI",0.902,0.39,0.32,0.141,0.159,0.563,0.077,0.143,0.244,0.12,0.124,0.525,0.519,0.083,0.097,0.67,0.067,0.127,0.107,0.066,0.154,0.069,0.164,0.364,0.136,"2015",FALSE,0,0,18,FALSE
"401","Dennis Schroder","PG",0.5,"ATL",0.939,0.122,0.429,0.275,0.306,0.569,0.129,0.167,0.351,0.241,0.292,0.449,0.518,0.196,0.184,0.827,0.055,0.134,0.107,0.272,0.199,0.011,0.323,0.342,0.271,"2015",FALSE,0,0,60,FALSE
"402","Luis Scola","PF",0.81,"IND",0.988,0.195,0.47,0.29,0.295,0.623,0.012,0.023,0.25,0.307,0.351,0.474,0.523,0.209,0.233,0.699,0.264,0.385,0.344,0.09,0.191,0.048,0.203,0.518,0.269,"2015",FALSE,0,0,38,FALSE
"403","Mike Scott","PF",0.619,"ATL",0.829,0,0.318,0.194,0.208,0.592,0.164,0.217,0.344,0.14,0.147,0.517,0.574,0.081,0.079,0.792,0.086,0.153,0.13,0.064,0.102,0.008,0.084,0.224,0.187,"2015",FALSE,0,0,60,FALSE
"404","Thabo Sefolosha","SF",0.714,"ATL",0.634,0.085,0.276,0.101,0.115,0.557,0.062,0.088,0.321,0.082,0.096,0.462,0.52,0.06,0.06,0.776,0.101,0.169,0.146,0.064,0.215,0.056,0.082,0.181,0.098,"2015",FALSE,0,0,60,FALSE
"405","Kevin Seraphin","C",0.595,"WAS",0.963,0,0.35,0.223,0.207,0.684,0,0.002,0,0.24,0.253,0.516,0.57,0.077,0.084,0.707,0.166,0.2,0.188,0.051,0.041,0.157,0.211,0.531,0.184,"2015",FALSE,0,0,46,FALSE
"409","Henry Sims","C",0.571,"PHI",0.89,0.39,0.396,0.23,0.231,0.632,0.01,0.025,0.182,0.243,0.271,0.488,0.531,0.14,0.141,0.774,0.231,0.236,0.235,0.068,0.159,0.08,0.213,0.364,0.207,"2015",FALSE,0,0,18,FALSE
"411","Donald Sloan","PG",0.643,"IND",0.646,0.256,0.313,0.14,0.163,0.544,0.102,0.148,0.313,0.108,0.126,0.464,0.518,0.079,0.079,0.779,0.023,0.13,0.093,0.163,0.093,0,0.14,0.127,0.138,"2015",FALSE,0,0,38,FALSE
"412","Marcus Smart","PG",0.476,"BOS",0.817,0.463,0.512,0.169,0.22,0.489,0.226,0.307,0.335,0.087,0.116,0.41,0.513,0.108,0.131,0.646,0.117,0.16,0.145,0.179,0.402,0.048,0.194,0.474,0.185,"2015",FALSE,0,0,40,FALSE
"416","Jason Smith","C",0.667,"NYK",1,0.378,0.505,0.249,0.272,0.579,0.037,0.047,0.357,0.252,0.31,0.44,0.497,0.168,0.157,0.83,0.187,0.224,0.212,0.12,0.13,0.117,0.224,0.553,0.232,"2015",FALSE,0,0,17,FALSE
"419","Tony Snell","SF",0.548,"CHI",0.878,0.268,0.4,0.154,0.171,0.572,0.182,0.222,0.371,0.089,0.098,0.494,0.586,0.058,0.057,0.8,0.059,0.144,0.115,0.053,0.13,0.029,0.103,0.232,0.154,"2015",FALSE,0,0,50,FALSE
"420","Marreese Speights","C",0.643,"GSW",0.927,0.11,0.342,0.308,0.297,0.656,0.012,0.02,0.278,0.326,0.354,0.498,0.551,0.198,0.183,0.843,0.208,0.214,0.212,0.062,0.081,0.09,0.177,0.509,0.279,"2015",FALSE,0,0,67,FALSE
"422","Nik Stauskas","SG",0.5,"SAC",0.89,0.012,0.319,0.104,0.136,0.487,0.119,0.168,0.322,0.062,0.083,0.408,0.496,0.073,0.066,0.859,0.021,0.076,0.058,0.058,0.081,0.045,0.086,0.248,0.113,"2015",FALSE,0,0,29,FALSE
"423","Lance Stephenson","SG",0.571,"CHO",0.744,0.305,0.445,0.2,0.253,0.501,0.045,0.119,0.171,0.197,0.251,0.425,0.437,0.091,0.113,0.627,0.075,0.236,0.181,0.206,0.154,0.021,0.276,0.361,0.177,"2015",FALSE,0,0,33,FALSE
"425","David Stockton","PG",0.548,"SAC",0.037,0,0.009,0.002,0.003,0.444,0.002,0.002,0.5,0.001,0.002,0.25,0.463,0.004,0.006,0.5,0,0.002,0.001,0.008,0.008,0,0.009,0.003,0.003,"2015",FALSE,0,0,29,FALSE
"428","Rodney Stuckey","PG",0.667,"IND",0.866,0.439,0.53,0.321,0.347,0.587,0.137,0.159,0.39,0.288,0.346,0.452,0.53,0.234,0.222,0.819,0.069,0.211,0.162,0.188,0.228,0.027,0.254,0.353,0.316,"2015",FALSE,0,0,38,FALSE
"429","Jared Sullinger","PF",0.524,"BOS",0.707,0.598,0.443,0.301,0.326,0.585,0.129,0.208,0.283,0.27,0.296,0.494,0.529,0.127,0.133,0.744,0.281,0.292,0.288,0.115,0.179,0.112,0.168,0.412,0.272,"2015",FALSE,0,0,40,FALSE
"430","Jeffery Taylor","SF",0.595,"CHO",0.354,0.159,0.122,0.044,0.052,0.527,0.027,0.041,0.306,0.035,0.044,0.436,0.492,0.034,0.042,0.634,0.027,0.039,0.035,0.019,0.049,0.003,0.041,0.097,0.045,"2015",FALSE,0,0,33,FALSE
"431","Jeff Teague","PG",0.619,"ATL",0.89,0.878,0.631,0.395,0.408,0.613,0.177,0.234,0.343,0.351,0.384,0.496,0.556,0.364,0.328,0.862,0.057,0.153,0.12,0.441,0.508,0.082,0.442,0.375,0.41,"2015",FALSE,0,0,60,FALSE
"432","Mirza Teletovic","PF",0.69,"BRK",0.488,0.049,0.252,0.118,0.147,0.509,0.154,0.218,0.321,0.062,0.071,0.476,0.533,0.044,0.047,0.717,0.052,0.166,0.127,0.04,0.057,0.043,0.114,0.199,0.12,"2015",FALSE,0,0,38,FALSE
"433","Sebastian Telfair","PG",0.69,"OKC",0.195,0.012,0.093,0.044,0.058,0.491,0.045,0.068,0.3,0.029,0.037,0.431,0.489,0.032,0.035,0.706,0.004,0.028,0.02,0.039,0.041,0,0.039,0.078,0.047,"2015",FALSE,0,0,45,FALSE
"434","Garrett Temple","SG",0.667,"WAS",0.634,0.22,0.208,0.066,0.078,0.533,0.082,0.099,0.375,0.036,0.046,0.427,0.552,0.046,0.049,0.729,0.046,0.066,0.059,0.048,0.171,0.024,0.073,0.205,0.072,"2015",FALSE,0,0,46,FALSE
"435","Jason Terry","SG",0.881,"HOU",0.939,0.22,0.464,0.182,0.205,0.563,0.313,0.365,0.39,0.065,0.069,0.504,0.626,0.052,0.049,0.813,0.029,0.105,0.079,0.126,0.268,0.051,0.159,0.313,0.191,"2015",FALSE,0,0,56,FALSE
"438","Malcolm Thomas","PF",0.619,"PHI",0.207,0,0.055,0.017,0.018,0.6,0,0.008,0,0.019,0.019,0.545,0.5,0.012,0.013,0.692,0.031,0.04,0.037,0.006,0.012,0.003,0.028,0.046,0.016,"2015",FALSE,0,0,18,FALSE
"440","Hollis Thompson","SG",0.548,"PHI",0.866,0.28,0.503,0.217,0.25,0.551,0.286,0.324,0.401,0.113,0.144,0.426,0.576,0.083,0.092,0.708,0.101,0.144,0.129,0.073,0.232,0.069,0.142,0.38,0.221,"2015",FALSE,0,0,18,FALSE
"441","Jason Thompson","PF",0.667,"SAC",0.988,0.768,0.564,0.194,0.197,0.627,0,0.001,0,0.209,0.241,0.471,0.522,0.118,0.147,0.622,0.266,0.388,0.346,0.073,0.134,0.152,0.181,0.644,0.173,"2015",FALSE,0,0,29,FALSE
"442","Klay Thompson","SG",0.571,"GSW",0.939,0.939,0.695,0.582,0.598,0.617,0.595,0.615,0.439,0.378,0.425,0.481,0.617,0.298,0.263,0.879,0.052,0.218,0.161,0.191,0.354,0.16,0.321,0.329,0.589,"2015",FALSE,0,0.001,67,TRUE
"446","P.J. Tucker","SF",0.69,"PHO",0.951,0.768,0.674,0.252,0.274,0.584,0.216,0.284,0.345,0.181,0.194,0.506,0.568,0.138,0.147,0.727,0.218,0.385,0.328,0.105,0.435,0.061,0.207,0.482,0.252,"2015",FALSE,0,0,39,FALSE
"448","Hedo Turkoglu","SF",0.833,"LAC",0.756,0.024,0.2,0.08,0.087,0.588,0.149,0.157,0.432,0.024,0.028,0.469,0.668,0.008,0.011,0.545,0.01,0.093,0.065,0.032,0.077,0.019,0.062,0.178,0.082,"2015",FALSE,0,0,56,FALSE
"449","Evan Turner","SG",0.619,"BOS",1,0.695,0.64,0.309,0.343,0.572,0.082,0.134,0.277,0.299,0.354,0.458,0.501,0.14,0.145,0.752,0.076,0.374,0.273,0.386,0.337,0.051,0.427,0.485,0.275,"2015",FALSE,0,0,40,FALSE
"451","Beno Udrih","PG",0.762,"MEM",0.963,0.146,0.423,0.238,0.232,0.649,0.065,0.109,0.268,0.229,0.23,0.539,0.57,0.115,0.105,0.853,0.038,0.122,0.093,0.189,0.187,0.021,0.192,0.237,0.214,"2015",FALSE,0,0,55,FALSE
"452","Jonas Valanciunas","C",0.524,"TOR",0.976,0.976,0.593,0.361,0.3,0.763,0,0.001,0,0.388,0.367,0.573,0.636,0.287,0.284,0.786,0.411,0.475,0.453,0.034,0.134,0.253,0.235,0.598,0.34,"2015",FALSE,0,0,49,FALSE
"453","Anderson Varejao","C",0.762,"CLE",0.317,0.317,0.18,0.107,0.092,0.74,0,0.002,0,0.116,0.112,0.561,0.617,0.044,0.046,0.733,0.109,0.112,0.111,0.03,0.077,0.043,0.075,0.156,0.09,"2015",FALSE,0,0,53,FALSE
"454","Greivis Vasquez","PG",0.667,"TOR",1,0.354,0.564,0.286,0.334,0.544,0.331,0.396,0.379,0.17,0.211,0.436,0.556,0.066,0.068,0.758,0.042,0.193,0.141,0.259,0.187,0.027,0.256,0.477,0.274,"2015",FALSE,0,0,49,FALSE
"455","Charlie Villanueva","PF",0.714,"DAL",0.78,0.012,0.192,0.145,0.167,0.552,0.206,0.249,0.376,0.07,0.08,0.475,0.588,0.026,0.036,0.571,0.057,0.118,0.097,0.016,0.061,0.059,0.06,0.173,0.142,"2015",FALSE,0,0,50,FALSE
"456","Noah Vonleh","PF",0.452,"CHO",0.305,0,0.073,0.029,0.035,0.527,0.012,0.015,0.385,0.026,0.036,0.397,0.476,0.024,0.027,0.692,0.054,0.058,0.056,0.003,0.016,0.024,0.024,0.054,0.029,"2015",FALSE,0,0,33,FALSE
"457","Nikola Vucevic","C",0.571,"ORL",0.902,0.902,0.716,0.61,0.555,0.697,0.005,0.007,0.333,0.655,0.677,0.524,0.582,0.217,0.224,0.752,0.455,0.568,0.529,0.126,0.22,0.144,0.319,0.593,0.504,"2015",FALSE,0,0,25,FALSE
"458","Dwyane Wade","SG",0.786,"MIA",0.756,0.756,0.558,0.492,0.499,0.627,0.072,0.115,0.284,0.499,0.554,0.489,0.537,0.376,0.381,0.768,0.111,0.16,0.143,0.257,0.297,0.056,0.45,0.283,0.47,"2015",FALSE,0,0,37,FALSE
"460","Henry Walker","SF",0.643,"MIA",0.293,0.159,0.178,0.056,0.077,0.46,0.112,0.149,0.341,0.014,0.02,0.361,0.532,0.019,0.019,0.778,0.013,0.074,0.054,0.025,0.098,0.024,0.052,0.205,0.062,"2015",FALSE,0,0,37,FALSE
"461","Kemba Walker","PG",0.571,"CHO",0.756,0.707,0.6,0.366,0.451,0.513,0.211,0.316,0.304,0.305,0.395,0.418,0.477,0.31,0.291,0.827,0.067,0.184,0.144,0.273,0.362,0.082,0.216,0.248,0.38,"2015",FALSE,0,0,33,FALSE
"462","John Wall","PG",0.571,"WAS",0.963,0.963,0.803,0.502,0.537,0.593,0.162,0.245,0.3,0.472,0.535,0.478,0.526,0.376,0.372,0.785,0.069,0.328,0.239,0.68,0.561,0.12,0.655,0.485,0.49,"2015",FALSE,0,0,46,FALSE
"463","Gerald Wallace","SF",0.762,"BOS",0.39,0,0.081,0.014,0.016,0.549,0.002,0.003,0.333,0.014,0.017,0.419,0.473,0.008,0.015,0.4,0.033,0.04,0.037,0.009,0.061,0.011,0.039,0.051,0.012,"2015",FALSE,0,0,40,FALSE
"464","T.J. Warren","SF",0.5,"PHO",0.488,0.012,0.174,0.109,0.098,0.704,0.012,0.024,0.238,0.112,0.109,0.56,0.6,0.019,0.02,0.737,0.078,0.044,0.056,0.021,0.073,0.024,0.058,0.137,0.087,"2015",FALSE,0,0,39,FALSE
"465","C.J. Watson","PG",0.714,"IND",0.695,0.256,0.402,0.175,0.192,0.579,0.174,0.198,0.4,0.116,0.136,0.459,0.576,0.183,0.172,0.826,0.034,0.144,0.107,0.179,0.232,0.024,0.216,0.288,0.201,"2015",FALSE,0,0,38,FALSE
"467","Travis Wear","SF",0.571,"NYK",0.622,0.012,0.19,0.081,0.096,0.536,0.027,0.034,0.367,0.076,0.101,0.408,0.476,0.026,0.027,0.769,0.059,0.074,0.069,0.034,0.061,0.029,0.075,0.148,0.07,"2015",FALSE,0,0,17,FALSE
"468","Martell Webster","SF",0.667,"WAS",0.39,0,0.1,0.023,0.042,0.352,0.025,0.049,0.233,0.015,0.027,0.292,0.354,0.063,0.066,0.75,0.019,0.036,0.03,0.015,0.028,0.003,0.047,0.065,0.037,"2015",FALSE,0,0,46,FALSE
"469","David West","PF",0.81,"IND",0.805,0.805,0.536,0.312,0.316,0.628,0.01,0.023,0.2,0.332,0.376,0.479,0.527,0.157,0.166,0.739,0.207,0.339,0.293,0.192,0.195,0.128,0.259,0.431,0.272,"2015",FALSE,0,0,38,FALSE
"470","Russell Westbrook","PG",0.619,"OKC",0.817,0.817,0.652,0.606,0.677,0.568,0.214,0.325,0.299,0.563,0.667,0.457,0.506,0.722,0.673,0.835,0.237,0.361,0.319,0.493,0.569,0.037,0.631,0.496,0.666,"2015",FALSE,0,0.271,45,TRUE
"472","Shayne Whittington","PF",0.548,"IND",0.244,0,0.031,0.018,0.019,0.603,0.002,0.007,0.167,0.019,0.02,0.5,0.516,0.024,0.024,0.783,0.019,0.019,0.019,0.005,0.02,0.005,0.011,0.049,0.02,"2015",FALSE,0,0,38,FALSE
"473","Andrew Wiggins","SF",0.452,"MIN",1,1,0.84,0.481,0.523,0.583,0.097,0.142,0.31,0.477,0.57,0.453,0.504,0.468,0.479,0.76,0.256,0.238,0.244,0.146,0.35,0.133,0.381,0.512,0.49,"2015",FALSE,0,0,16,FALSE
"474","C.J. Wilcox","SG",0.571,"LAC",0.256,0,0.029,0.015,0.017,0.561,0.017,0.021,0.368,0.009,0.011,0.474,0.57,0.003,0.002,1,0.002,0.006,0.005,0.007,0.012,0.003,0.022,0.019,0.014,"2015",FALSE,0,0,56,FALSE
"475","Deron Williams","PG",0.714,"BRK",0.829,0.671,0.598,0.288,0.355,0.516,0.216,0.267,0.367,0.22,0.301,0.395,0.492,0.266,0.248,0.834,0.055,0.207,0.155,0.385,0.26,0.045,0.332,0.423,0.312,"2015",FALSE,0,0,38,FALSE
"476","Derrick Williams","PF",0.548,"SAC",0.902,0.073,0.414,0.21,0.223,0.596,0.122,0.176,0.314,0.175,0.186,0.511,0.553,0.177,0.202,0.684,0.078,0.16,0.132,0.043,0.138,0.011,0.121,0.181,0.218,"2015",FALSE,0,0,29,FALSE
"478","Lou Williams","SG",0.667,"TOR",0.976,0,0.571,0.363,0.427,0.539,0.378,0.505,0.34,0.232,0.271,0.464,0.54,0.45,0.406,0.861,0.046,0.126,0.099,0.141,0.358,0.027,0.218,0.278,0.439,"2015",FALSE,0,0,49,FALSE
"479","Marvin Williams","PF",0.667,"CHO",0.951,0.451,0.576,0.203,0.228,0.565,0.236,0.299,0.358,0.12,0.13,0.5,0.578,0.082,0.09,0.713,0.111,0.326,0.252,0.086,0.28,0.096,0.129,0.394,0.204,"2015",FALSE,0,0,33,FALSE
"481","Reggie Williams","SF",0.667,"SAS",0.244,0,0.03,0.015,0.018,0.513,0.007,0.021,0.158,0.012,0.011,0.6,0.47,0.005,0.004,1,0.01,0.012,0.011,0.009,0.004,0,0.004,0.032,0.013,"2015",FALSE,0,0,55,FALSE
"486","Dorell Wright","SF",0.69,"POR",0.585,0.024,0.168,0.07,0.087,0.505,0.102,0.122,0.38,0.032,0.046,0.378,0.541,0.045,0.043,0.81,0.027,0.096,0.073,0.035,0.081,0.029,0.039,0.148,0.077,"2015",FALSE,0,0,51,FALSE
"487","Tony Wroten","PG",0.5,"PHI",0.366,0.183,0.253,0.169,0.2,0.537,0.092,0.16,0.261,0.144,0.165,0.473,0.496,0.159,0.185,0.667,0.042,0.064,0.056,0.135,0.195,0.021,0.244,0.194,0.179,"2015",FALSE,0,0,18,FALSE
"488","James Young","SG",0.452,"BOS",0.378,0,0.094,0.035,0.047,0.471,0.042,0.074,0.258,0.02,0.02,0.528,0.484,0.021,0.03,0.552,0.017,0.033,0.027,0.011,0.033,0.005,0.011,0.059,0.037,"2015",FALSE,0,0,40,FALSE
"489","Nick Young","SG",0.69,"LAL",0.512,0,0.283,0.168,0.219,0.488,0.206,0.254,0.369,0.095,0.142,0.363,0.503,0.175,0.152,0.892,0.033,0.078,0.063,0.035,0.093,0.029,0.095,0.224,0.199,"2015",FALSE,0,0,21,FALSE
"491","Cody Zeller","C",0.524,"CHO",0.756,0.549,0.421,0.166,0.172,0.615,0.002,0.001,1,0.178,0.21,0.46,0.513,0.168,0.169,0.774,0.185,0.263,0.237,0.086,0.138,0.13,0.134,0.42,0.167,"2015",FALSE,0,0,33,FALSE
"  1","Quincy Acy","PF",0.595,"SAC",0.72,0.354,0.248,0.115,0.098,0.741,0.047,0.055,0.388,0.104,0.093,0.606,0.667,0.066,0.07,0.735,0.124,0.122,0.123,0.023,0.118,0.064,0.058,0.278,0.108,"2016",FALSE,0,0,33,FALSE
"  2","Jordan Adams","SG",0.5,"MEM",0.024,0,0.004,0.002,0.003,0.444,0,0.001,0,0.002,0.003,0.4,0.37,0.004,0.005,0.6,0,0.002,0.001,0.003,0.012,0,0.004,0.005,0.002,"2016",FALSE,0,0,42,FALSE
"  4","Arron Afflalo","SG",0.714,"NYK",0.866,0.695,0.671,0.342,0.368,0.591,0.226,0.269,0.382,0.274,0.316,0.469,0.556,0.146,0.135,0.84,0.044,0.241,0.174,0.124,0.102,0.027,0.177,0.383,0.321,"2016",FALSE,0,0,32,FALSE
"  5","Alexis Ajinca","C",0.643,"NOP",0.72,0.207,0.244,0.145,0.145,0.635,0,0.001,0,0.156,0.177,0.478,0.529,0.069,0.064,0.839,0.143,0.193,0.176,0.027,0.077,0.096,0.116,0.361,0.124,"2016",FALSE,0,0,30,FALSE
"  7","LaMarcus Aldridge","PF",0.714,"SAS",0.902,0.902,0.64,0.518,0.481,0.684,0,0.018,0,0.558,0.58,0.521,0.57,0.343,0.311,0.858,0.337,0.453,0.413,0.095,0.154,0.215,0.213,0.407,0.47,"2016",FALSE,0,0,67,FALSE
" 10","Tony Allen","SG",0.81,"MEM",0.78,0.695,0.459,0.208,0.216,0.611,0.037,0.047,0.357,0.208,0.241,0.468,0.527,0.119,0.142,0.652,0.199,0.191,0.193,0.06,0.447,0.048,0.168,0.472,0.189,"2016",FALSE,0,0,42,FALSE
" 11","Al-Farouq Aminu","SF",0.595,"POR",1,1,0.663,0.289,0.331,0.555,0.313,0.394,0.361,0.18,0.209,0.468,0.559,0.152,0.16,0.737,0.187,0.398,0.326,0.119,0.293,0.141,0.259,0.461,0.296,"2016",FALSE,0,0,44,FALSE
" 14","Alan Anderson","SG",0.786,"WAS",0.159,0,0.054,0.02,0.027,0.475,0.03,0.042,0.324,0.009,0.012,0.409,0.509,0.015,0.015,0.733,0.002,0.026,0.018,0.012,0.016,0.003,0.004,0.067,0.023,"2016",FALSE,0,0,41,FALSE
" 15","James Anderson","SG",0.619,"SAC",0.622,0.183,0.204,0.065,0.082,0.501,0.057,0.097,0.267,0.046,0.052,0.478,0.49,0.029,0.03,0.759,0.025,0.072,0.056,0.035,0.085,0.037,0.091,0.146,0.063,"2016",FALSE,0,0,33,FALSE
" 16","Justin Anderson","SF",0.524,"DAL",0.671,0.11,0.183,0.069,0.081,0.541,0.055,0.094,0.265,0.051,0.052,0.533,0.521,0.058,0.057,0.8,0.034,0.113,0.086,0.025,0.077,0.066,0.052,0.121,0.073,"2016",FALSE,0,0,42,FALSE
" 17","Kyle Anderson","SF",0.524,"SAS",0.951,0.134,0.352,0.133,0.136,0.624,0.03,0.042,0.324,0.131,0.146,0.488,0.542,0.082,0.085,0.747,0.048,0.217,0.159,0.106,0.244,0.077,0.127,0.261,0.124,"2016",FALSE,0,0,67,FALSE
" 18","Ryan Anderson","PF",0.643,"NOP",0.805,0.085,0.568,0.384,0.428,0.569,0.326,0.404,0.366,0.277,0.322,0.466,0.553,0.263,0.235,0.873,0.25,0.263,0.259,0.063,0.154,0.066,0.194,0.294,0.397,"2016",FALSE,0,0,30,FALSE
" 19","Giannis Antetokounmpo","PG",0.5,"MIL",0.976,0.963,0.799,0.496,0.466,0.675,0.07,0.123,0.257,0.505,0.51,0.537,0.578,0.392,0.421,0.724,0.216,0.496,0.4,0.296,0.382,0.301,0.448,0.695,0.477,"2016",FALSE,0,0,33,FALSE
" 21","Carmelo Anthony","SF",0.738,"NYK",0.878,0.878,0.716,0.548,0.601,0.579,0.261,0.35,0.339,0.481,0.562,0.463,0.527,0.442,0.415,0.829,0.187,0.455,0.363,0.257,0.252,0.101,0.379,0.485,0.555,"2016",FALSE,0,0,32,FALSE
" 23","Keith Appling","PG",0.548,"ORL",0.061,0,0.008,0.002,0.004,0.333,0,0.003,0,0.002,0.003,0.4,0.278,0.003,0.002,1,0,0.001,0.001,0.001,0.004,0,0.006,0.013,0.002,"2016",FALSE,0,0,35,FALSE
" 24","Trevor Ariza","SF",0.714,"HOU",0.988,0.988,0.809,0.345,0.395,0.555,0.46,0.563,0.371,0.179,0.203,0.478,0.581,0.167,0.166,0.783,0.128,0.297,0.239,0.162,0.65,0.069,0.244,0.477,0.362,"2016",FALSE,0,0,41,FALSE
" 25","Darrell Arthur","PF",0.643,"DEN",0.854,0.195,0.429,0.214,0.225,0.603,0.112,0.132,0.385,0.183,0.21,0.473,0.553,0.053,0.055,0.755,0.164,0.206,0.192,0.082,0.215,0.128,0.142,0.499,0.186,"2016",FALSE,0,0,33,FALSE
" 28","Jeff Ayres","C",0.667,"LAC",0.207,0,0.03,0.012,0.011,0.696,0,0.001,0,0.012,0.012,0.545,0.58,0.008,0.006,1,0.008,0.018,0.014,0.004,0,0.008,0.013,0.049,0.011,"2016",FALSE,0,0,53,FALSE
" 29","Luke Babbitt","SF",0.619,"NOP",0.573,0.159,0.239,0.118,0.133,0.563,0.109,0.123,0.404,0.081,0.102,0.433,0.553,0.052,0.051,0.78,0.048,0.122,0.097,0.046,0.045,0.019,0.05,0.243,0.115,"2016",FALSE,0,0,30,FALSE
" 30","Cameron Bairstow","C",0.595,"CHI",0.22,0.024,0.029,0.013,0.018,0.433,0.002,0.006,0.2,0.012,0.02,0.343,0.376,0.009,0.008,0.875,0.008,0.024,0.018,0.005,0.008,0.008,0.009,0.051,0.012,"2016",FALSE,0,0,42,FALSE
" 31","Leandro Barbosa","SG",0.786,"GSW",0.829,0,0.305,0.165,0.17,0.616,0.097,0.124,0.355,0.137,0.147,0.508,0.572,0.069,0.064,0.839,0.054,0.088,0.076,0.07,0.179,0.027,0.114,0.288,0.153,"2016",FALSE,0,0,73,FALSE
" 32","J.J. Barea","PG",0.738,"DAL",0.902,0.195,0.472,0.307,0.327,0.595,0.249,0.293,0.385,0.226,0.254,0.481,0.573,0.098,0.099,0.771,0.05,0.125,0.099,0.259,0.106,0.005,0.244,0.296,0.285,"2016",FALSE,0,0,42,FALSE
" 33","Andrea Bargnani","C",0.714,"BRK",0.561,0,0.179,0.123,0.128,0.607,0.007,0.018,0.188,0.129,0.148,0.471,0.512,0.062,0.059,0.825,0.054,0.069,0.063,0.015,0.016,0.024,0.056,0.164,0.107,"2016",FALSE,0,0,21,FALSE
" 34","Harrison Barnes","SF",0.548,"GSW",0.805,0.72,0.578,0.285,0.291,0.621,0.204,0.242,0.383,0.222,0.236,0.508,0.59,0.135,0.138,0.761,0.147,0.246,0.212,0.101,0.167,0.027,0.123,0.367,0.273,"2016",FALSE,0,0,73,FALSE
" 35","Matt Barnes","SF",0.833,"MEM",0.927,0.549,0.62,0.255,0.319,0.508,0.296,0.418,0.322,0.151,0.182,0.449,0.519,0.147,0.142,0.804,0.161,0.334,0.275,0.14,0.317,0.152,0.261,0.631,0.268,"2016",FALSE,0,0,42,FALSE
" 36","Will Barton","SG",0.595,"DEN",1,0.012,0.666,0.411,0.452,0.576,0.279,0.367,0.345,0.326,0.371,0.476,0.543,0.286,0.276,0.806,0.113,0.414,0.311,0.174,0.289,0.104,0.3,0.396,0.416,"2016",FALSE,0,0,33,FALSE
" 37","Brandon Bass","PF",0.714,"LAL",0.805,0,0.38,0.168,0.146,0.732,0,0.002,0,0.181,0.178,0.552,0.61,0.165,0.152,0.845,0.199,0.18,0.186,0.064,0.134,0.146,0.091,0.337,0.167,"2016",FALSE,0,0,17,FALSE
" 38","Nicolas Batum","SF",0.643,"CHO",0.854,0.854,0.693,0.36,0.402,0.568,0.346,0.45,0.348,0.242,0.267,0.492,0.562,0.216,0.198,0.849,0.105,0.37,0.28,0.346,0.264,0.114,0.442,0.307,0.369,"2016",FALSE,0,0,48,FALSE
" 39","Jerryd Bayless","SG",0.643,"MIL",0.634,0.22,0.426,0.179,0.201,0.564,0.251,0.261,0.437,0.087,0.116,0.408,0.599,0.093,0.093,0.778,0.04,0.119,0.092,0.14,0.191,0.029,0.157,0.299,0.191,"2016",FALSE,0,0,33,FALSE
" 40","Aron Baynes","C",0.69,"DET",0.988,0.012,0.349,0.188,0.177,0.673,0,0.002,0,0.202,0.215,0.508,0.561,0.167,0.17,0.764,0.268,0.242,0.251,0.044,0.085,0.138,0.144,0.407,0.181,"2016",FALSE,0,0,44,FALSE
" 41","Kent Bazemore","SF",0.619,"ATL",0.915,0.829,0.59,0.309,0.334,0.588,0.271,0.344,0.357,0.22,0.237,0.502,0.574,0.163,0.155,0.815,0.054,0.349,0.248,0.147,0.398,0.101,0.297,0.474,0.308,"2016",FALSE,0,0,48,FALSE
" 42","Bradley Beal","SG",0.524,"WAS",0.671,0.427,0.483,0.347,0.368,0.599,0.261,0.306,0.387,0.264,0.298,0.481,0.572,0.179,0.181,0.767,0.078,0.146,0.123,0.139,0.22,0.029,0.241,0.315,0.338,"2016",FALSE,0,0,41,FALSE
" 43","Michael Beasley","PF",0.643,"HOU",0.244,0,0.103,0.103,0.094,0.696,0.007,0.01,0.333,0.108,0.111,0.531,0.588,0.05,0.05,0.776,0.055,0.069,0.064,0.014,0.045,0.024,0.052,0.105,0.09,"2016",FALSE,0,0,41,FALSE
" 44","Marco Belinelli","SG",0.69,"SAC",0.829,0.085,0.473,0.237,0.292,0.515,0.226,0.335,0.306,0.16,0.191,0.456,0.508,0.152,0.142,0.833,0.019,0.106,0.076,0.109,0.15,0.005,0.172,0.245,0.246,"2016",FALSE,0,0,33,FALSE
" 45","Anthony Bennett","PF",0.524,"TOR",0.232,0,0.024,0.008,0.012,0.395,0.007,0.016,0.214,0.005,0.007,0.385,0.391,0.012,0.01,0.9,0.011,0.017,0.015,0,0.02,0,0.009,0.022,0.01,"2016",FALSE,0,0,56,FALSE
" 46","Patrick Beverley","PG",0.643,"HOU",0.866,0.768,0.578,0.25,0.273,0.579,0.308,0.35,0.4,0.139,0.16,0.472,0.599,0.079,0.091,0.682,0.14,0.176,0.163,0.205,0.382,0.069,0.196,0.631,0.247,"2016",FALSE,0,0,41,FALSE
" 47","Bismack Biyombo","C",0.548,"TOR",1,0.268,0.512,0.151,0.133,0.723,0,0.001,0,0.162,0.162,0.544,0.602,0.188,0.233,0.628,0.348,0.47,0.428,0.025,0.077,0.354,0.153,0.606,0.16,"2016",FALSE,0,0,56,FALSE
" 48","Nemanja Bjelica","PF",0.643,"MIN",0.732,0,0.304,0.106,0.108,0.624,0.119,0.141,0.384,0.065,0.062,0.564,0.633,0.053,0.057,0.727,0.094,0.16,0.137,0.071,0.106,0.056,0.101,0.415,0.109,"2016",FALSE,0,0,29,FALSE
" 50","DeJuan Blair","C",0.619,"WAS",0.354,0,0.062,0.027,0.031,0.549,0,0.001,0,0.029,0.038,0.418,0.458,0.007,0.013,0.385,0.038,0.037,0.037,0.009,0.033,0.005,0.032,0.143,0.022,"2016",FALSE,0,0,41,FALSE
" 51","Steve Blake","PG",0.833,"DET",0.707,0.024,0.279,0.09,0.11,0.517,0.129,0.17,0.344,0.043,0.05,0.461,0.551,0.021,0.021,0.8,0.017,0.079,0.058,0.172,0.098,0.013,0.175,0.189,0.09,"2016",FALSE,0,0,44,FALSE
" 52","Eric Bledsoe","PG",0.619,"PHO",0.378,0.378,0.3,0.216,0.226,0.604,0.119,0.146,0.372,0.182,0.205,0.482,0.558,0.183,0.177,0.802,0.034,0.106,0.082,0.163,0.256,0.051,0.237,0.202,0.223,"2016",FALSE,0,0,23,FALSE
" 53","Bojan Bogdanovic","SF",0.619,"BRK",0.963,0.476,0.599,0.313,0.345,0.577,0.321,0.381,0.382,0.203,0.232,0.474,0.577,0.146,0.136,0.833,0.069,0.217,0.167,0.085,0.118,0.013,0.248,0.321,0.313,"2016",FALSE,0,0,21,FALSE
" 54","Andrew Bogut","C",0.738,"GSW",0.854,0.805,0.411,0.169,0.128,0.836,0.002,0.001,1,0.181,0.157,0.626,0.699,0.032,0.051,0.48,0.231,0.368,0.322,0.139,0.134,0.303,0.179,0.596,0.132,"2016",FALSE,0,0,73,FALSE
" 55","Matt Bonner","C",0.833,"SAS",0.366,0.024,0.058,0.028,0.026,0.679,0.037,0.038,0.441,0.015,0.013,0.609,0.711,0.004,0.004,0.75,0.006,0.024,0.018,0.008,0.024,0.003,0.006,0.043,0.027,"2016",FALSE,0,0,67,FALSE
" 56","Devin Booker","SG",0.452,"PHO",0.927,0.622,0.597,0.355,0.399,0.564,0.246,0.326,0.343,0.279,0.326,0.464,0.533,0.284,0.263,0.84,0.052,0.159,0.122,0.172,0.179,0.053,0.345,0.606,0.37,"2016",FALSE,0,0,23,FALSE
" 57","Trevor Booker","PF",0.667,"UTA",0.963,0.024,0.462,0.184,0.179,0.653,0.03,0.046,0.293,0.185,0.196,0.513,0.561,0.094,0.109,0.67,0.317,0.284,0.295,0.072,0.24,0.109,0.175,0.456,0.163,"2016",FALSE,0,0,40,FALSE
" 58","Chris Bosh","PF",0.738,"MIA",0.646,0.646,0.503,0.346,0.353,0.623,0.201,0.251,0.365,0.288,0.307,0.508,0.578,0.282,0.276,0.795,0.092,0.34,0.255,0.11,0.146,0.09,0.168,0.272,0.357,"2016",FALSE,0,0,48,FALSE
" 59","Avery Bradley","SG",0.595,"BOS",0.927,0.878,0.718,0.441,0.469,0.596,0.366,0.459,0.361,0.322,0.345,0.505,0.578,0.127,0.127,0.78,0.092,0.171,0.144,0.136,0.476,0.051,0.235,0.442,0.408,"2016",FALSE,0,0,48,FALSE
" 60","Elton Brand","C",0.857,"PHI",0.207,0.012,0.064,0.03,0.033,0.575,0,0.001,0,0.032,0.04,0.437,0.479,0.011,0.009,0.889,0.017,0.054,0.041,0.015,0.037,0.021,0.024,0.086,0.025,"2016",FALSE,0,0,10,FALSE
" 61","Corey Brewer","SF",0.69,"HOU",1,0.146,0.472,0.205,0.254,0.512,0.152,0.253,0.272,0.157,0.185,0.46,0.488,0.139,0.144,0.75,0.08,0.156,0.13,0.094,0.341,0.051,0.168,0.453,0.208,"2016",FALSE,0,0,41,FALSE
" 62","Aaron Brooks","PG",0.738,"CHI",0.841,0,0.314,0.182,0.216,0.535,0.164,0.209,0.357,0.127,0.16,0.43,0.523,0.065,0.066,0.766,0.04,0.079,0.066,0.155,0.122,0.027,0.177,0.356,0.173,"2016",FALSE,0,0,42,FALSE
" 63","Anthony Brown","SF",0.548,"LAL",0.354,0.134,0.17,0.038,0.058,0.413,0.05,0.079,0.286,0.02,0.032,0.339,0.432,0.022,0.021,0.85,0.017,0.061,0.046,0.016,0.057,0.013,0.032,0.092,0.041,"2016",FALSE,0,0,17,FALSE
" 64","Lorenzo Brown","PG",0.595,"PHO",0.098,0,0.017,0.008,0.012,0.427,0.002,0.009,0.125,0.007,0.01,0.412,0.378,0.004,0.004,0.75,0,0.007,0.005,0.009,0.012,0.003,0.019,0.011,0.007,"2016",FALSE,0,0,23,FALSE
" 65","Markel Brown","SG",0.571,"BRK",0.756,0.073,0.278,0.123,0.148,0.525,0.095,0.137,0.314,0.093,0.113,0.443,0.503,0.094,0.097,0.755,0.044,0.098,0.08,0.078,0.154,0.04,0.116,0.253,0.128,"2016",FALSE,0,0,21,FALSE
" 66","Kobe Bryant","SF",0.881,"LAL",0.805,0.805,0.527,0.385,0.512,0.477,0.331,0.527,0.285,0.276,0.364,0.41,0.463,0.307,0.289,0.826,0.078,0.205,0.161,0.158,0.252,0.035,0.278,0.31,0.41,"2016",FALSE,0,0,17,FALSE
" 68","Reggie Bullock","SF",0.571,"DET",0.451,0,0.121,0.042,0.045,0.585,0.055,0.06,0.415,0.022,0.025,0.467,0.612,0.019,0.015,0.933,0.027,0.054,0.044,0.023,0.041,0.005,0.017,0.078,0.043,"2016",FALSE,0,0,44,FALSE
" 69","Trey Burke","PG",0.548,"UTA",0.78,0,0.387,0.253,0.292,0.551,0.219,0.289,0.344,0.181,0.213,0.46,0.537,0.089,0.084,0.817,0.034,0.093,0.073,0.127,0.142,0.016,0.172,0.232,0.24,"2016",FALSE,0,0,40,FALSE
" 70","Alec Burks","SG",0.571,"UTA",0.378,0.037,0.226,0.132,0.154,0.547,0.08,0.089,0.405,0.109,0.144,0.412,0.509,0.14,0.145,0.752,0.031,0.092,0.071,0.054,0.073,0.011,0.11,0.191,0.145,"2016",FALSE,0,0,40,FALSE
" 71","Caron Butler","SF",0.833,"SAC",0.207,0.012,0.05,0.024,0.027,0.565,0.007,0.02,0.167,0.023,0.023,0.537,0.499,0.013,0.012,0.833,0.01,0.017,0.014,0.009,0.037,0.003,0.006,0.051,0.022,"2016",FALSE,0,0,33,FALSE
" 72","Jimmy Butler","SG",0.619,"CHI",0.817,0.817,0.7,0.455,0.476,0.605,0.159,0.231,0.312,0.422,0.468,0.489,0.539,0.522,0.489,0.832,0.151,0.277,0.234,0.276,0.447,0.114,0.284,0.334,0.494,"2016",FALSE,0,0,42,FALSE
" 73","Rasual Butler","SF",0.857,"SAS",0.561,0,0.122,0.047,0.048,0.628,0.037,0.055,0.306,0.035,0.031,0.618,0.603,0.015,0.016,0.688,0.006,0.053,0.037,0.021,0.053,0.061,0.017,0.03,0.044,"2016",FALSE,0,0,67,FALSE
" 75","Jose Calderon","PG",0.81,"NYK",0.878,0.878,0.573,0.202,0.209,0.612,0.209,0.229,0.414,0.13,0.142,0.496,0.613,0.056,0.049,0.875,0.042,0.206,0.15,0.256,0.256,0.019,0.188,0.364,0.192,"2016",FALSE,0,0,32,FALSE
" 76","Kentavious Caldwell-Pope","SG",0.524,"DET",0.927,0.927,0.789,0.39,0.442,0.56,0.284,0.416,0.309,0.301,0.333,0.489,0.532,0.245,0.235,0.811,0.134,0.211,0.184,0.119,0.447,0.045,0.226,0.45,0.39,"2016",FALSE,0,0,44,FALSE
" 77","Isaiah Canaan","SG",0.571,"PHI",0.939,0.476,0.556,0.251,0.332,0.48,0.438,0.547,0.363,0.087,0.134,0.354,0.536,0.198,0.185,0.833,0.038,0.153,0.114,0.118,0.228,0.032,0.196,0.358,0.299,"2016",FALSE,0,0,10,FALSE
" 78","Clint Capela","C",0.5,"HOU",0.939,0.427,0.416,0.223,0.183,0.776,0,0.001,0,0.24,0.223,0.583,0.647,0.106,0.217,0.379,0.371,0.298,0.323,0.04,0.24,0.245,0.129,0.512,0.191,"2016",FALSE,0,0,41,FALSE
" 79","DeMarre Carroll","SF",0.69,"TOR",0.317,0.268,0.222,0.102,0.124,0.519,0.114,0.133,0.39,0.061,0.086,0.388,0.527,0.04,0.051,0.6,0.059,0.09,0.08,0.023,0.179,0.016,0.06,0.17,0.101,"2016",FALSE,0,0,56,FALSE
" 80","Vince Carter","SG",0.929,"MEM",0.732,0.037,0.284,0.129,0.158,0.517,0.147,0.191,0.349,0.077,0.098,0.425,0.527,0.093,0.086,0.833,0.059,0.114,0.095,0.048,0.154,0.043,0.075,0.272,0.139,"2016",FALSE,0,0,42,FALSE
" 81","Michael Carter-Williams","PG",0.571,"MIL",0.659,0.451,0.467,0.243,0.255,0.603,0.037,0.062,0.273,0.246,0.282,0.472,0.518,0.14,0.167,0.654,0.092,0.226,0.18,0.241,0.325,0.109,0.33,0.437,0.22,"2016",FALSE,0,0,33,FALSE
" 82","Omri Casspi","PF",0.643,"SAC",0.841,0.256,0.532,0.289,0.286,0.641,0.279,0.309,0.409,0.195,0.196,0.537,0.634,0.136,0.164,0.648,0.111,0.35,0.268,0.082,0.228,0.045,0.203,0.415,0.287,"2016",FALSE,0,0,33,FALSE
" 83","Willie Cauley-Stein","C",0.524,"SAC",0.805,0.476,0.4,0.185,0.156,0.751,0,0.002,0,0.199,0.19,0.567,0.626,0.107,0.129,0.648,0.256,0.216,0.23,0.032,0.195,0.176,0.099,0.394,0.163,"2016",FALSE,0,0,33,FALSE
" 85","Tyson Chandler","C",0.786,"PHO",0.805,0.732,0.458,0.177,0.145,0.777,0,0.001,0,0.19,0.177,0.585,0.648,0.14,0.176,0.62,0.335,0.398,0.376,0.055,0.146,0.117,0.2,0.391,0.167,"2016",FALSE,0,0,23,FALSE
" 87","Ian Clark","SG",0.571,"GSW",0.805,0.012,0.164,0.086,0.093,0.588,0.075,0.095,0.357,0.061,0.067,0.5,0.572,0.037,0.035,0.824,0.025,0.055,0.044,0.055,0.069,0.035,0.093,0.156,0.083,"2016",FALSE,0,0,73,FALSE
" 89","Jordan Clarkson","SG",0.548,"LAL",0.963,0.963,0.722,0.459,0.505,0.577,0.276,0.361,0.347,0.379,0.439,0.468,0.537,0.217,0.21,0.804,0.178,0.218,0.205,0.165,0.358,0.019,0.291,0.453,0.433,"2016",FALSE,0,0,17,FALSE
" 90","Norris Cole","PG",0.643,"NOP",0.549,0.28,0.339,0.19,0.223,0.54,0.082,0.115,0.324,0.17,0.215,0.427,0.488,0.069,0.067,0.8,0.019,0.14,0.099,0.143,0.15,0.013,0.162,0.275,0.168,"2016",FALSE,0,0,30,FALSE
" 91","Darren Collison","PG",0.667,"SAC",0.902,0.183,0.628,0.365,0.357,0.648,0.216,0.245,0.401,0.302,0.315,0.519,0.602,0.257,0.233,0.858,0.054,0.14,0.11,0.273,0.309,0.011,0.28,0.383,0.365,"2016",FALSE,0,0,33,FALSE
" 92","Nick Collison","PF",0.833,"OKC",0.72,0.049,0.198,0.048,0.05,0.612,0,0.002,0,0.052,0.06,0.467,0.51,0.03,0.034,0.697,0.13,0.102,0.112,0.045,0.061,0.043,0.108,0.288,0.043,"2016",FALSE,0,0,55,FALSE
" 93","Mike Conley","PG",0.667,"MEM",0.683,0.683,0.498,0.284,0.32,0.563,0.194,0.243,0.363,0.225,0.271,0.449,0.531,0.253,0.236,0.834,0.05,0.137,0.107,0.294,0.272,0.043,0.181,0.27,0.303,"2016",FALSE,0,0,42,FALSE
" 94","Pat Connaughton","SG",0.548,"POR",0.415,0,0.04,0.013,0.023,0.353,0.012,0.024,0.238,0.008,0.016,0.286,0.351,0.007,0.005,1,0.021,0.021,0.021,0.009,0.008,0,0.022,0.016,0.013,"2016",FALSE,0,0,44,FALSE
" 95","Chris Copeland","PF",0.738,"MIL",0.293,0.012,0.044,0.016,0.023,0.444,0.025,0.041,0.278,0.007,0.008,0.467,0.479,0.008,0.007,0.857,0.002,0.009,0.007,0.009,0.008,0,0.013,0.046,0.018,"2016",FALSE,0,0,33,FALSE
" 97","DeMarcus Cousins","C",0.595,"SAC",0.793,0.793,0.636,0.581,0.613,0.601,0.174,0.237,0.333,0.553,0.633,0.473,0.53,0.63,0.682,0.718,0.302,0.585,0.488,0.184,0.411,0.245,0.537,0.636,0.617,"2016",FALSE,0,0,33,FALSE
" 98","Robert Covington","SF",0.595,"PHI",0.817,0.598,0.539,0.265,0.328,0.513,0.423,0.544,0.353,0.108,0.13,0.452,0.56,0.185,0.182,0.791,0.124,0.352,0.274,0.083,0.427,0.106,0.308,0.625,0.303,"2016",FALSE,0,0,10,FALSE
" 99","Allen Crabbe","SG",0.548,"POR",0.988,0.098,0.596,0.301,0.312,0.612,0.279,0.322,0.393,0.207,0.222,0.506,0.601,0.13,0.116,0.867,0.052,0.188,0.141,0.085,0.256,0.043,0.138,0.518,0.294,"2016",FALSE,0,0,44,FALSE
"100","Jamal Crawford","SG",0.833,"LAC",0.963,0.061,0.602,0.367,0.432,0.539,0.291,0.388,0.34,0.273,0.336,0.44,0.518,0.324,0.279,0.904,0.038,0.124,0.095,0.157,0.211,0.032,0.244,0.329,0.395,"2016",FALSE,0,0,53,FALSE
"101","Jae Crowder","SF",0.595,"BOS",0.89,0.89,0.653,0.348,0.374,0.591,0.303,0.41,0.336,0.248,0.254,0.529,0.576,0.259,0.246,0.82,0.134,0.301,0.244,0.116,0.512,0.093,0.179,0.534,0.367,"2016",FALSE,0,0,48,FALSE
"102","Dante Cunningham","SF",0.667,"NOP",0.976,0.561,0.558,0.18,0.19,0.601,0.137,0.196,0.316,0.136,0.134,0.55,0.576,0.075,0.084,0.695,0.109,0.178,0.154,0.066,0.171,0.088,0.088,0.466,0.171,"2016",FALSE,0,0,30,FALSE
"104","Seth Curry","PG",0.595,"SAC",0.537,0.11,0.196,0.099,0.103,0.607,0.124,0.125,0.45,0.054,0.064,0.46,0.63,0.06,0.056,0.833,0.017,0.051,0.039,0.058,0.089,0.008,0.078,0.111,0.106,"2016",FALSE,0,0,33,FALSE
"105","Stephen Curry","PG",0.643,"GSW",0.963,0.963,0.764,0.779,0.735,0.672,1,1,0.454,0.419,0.402,0.566,0.7,0.48,0.412,0.908,0.13,0.359,0.281,0.453,0.687,0.04,0.565,0.434,0.839,"2016",TRUE,131,1,73,TRUE
"106","Troy Daniels","SG",0.571,"CHO",0.524,0,0.135,0.086,0.086,0.635,0.147,0.138,0.484,0.031,0.037,0.462,0.704,0.007,0.009,0.556,0.013,0.05,0.037,0.018,0.045,0.008,0.052,0.108,0.085,"2016",FALSE,0,0,48,FALSE
"107","Anthony Davis","C",0.524,"NOP",0.744,0.744,0.613,0.542,0.523,0.657,0.087,0.122,0.324,0.546,0.58,0.511,0.564,0.431,0.442,0.758,0.249,0.494,0.41,0.1,0.317,0.332,0.261,0.399,0.523,"2016",FALSE,0,0,30,FALSE
"111","Bryce Dejean-Jones","SG",0.548,"NOP",0.171,0.134,0.079,0.027,0.032,0.541,0.03,0.036,0.375,0.017,0.021,0.432,0.548,0.015,0.022,0.524,0.015,0.04,0.031,0.013,0.041,0.005,0.024,0.046,0.028,"2016",FALSE,0,0,30,FALSE
"113","Matthew Dellavedova","PG",0.595,"CLE",0.927,0.171,0.528,0.2,0.235,0.54,0.244,0.27,0.41,0.113,0.153,0.401,0.557,0.075,0.068,0.864,0.063,0.128,0.106,0.29,0.179,0.024,0.25,0.48,0.201,"2016",FALSE,0,0,57,FALSE
"114","Luol Deng","PF",0.714,"MIA",0.902,0.89,0.678,0.328,0.343,0.607,0.219,0.289,0.344,0.261,0.276,0.513,0.571,0.192,0.198,0.755,0.207,0.333,0.29,0.12,0.301,0.077,0.175,0.329,0.322,"2016",FALSE,0,0,48,FALSE
"115","DeMar DeRozan","SG",0.619,"TOR",0.951,0.951,0.794,0.594,0.634,0.595,0.117,0.157,0.338,0.59,0.698,0.458,0.514,0.734,0.672,0.85,0.122,0.283,0.228,0.271,0.329,0.056,0.377,0.45,0.646,"2016",FALSE,0,0,56,FALSE
"116","Boris Diaw","PF",0.786,"SAS",0.927,0.049,0.392,0.195,0.176,0.703,0.062,0.078,0.362,0.184,0.177,0.564,0.622,0.074,0.078,0.737,0.111,0.174,0.152,0.151,0.106,0.056,0.209,0.275,0.171,"2016",FALSE,0,0,67,FALSE
"117","Gorgui Dieng","C",0.619,"MIN",1,0.476,0.628,0.298,0.266,0.709,0.015,0.023,0.3,0.314,0.315,0.54,0.597,0.271,0.255,0.827,0.3,0.425,0.382,0.123,0.382,0.255,0.302,0.59,0.292,"2016",FALSE,0,0,29,FALSE
"118","Spencer Dinwiddie","PG",0.524,"DET",0.146,0,0.045,0.018,0.025,0.469,0.002,0.011,0.1,0.019,0.025,0.409,0.401,0.025,0.034,0.576,0.008,0.013,0.011,0.019,0.012,0,0.015,0.054,0.02,"2016",FALSE,0,0,44,FALSE
"119","Toney Douglas","PG",0.69,"NOP",0.744,0.22,0.357,0.177,0.205,0.548,0.201,0.229,0.399,0.106,0.136,0.421,0.558,0.111,0.102,0.848,0.048,0.117,0.093,0.135,0.285,0.013,0.138,0.353,0.188,"2016",FALSE,0,0,30,FALSE
"120","Goran Dragic","PG",0.69,"MIA",0.878,0.878,0.669,0.403,0.403,0.636,0.159,0.231,0.312,0.367,0.378,0.527,0.57,0.159,0.17,0.727,0.103,0.221,0.181,0.36,0.289,0.045,0.399,0.507,0.359,"2016",FALSE,0,0,48,FALSE
"121","Andre Drummond","C",0.524,"DET",0.988,0.988,0.755,0.534,0.488,0.695,0.005,0.007,0.333,0.572,0.594,0.522,0.58,0.275,0.603,0.355,0.755,0.797,0.783,0.058,0.484,0.298,0.334,0.66,0.464,"2016",FALSE,0,0,44,FALSE
"122","Jared Dudley","PF",0.714,"WAS",0.988,0.5,0.594,0.225,0.224,0.637,0.249,0.269,0.42,0.138,0.14,0.534,0.646,0.095,0.101,0.735,0.103,0.23,0.187,0.146,0.305,0.048,0.172,0.512,0.225,"2016",FALSE,0,0,41,FALSE
"124","Tim Duncan","C",0.929,"SAS",0.744,0.732,0.435,0.208,0.203,0.651,0,0.002,0,0.224,0.248,0.49,0.542,0.122,0.135,0.702,0.22,0.33,0.292,0.14,0.191,0.207,0.194,0.337,0.184,"2016",FALSE,0,0,67,FALSE
"125","Mike Dunleavy","SF",0.833,"CHI",0.378,0.366,0.199,0.074,0.087,0.547,0.097,0.112,0.394,0.04,0.05,0.427,0.57,0.038,0.038,0.784,0.015,0.074,0.054,0.034,0.057,0.027,0.056,0.178,0.078,"2016",FALSE,0,0,42,FALSE
"126","Kevin Durant","SF",0.643,"OKC",0.878,0.878,0.73,0.675,0.636,0.673,0.463,0.543,0.387,0.533,0.508,0.569,0.637,0.591,0.512,0.898,0.086,0.54,0.385,0.31,0.28,0.226,0.539,0.369,0.716,"2016",FALSE,0,0.112,55,TRUE
"127","Cleanthony Early","SF",0.571,"NYK",0.207,0.024,0.044,0.012,0.018,0.4,0.01,0.017,0.267,0.008,0.014,0.32,0.389,0.004,0.004,0.75,0.008,0.022,0.017,0.005,0.008,0.008,0.019,0.043,0.011,"2016",FALSE,0,0,32,FALSE
"128","Jarell Eddie","SF",0.571,"WAS",0.317,0,0.042,0.019,0.03,0.411,0.037,0.053,0.319,0.005,0.01,0.278,0.47,0.011,0.008,1,0.004,0.021,0.015,0.004,0.02,0.003,0.002,0.013,0.022,"2016",FALSE,0,0,41,FALSE
"129","Wayne Ellington","SG",0.667,"BRK",0.927,0.5,0.457,0.211,0.258,0.519,0.239,0.302,0.358,0.127,0.165,0.416,0.527,0.071,0.065,0.857,0.038,0.153,0.114,0.071,0.195,0.013,0.097,0.221,0.207,"2016",FALSE,0,0,21,FALSE
"130","Monta Ellis","SG",0.714,"IND",0.988,0.988,0.774,0.422,0.47,0.569,0.216,0.318,0.309,0.363,0.417,0.472,0.522,0.214,0.212,0.786,0.08,0.227,0.177,0.329,0.61,0.098,0.438,0.469,0.396,"2016",FALSE,0,0,45,FALSE
"132","Tyler Ennis","PG",0.5,"MIL",0.561,0.085,0.185,0.081,0.086,0.599,0.032,0.044,0.333,0.074,0.083,0.48,0.538,0.033,0.035,0.735,0.025,0.062,0.049,0.082,0.102,0.003,0.099,0.173,0.073,"2016",FALSE,0,0,33,FALSE
"133","Jeremy Evans","SF",0.667,"DAL",0.366,0.024,0.071,0.025,0.022,0.723,0.01,0.018,0.25,0.023,0.018,0.688,0.648,0.02,0.022,0.714,0.021,0.043,0.035,0.002,0.024,0.024,0.015,0.051,0.025,"2016",FALSE,0,0,42,FALSE
"134","Tyreke Evans","SG",0.619,"NOP",0.305,0.305,0.217,0.132,0.145,0.577,0.082,0.096,0.388,0.107,0.129,0.45,0.54,0.098,0.096,0.796,0.038,0.108,0.084,0.141,0.13,0.021,0.157,0.178,0.134,"2016",FALSE,0,0,30,FALSE
"136","Kenneth Faried","PF",0.619,"DEN",0.817,0.78,0.479,0.338,0.288,0.744,0.002,0.002,0.5,0.362,0.352,0.558,0.62,0.18,0.228,0.613,0.449,0.344,0.38,0.068,0.13,0.16,0.196,0.456,0.295,"2016",FALSE,0,0,33,FALSE
"137","Jordan Farmar","PG",0.69,"MEM",0.146,0.122,0.082,0.041,0.046,0.56,0.04,0.051,0.356,0.027,0.031,0.473,0.556,0.013,0.01,1,0.008,0.021,0.016,0.032,0.061,0.005,0.039,0.059,0.039,"2016",FALSE,0,0,42,FALSE
"138","Derrick Favors","PF",0.571,"UTA",0.756,0.72,0.561,0.404,0.373,0.687,0,0.005,0,0.435,0.455,0.518,0.572,0.238,0.261,0.709,0.323,0.332,0.329,0.081,0.301,0.242,0.224,0.404,0.359,"2016",FALSE,0,0,40,FALSE
"139","Cristiano Felicio","C",0.548,"CHI",0.378,0.049,0.091,0.039,0.033,0.741,0,0.005,0,0.042,0.038,0.588,0.618,0.033,0.036,0.714,0.057,0.071,0.067,0.022,0.024,0.035,0.028,0.084,0.037,"2016",FALSE,0,0,42,FALSE
"140","Raymond Felton","PG",0.738,"DAL",0.976,0.378,0.62,0.268,0.314,0.541,0.149,0.24,0.282,0.226,0.265,0.463,0.5,0.197,0.181,0.847,0.069,0.22,0.169,0.244,0.276,0.04,0.261,0.38,0.269,"2016",FALSE,0,0,42,FALSE
"141","Evan Fournier","SF",0.548,"ORL",0.963,0.866,0.726,0.415,0.428,0.616,0.388,0.44,0.4,0.284,0.304,0.506,0.607,0.263,0.245,0.836,0.063,0.191,0.147,0.183,0.39,0.005,0.287,0.577,0.428,"2016",FALSE,0,0,35,FALSE
"146","Danilo Gallinari","SF",0.643,"DEN",0.646,0.646,0.521,0.278,0.322,0.547,0.216,0.27,0.364,0.208,0.26,0.434,0.524,0.496,0.444,0.868,0.099,0.227,0.184,0.116,0.171,0.051,0.166,0.235,0.366,"2016",FALSE,0,0,33,FALSE
"147","Langston Galloway","PG",0.571,"NYK",1,0.085,0.575,0.223,0.271,0.524,0.192,0.253,0.344,0.16,0.205,0.423,0.509,0.114,0.117,0.754,0.082,0.243,0.188,0.178,0.313,0.059,0.131,0.477,0.221,"2016",FALSE,0,0,32,FALSE
"148","Kevin Garnett","PF",0.929,"MIN",0.463,0.463,0.157,0.052,0.053,0.627,0,0.001,0,0.056,0.064,0.474,0.522,0.019,0.022,0.667,0.029,0.134,0.098,0.053,0.114,0.027,0.034,0.189,0.043,"2016",FALSE,0,0,29,FALSE
"149","Marc Gasol","C",0.738,"MEM",0.634,0.634,0.507,0.317,0.325,0.619,0.005,0.003,0.667,0.339,0.397,0.463,0.517,0.269,0.252,0.829,0.111,0.302,0.237,0.168,0.203,0.186,0.254,0.38,0.304,"2016",FALSE,0,0,42,FALSE
"150","Pau Gasol","C",0.833,"CHI",0.878,0.878,0.648,0.452,0.458,0.625,0.06,0.078,0.348,0.461,0.522,0.478,0.534,0.303,0.297,0.792,0.296,0.634,0.518,0.253,0.171,0.388,0.353,0.399,0.419,"2016",FALSE,0,0,42,FALSE
"151","Rudy Gay","SF",0.69,"SAC",0.854,0.854,0.673,0.451,0.463,0.617,0.184,0.243,0.344,0.408,0.447,0.495,0.556,0.262,0.261,0.78,0.197,0.351,0.298,0.103,0.407,0.136,0.3,0.496,0.425,"2016",FALSE,0,0,33,FALSE
"152","Alonzo Gee","SF",0.667,"NOP",0.89,0.463,0.462,0.128,0.117,0.691,0.042,0.068,0.283,0.12,0.11,0.59,0.612,0.058,0.068,0.667,0.115,0.184,0.16,0.062,0.256,0.035,0.119,0.456,0.115,"2016",FALSE,0,0,30,FALSE
"153","Paul George","SF",0.595,"IND",0.988,0.988,0.798,0.585,0.667,0.557,0.522,0.639,0.371,0.411,0.498,0.447,0.544,0.601,0.543,0.86,0.151,0.481,0.368,0.283,0.618,0.077,0.571,0.62,0.662,"2016",FALSE,0,0,45,FALSE
"154","Taj Gibson","PF",0.714,"CHI",0.89,0.671,0.548,0.254,0.23,0.701,0,0.003,0,0.274,0.28,0.529,0.584,0.134,0.15,0.692,0.394,0.296,0.329,0.091,0.191,0.205,0.168,0.485,0.221,"2016",FALSE,0,0,42,FALSE
"155","Manu Ginobili","SG",0.905,"SAS",0.707,0,0.321,0.191,0.2,0.604,0.174,0.202,0.391,0.132,0.144,0.496,0.592,0.12,0.115,0.813,0.05,0.119,0.095,0.152,0.268,0.029,0.213,0.267,0.196,"2016",FALSE,0,0,67,FALSE
"157","Drew Gooden","PF",0.81,"WAS",0.366,0,0.086,0.032,0.047,0.427,0.017,0.046,0.171,0.027,0.035,0.419,0.393,0.012,0.014,0.643,0.054,0.057,0.056,0.011,0.033,0.029,0.028,0.108,0.029,"2016",FALSE,0,0,41,FALSE
"158","Archie Goodwin","PG",0.5,"PHO",0.695,0.159,0.315,0.17,0.194,0.556,0.057,0.112,0.232,0.159,0.182,0.474,0.493,0.172,0.199,0.674,0.052,0.114,0.093,0.101,0.11,0.035,0.216,0.226,0.178,"2016",FALSE,0,0,23,FALSE
"159","Aaron Gordon","PF",0.476,"ORL",0.951,0.451,0.527,0.265,0.266,0.631,0.104,0.16,0.296,0.241,0.246,0.531,0.566,0.171,0.199,0.668,0.294,0.351,0.331,0.11,0.24,0.146,0.142,0.412,0.254,"2016",FALSE,0,0,35,FALSE
"160","Eric Gordon","SG",0.643,"NOP",0.549,0.537,0.419,0.223,0.254,0.557,0.281,0.332,0.384,0.123,0.146,0.457,0.579,0.147,0.129,0.888,0.019,0.088,0.065,0.104,0.175,0.037,0.157,0.264,0.242,"2016",FALSE,0,0,30,FALSE
"161","Marcin Gortat","C",0.738,"WAS",0.915,0.902,0.639,0.419,0.352,0.756,0,0.001,0,0.451,0.43,0.567,0.63,0.193,0.213,0.705,0.424,0.515,0.484,0.091,0.191,0.255,0.261,0.52,0.357,"2016",FALSE,0,0,41,FALSE
"162","Andrew Goudelock","PG",0.643,"HOU",0.098,0,0.014,0.009,0.009,0.6,0.002,0.01,0.111,0.008,0.006,0.727,0.528,0.004,0.004,0.75,0.002,0.001,0.001,0.003,0.024,0.005,0.015,0.011,0.008,"2016",FALSE,0,0,41,FALSE
"163","Jerami Grant","PF",0.5,"PHI",0.939,0.634,0.585,0.243,0.276,0.559,0.087,0.165,0.24,0.225,0.255,0.477,0.498,0.28,0.331,0.658,0.189,0.26,0.236,0.116,0.22,0.338,0.237,0.58,0.264,"2016",FALSE,0,0,10,FALSE
"164","Jerian Grant","PG",0.548,"NYK",0.927,0.073,0.358,0.149,0.18,0.525,0.055,0.113,0.22,0.137,0.164,0.454,0.469,0.127,0.127,0.78,0.044,0.119,0.093,0.152,0.203,0.027,0.188,0.261,0.15,"2016",FALSE,0,0,32,FALSE
"165","Danny Green","SG",0.667,"SAS",0.963,0.963,0.584,0.204,0.258,0.501,0.289,0.394,0.332,0.099,0.12,0.448,0.533,0.045,0.047,0.739,0.092,0.253,0.198,0.121,0.321,0.17,0.162,0.38,0.202,"2016",FALSE,0,0,67,FALSE
"166","Draymond Green","PF",0.595,"GSW",0.988,0.988,0.795,0.388,0.377,0.653,0.249,0.291,0.388,0.313,0.316,0.537,0.612,0.303,0.338,0.696,0.256,0.631,0.503,0.514,0.484,0.301,0.558,0.647,0.399,"2016",FALSE,0,0.038,73,TRUE
"168","Gerald Green","SG",0.714,"MIA",0.841,0.171,0.441,0.222,0.27,0.523,0.209,0.293,0.323,0.152,0.184,0.446,0.514,0.095,0.095,0.783,0.048,0.137,0.107,0.048,0.154,0.051,0.099,0.332,0.218,"2016",FALSE,0,0,48,FALSE
"169","JaMychal Green","PF",0.595,"MEM",0.951,0.183,0.409,0.222,0.228,0.62,0.037,0.051,0.333,0.224,0.254,0.478,0.533,0.136,0.141,0.752,0.266,0.232,0.244,0.058,0.187,0.088,0.179,0.509,0.204,"2016",FALSE,0,0,42,FALSE
"171","Blake Griffin","PF",0.619,"LAC",0.427,0.427,0.331,0.291,0.277,0.665,0.015,0.02,0.333,0.307,0.33,0.504,0.56,0.187,0.2,0.727,0.098,0.241,0.192,0.146,0.114,0.045,0.179,0.256,0.264,"2016",FALSE,0,0,53,FALSE
"172","Jorge Gutierrez","PG",0.643,"CHO",0.146,0,0.018,0.006,0.005,0.727,0,0.002,0,0.006,0.005,0.667,0.606,0.013,0.011,0.909,0,0.007,0.005,0.015,0.012,0,0.013,0.008,0.008,"2016",FALSE,0,0,48,FALSE
"174","Jordan Hamilton","SF",0.595,"NOP",0.134,0.049,0.086,0.047,0.053,0.563,0.032,0.051,0.289,0.037,0.04,0.507,0.531,0.019,0.022,0.667,0.023,0.05,0.041,0.021,0.033,0.008,0.037,0.065,0.044,"2016",FALSE,0,0,30,FALSE
"175","Tyler Hansbrough","PF",0.714,"CHO",0.537,0,0.097,0.031,0.033,0.601,0.005,0.003,0.667,0.031,0.038,0.441,0.517,0.05,0.067,0.585,0.076,0.049,0.058,0.007,0.049,0.019,0.026,0.148,0.037,"2016",FALSE,0,0,48,FALSE
"176","Tim Hardaway","SG",0.548,"ATL",0.622,0.012,0.245,0.11,0.122,0.573,0.119,0.16,0.338,0.069,0.069,0.537,0.579,0.066,0.058,0.893,0.013,0.078,0.056,0.044,0.085,0.019,0.05,0.129,0.115,"2016",FALSE,0,0,48,FALSE
"177","James Harden","SG",0.619,"HOU",1,1,0.885,0.687,0.744,0.585,0.587,0.742,0.359,0.493,0.541,0.494,0.569,0.952,0.861,0.86,0.12,0.435,0.327,0.526,0.565,0.136,0.806,0.617,0.839,"2016",FALSE,0,0.007,41,TRUE
"178","Maurice Harkless","SF",0.524,"POR",0.951,0.171,0.412,0.189,0.189,0.632,0.097,0.158,0.279,0.162,0.153,0.576,0.58,0.091,0.114,0.622,0.193,0.178,0.183,0.058,0.199,0.093,0.134,0.334,0.176,"2016",FALSE,0,0,44,FALSE
"179","Justin Harper","PF",0.619,"DET",0.061,0,0.01,0.004,0.005,0.533,0.01,0.01,0.444,0,0.001,0,0.667,0.001,0.002,0.5,0,0.001,0.001,0,0.004,0,0.004,0.008,0.005,"2016",FALSE,0,0,44,FALSE
"180","Montrezl Harrell","PF",0.524,"HOU",0.476,0.012,0.107,0.056,0.041,0.859,0,0.001,0,0.06,0.05,0.652,0.716,0.032,0.047,0.522,0.048,0.04,0.042,0.015,0.045,0.029,0.037,0.129,0.049,"2016",FALSE,0,0,41,FALSE
"181","Devin Harris","PG",0.762,"DAL",0.78,0,0.362,0.162,0.172,0.596,0.129,0.178,0.329,0.12,0.122,0.532,0.573,0.134,0.144,0.721,0.034,0.119,0.09,0.101,0.244,0.035,0.142,0.334,0.172,"2016",FALSE,0,0,42,FALSE
"182","Gary Harris","SG",0.5,"DEN",0.927,0.927,0.69,0.347,0.352,0.625,0.261,0.335,0.354,0.264,0.264,0.543,0.598,0.144,0.137,0.82,0.103,0.165,0.144,0.126,0.394,0.048,0.211,0.385,0.329,"2016",FALSE,0,0,33,FALSE
"185","Aaron Harrison","SG",0.5,"CHO",0.256,0,0.026,0.005,0.009,0.351,0.007,0.011,0.3,0.002,0.005,0.222,0.38,0.007,0.012,0.417,0.008,0.011,0.01,0.002,0.024,0,0.009,0.027,0.006,"2016",FALSE,0,0,48,FALSE
"186","Udonis Haslem","PF",0.833,"MIA",0.451,0,0.074,0.022,0.028,0.503,0.002,0.01,0.111,0.023,0.029,0.423,0.428,0.016,0.016,0.75,0.019,0.065,0.049,0.012,0.02,0.005,0.011,0.067,0.021,"2016",FALSE,0,0,48,FALSE
"187","Spencer Hawes","PF",0.643,"CHO",0.695,0.073,0.293,0.12,0.141,0.54,0.095,0.115,0.373,0.089,0.115,0.422,0.519,0.071,0.067,0.831,0.098,0.192,0.159,0.094,0.089,0.072,0.125,0.299,0.12,"2016",FALSE,0,0,48,FALSE
"189","Gordon Hayward","SF",0.595,"UTA",0.976,0.976,0.819,0.504,0.553,0.577,0.356,0.463,0.349,0.393,0.447,0.477,0.548,0.52,0.491,0.824,0.117,0.334,0.259,0.254,0.386,0.072,0.435,0.493,0.557,"2016",FALSE,0,0,40,FALSE
"190","Gerald Henderson","SG",0.667,"POR",0.878,0,0.405,0.224,0.243,0.585,0.119,0.153,0.353,0.191,0.222,0.468,0.538,0.148,0.15,0.767,0.057,0.18,0.138,0.064,0.159,0.051,0.147,0.235,0.22,"2016",FALSE,0,0,44,FALSE
"191","John Henson","C",0.595,"MIL",0.695,0.012,0.272,0.159,0.134,0.752,0,0.001,0,0.171,0.164,0.566,0.627,0.091,0.12,0.59,0.166,0.133,0.144,0.046,0.073,0.29,0.138,0.353,0.14,"2016",FALSE,0,0,33,FALSE
"192","Mario Hezonja","SF",0.476,"ORL",0.963,0.11,0.4,0.175,0.192,0.577,0.167,0.217,0.349,0.119,0.127,0.504,0.57,0.065,0.056,0.907,0.054,0.147,0.115,0.094,0.159,0.045,0.209,0.334,0.169,"2016",FALSE,0,0,35,FALSE
"193","Roy Hibbert","C",0.69,"LAL",0.988,0.988,0.532,0.176,0.189,0.591,0,0.002,0,0.189,0.231,0.445,0.492,0.155,0.149,0.807,0.252,0.264,0.26,0.082,0.13,0.293,0.164,0.679,0.17,"2016",FALSE,0,0,17,FALSE
"195","Nene Hilario","PF",0.786,"WAS",0.695,0.134,0.31,0.202,0.177,0.725,0,0.003,0,0.217,0.215,0.549,0.604,0.142,0.19,0.578,0.099,0.206,0.169,0.083,0.22,0.069,0.164,0.42,0.185,"2016",FALSE,0,0,41,FALSE
"196","George Hill","PG",0.69,"IND",0.902,0.89,0.714,0.315,0.34,0.588,0.318,0.354,0.408,0.206,0.24,0.466,0.587,0.151,0.154,0.76,0.111,0.238,0.195,0.223,0.337,0.045,0.218,0.402,0.316,"2016",FALSE,0,0,45,FALSE
"197","Jordan Hill","C",0.667,"IND",0.89,0.134,0.428,0.269,0.253,0.675,0,0.001,0,0.289,0.309,0.507,0.562,0.118,0.129,0.712,0.298,0.293,0.295,0.075,0.146,0.098,0.198,0.418,0.228,"2016",FALSE,0,0,45,FALSE
"198","Solomon Hill","SF",0.571,"IND",0.72,0.037,0.245,0.09,0.096,0.596,0.06,0.084,0.324,0.072,0.076,0.515,0.561,0.048,0.043,0.857,0.075,0.126,0.108,0.049,0.15,0.029,0.071,0.183,0.087,"2016",FALSE,0,0,45,FALSE
"199","Darrun Hilliard","SG",0.524,"DET",0.463,0.024,0.108,0.05,0.06,0.529,0.047,0.056,0.38,0.034,0.046,0.407,0.521,0.038,0.041,0.725,0.01,0.04,0.029,0.023,0.037,0.003,0.041,0.075,0.054,"2016",FALSE,0,0,44,FALSE
"201","Jrue Holiday","PG",0.595,"NOP",0.793,0.28,0.518,0.397,0.43,0.585,0.216,0.292,0.336,0.336,0.381,0.478,0.539,0.241,0.222,0.843,0.052,0.167,0.127,0.336,0.358,0.059,0.36,0.399,0.385,"2016",FALSE,0,0,30,FALSE
"204","Rondae Hollis-Jefferson","SF",0.5,"BRK",0.354,0.207,0.174,0.061,0.064,0.609,0.01,0.016,0.286,0.061,0.07,0.476,0.523,0.049,0.053,0.712,0.075,0.114,0.101,0.037,0.159,0.043,0.056,0.164,0.059,"2016",FALSE,0,0,21,FALSE
"205","Richaun Holmes","PF",0.524,"PHI",0.622,0.012,0.199,0.11,0.102,0.685,0.02,0.05,0.182,0.11,0.1,0.596,0.591,0.067,0.076,0.689,0.119,0.072,0.088,0.028,0.077,0.106,0.069,0.248,0.101,"2016",FALSE,0,0,10,FALSE
"206","Rodney Hood","SG",0.548,"UTA",0.963,0.963,0.719,0.395,0.447,0.56,0.4,0.507,0.359,0.257,0.295,0.472,0.559,0.228,0.206,0.86,0.073,0.227,0.175,0.183,0.297,0.043,0.269,0.544,0.406,"2016",FALSE,0,0,40,FALSE
"207","Al Horford","C",0.69,"ATL",1,1,0.745,0.512,0.482,0.673,0.219,0.289,0.344,0.459,0.447,0.557,0.608,0.136,0.133,0.798,0.283,0.445,0.39,0.226,0.276,0.322,0.231,0.439,0.441,"2016",FALSE,0,0,48,FALSE
"208","Dwight Howard","C",0.714,"HOU",0.866,0.866,0.645,0.36,0.276,0.827,0,0.007,0,0.387,0.335,0.626,0.689,0.307,0.488,0.489,0.455,0.593,0.546,0.084,0.28,0.301,0.358,0.59,0.345,"2016",FALSE,0,0,41,FALSE
"209","Marcelo Huertas","PG",0.762,"LAL",0.646,0,0.246,0.094,0.106,0.563,0.04,0.069,0.262,0.084,0.095,0.479,0.508,0.036,0.03,0.931,0.034,0.071,0.059,0.156,0.106,0.019,0.172,0.205,0.084,"2016",FALSE,0,0,17,FALSE
"210","Josh Huestis","PF",0.571,"OKC",0.061,0,0.016,0.005,0.006,0.556,0.01,0.007,0.667,0.001,0.003,0.167,0.648,0,0.004,0,0.004,0.008,0.007,0,0.004,0.005,0.006,0.008,0.005,"2016",FALSE,0,0,55,FALSE
"212","R.J. Hunter","SG",0.524,"BOS",0.439,0,0.089,0.035,0.045,0.489,0.047,0.071,0.302,0.018,0.02,0.486,0.516,0.008,0.007,0.857,0.004,0.035,0.024,0.011,0.057,0.011,0.024,0.078,0.034,"2016",FALSE,0,0,48,FALSE
"213","Serge Ibaka","PF",0.619,"OKC",0.951,0.951,0.708,0.402,0.4,0.639,0.149,0.208,0.326,0.37,0.386,0.52,0.57,0.12,0.124,0.752,0.27,0.389,0.348,0.057,0.154,0.394,0.233,0.569,0.347,"2016",FALSE,0,0,55,FALSE
"214","Andre Iguodala","SF",0.762,"GSW",0.793,0.012,0.49,0.17,0.169,0.637,0.134,0.174,0.351,0.127,0.121,0.57,0.613,0.067,0.085,0.614,0.099,0.21,0.172,0.188,0.297,0.051,0.17,0.275,0.161,"2016",FALSE,0,0,73,FALSE
"216","Joe Ingles","SF",0.667,"UTA",0.988,0.024,0.351,0.12,0.134,0.568,0.201,0.237,0.386,0.045,0.046,0.531,0.628,0.017,0.019,0.722,0.036,0.131,0.099,0.082,0.224,0.011,0.14,0.264,0.121,"2016",FALSE,0,0,40,FALSE
"217","Damien Inglis","SF",0.476,"MIL",0.244,0.012,0.044,0.013,0.017,0.468,0.007,0.015,0.231,0.01,0.014,0.417,0.436,0.009,0.008,0.875,0.004,0.029,0.02,0.009,0.024,0.008,0.024,0.03,0.013,"2016",FALSE,0,0,33,FALSE
"218","Kyrie Irving","PG",0.548,"CLE",0.646,0.646,0.472,0.381,0.405,0.597,0.209,0.296,0.321,0.323,0.348,0.502,0.551,0.224,0.197,0.885,0.084,0.112,0.103,0.214,0.228,0.048,0.267,0.288,0.368,"2016",FALSE,0,0,57,FALSE
"219","Jarrett Jack","PG",0.762,"BRK",0.39,0.39,0.291,0.135,0.165,0.521,0.077,0.115,0.304,0.113,0.144,0.426,0.482,0.132,0.115,0.893,0.017,0.126,0.089,0.203,0.138,0.019,0.203,0.208,0.145,"2016",FALSE,0,0,21,FALSE
"220","Reggie Jackson","PG",0.595,"DET",0.963,0.963,0.686,0.522,0.572,0.579,0.294,0.377,0.353,0.439,0.513,0.464,0.536,0.385,0.347,0.864,0.111,0.194,0.165,0.423,0.24,0.029,0.481,0.504,0.526,"2016",FALSE,0,0,44,FALSE
"221","LeBron James","SF",0.738,"CLE",0.927,0.927,0.767,0.713,0.652,0.693,0.216,0.318,0.309,0.676,0.64,0.573,0.612,0.475,0.505,0.731,0.212,0.451,0.369,0.442,0.423,0.13,0.537,0.385,0.678,"2016",FALSE,0,0.482,57,TRUE
"223","Cory Jefferson","PF",0.595,"PHO",0.098,0,0.014,0.009,0.01,0.545,0,0.001,0,0.009,0.012,0.429,0.454,0.005,0.006,0.667,0.011,0.01,0.01,0,0,0.003,0,0.022,0.008,"2016",FALSE,0,0,23,FALSE
"224","Richard Jefferson","SF",0.833,"CLE",0.902,0.061,0.375,0.138,0.144,0.611,0.164,0.195,0.382,0.08,0.078,0.554,0.627,0.077,0.09,0.667,0.029,0.112,0.084,0.051,0.134,0.037,0.093,0.348,0.145,"2016",FALSE,0,0,57,FALSE
"227","Jonas Jerebko","PF",0.667,"BOS",0.951,0,0.333,0.114,0.132,0.551,0.107,0.122,0.398,0.078,0.1,0.421,0.542,0.081,0.08,0.782,0.147,0.21,0.188,0.053,0.081,0.064,0.112,0.369,0.12,"2016",FALSE,0,0,48,FALSE
"228","Amir Johnson","PF",0.667,"BOS",0.963,0.927,0.509,0.241,0.196,0.78,0.025,0.049,0.233,0.249,0.216,0.624,0.662,0.091,0.124,0.57,0.34,0.325,0.33,0.119,0.211,0.221,0.203,0.577,0.204,"2016",FALSE,0,0,48,FALSE
"229","Chris Johnson","SF",0.595,"UTA",0.854,0.024,0.243,0.07,0.089,0.495,0.067,0.112,0.273,0.047,0.054,0.474,0.49,0.045,0.043,0.81,0.052,0.104,0.086,0.039,0.13,0.053,0.086,0.27,0.072,"2016",FALSE,0,0,40,FALSE
"230","James Johnson","PF",0.667,"TOR",0.695,0.39,0.262,0.11,0.11,0.633,0.05,0.074,0.303,0.098,0.098,0.54,0.574,0.052,0.07,0.574,0.054,0.097,0.082,0.058,0.118,0.088,0.116,0.226,0.101,"2016",FALSE,0,0,56,FALSE
"233","Stanley Johnson","SF",0.452,"DET",0.89,0.073,0.477,0.218,0.276,0.5,0.157,0.231,0.307,0.169,0.223,0.41,0.476,0.106,0.105,0.784,0.111,0.246,0.2,0.101,0.224,0.032,0.246,0.48,0.209,"2016",FALSE,0,0,44,FALSE
"234","Tyler Johnson","SG",0.548,"MIA",0.439,0.061,0.244,0.114,0.112,0.648,0.067,0.08,0.38,0.095,0.097,0.529,0.601,0.067,0.066,0.797,0.054,0.08,0.071,0.068,0.098,0.037,0.101,0.178,0.111,"2016",FALSE,0,0,48,FALSE
"235","Wesley Johnson","SF",0.667,"LAC",0.976,0.11,0.472,0.201,0.237,0.539,0.256,0.349,0.333,0.109,0.116,0.51,0.56,0.04,0.047,0.652,0.071,0.21,0.162,0.042,0.362,0.149,0.116,0.466,0.194,"2016",FALSE,0,0,53,FALSE
"236","Nikola Jokic","C",0.476,"DEN",0.976,0.671,0.491,0.297,0.276,0.683,0.07,0.095,0.333,0.29,0.291,0.541,0.594,0.204,0.195,0.811,0.346,0.376,0.366,0.162,0.321,0.133,0.224,0.561,0.281,"2016",FALSE,0,0,33,FALSE
"238","James Jones","SF",0.833,"CLE",0.585,0,0.131,0.056,0.065,0.544,0.102,0.117,0.394,0.018,0.021,0.447,0.614,0.028,0.027,0.808,0.015,0.042,0.033,0.012,0.045,0.027,0.028,0.135,0.063,"2016",FALSE,0,0,57,FALSE
"239","Terrence Jones","PF",0.571,"HOU",0.61,0.134,0.295,0.161,0.169,0.603,0.062,0.089,0.316,0.147,0.162,0.49,0.54,0.102,0.119,0.664,0.119,0.148,0.138,0.035,0.093,0.104,0.106,0.232,0.153,"2016",FALSE,0,0,41,FALSE
"240","Tyus Jones","PG",0.452,"MIN",0.451,0,0.162,0.054,0.072,0.479,0.04,0.06,0.302,0.042,0.058,0.388,0.456,0.037,0.04,0.718,0.013,0.04,0.031,0.093,0.126,0.008,0.071,0.089,0.055,"2016",FALSE,0,0,29,FALSE
"241","DeAndre Jordan","C",0.643,"LAC",0.939,0.939,0.735,0.345,0.234,0.937,0,0.001,0,0.371,0.286,0.704,0.781,0.352,0.637,0.43,0.511,0.786,0.692,0.077,0.207,0.471,0.231,0.558,0.346,"2016",FALSE,0,0,53,FALSE
"242","Cory Joseph","SG",0.571,"TOR",0.976,0.049,0.579,0.249,0.269,0.585,0.075,0.124,0.273,0.236,0.268,0.478,0.517,0.176,0.179,0.764,0.075,0.17,0.137,0.215,0.256,0.053,0.22,0.353,0.239,"2016",FALSE,0,0,56,FALSE
"243","Chris Kaman","C",0.786,"POR",0.195,0.024,0.032,0.019,0.02,0.62,0.002,0.005,0.25,0.02,0.022,0.487,0.53,0.004,0.003,1,0.013,0.017,0.016,0.009,0.004,0.003,0.017,0.04,0.016,"2016",FALSE,0,0,44,FALSE
"244","Frank Kaminsky","C",0.524,"CHO",0.988,0.037,0.483,0.208,0.242,0.547,0.169,0.228,0.337,0.153,0.182,0.455,0.527,0.143,0.152,0.73,0.132,0.264,0.219,0.084,0.154,0.114,0.125,0.34,0.214,"2016",FALSE,0,0,48,FALSE
"245","Enes Kanter","C",0.548,"OKC",1,0.012,0.487,0.4,0.331,0.768,0.025,0.024,0.476,0.42,0.394,0.579,0.648,0.265,0.258,0.797,0.476,0.412,0.434,0.028,0.106,0.088,0.248,0.447,0.367,"2016",FALSE,0,0,55,FALSE
"246","Sergey Karasev","SF",0.524,"BRK",0.488,0.061,0.113,0.029,0.034,0.54,0.027,0.042,0.297,0.02,0.021,0.514,0.533,0.034,0.029,0.929,0.015,0.05,0.038,0.03,0.024,0.005,0.047,0.073,0.034,"2016",FALSE,0,0,21,FALSE
"248","Ryan Kelly","PF",0.571,"LAL",0.439,0,0.133,0.053,0.069,0.492,0.012,0.042,0.135,0.052,0.063,0.446,0.429,0.049,0.056,0.685,0.04,0.099,0.079,0.017,0.053,0.027,0.039,0.105,0.054,"2016",FALSE,0,0,17,FALSE
"249","Michael Kidd-Gilchrist","SF",0.524,"CHO",0.085,0.085,0.058,0.032,0.028,0.721,0.007,0.008,0.429,0.031,0.03,0.556,0.629,0.026,0.03,0.69,0.023,0.033,0.029,0.008,0.012,0.008,0.017,0.024,0.031,"2016",FALSE,0,0,48,FALSE
"251","Brandon Knight","SG",0.571,"PHO",0.634,0.61,0.529,0.359,0.412,0.553,0.299,0.396,0.342,0.261,0.307,0.461,0.536,0.206,0.188,0.852,0.069,0.165,0.132,0.226,0.248,0.053,0.381,0.334,0.359,"2016",FALSE,0,0,23,FALSE
"252","Kyle Korver","SG",0.81,"ATL",0.976,0.976,0.68,0.259,0.283,0.58,0.393,0.448,0.398,0.114,0.124,0.502,0.626,0.06,0.056,0.833,0.027,0.244,0.17,0.141,0.244,0.093,0.211,0.434,0.261,"2016",FALSE,0,0,48,FALSE
"254","Jeremy Lamb","SG",0.548,"CHO",0.805,0,0.347,0.222,0.235,0.601,0.139,0.204,0.309,0.181,0.186,0.529,0.562,0.085,0.091,0.727,0.084,0.207,0.165,0.066,0.171,0.08,0.108,0.283,0.205,"2016",FALSE,0,0,48,FALSE
"255","Carl Landry","PF",0.762,"PHI",0.439,0.146,0.161,0.134,0.115,0.741,0.015,0.015,0.462,0.138,0.134,0.561,0.631,0.089,0.094,0.736,0.094,0.096,0.095,0.027,0.049,0.024,0.047,0.186,0.124,"2016",FALSE,0,0,10,FALSE
"256","Shane Larkin","PG",0.548,"BRK",0.951,0.207,0.496,0.215,0.231,0.589,0.097,0.122,0.361,0.19,0.222,0.464,0.534,0.11,0.11,0.776,0.054,0.151,0.118,0.294,0.386,0.032,0.315,0.326,0.2,"2016",FALSE,0,0,21,FALSE
"257","Joffrey Lauvergne","C",0.571,"DEN",0.72,0.183,0.295,0.189,0.175,0.684,0.032,0.06,0.245,0.189,0.184,0.557,0.589,0.082,0.071,0.899,0.147,0.212,0.19,0.048,0.053,0.04,0.116,0.31,0.164,"2016",FALSE,0,0,33,FALSE
"258","Zach LaVine","SG",0.476,"MIN",1,0.402,0.649,0.419,0.441,0.603,0.306,0.357,0.389,0.323,0.363,0.482,0.573,0.213,0.209,0.793,0.052,0.2,0.149,0.216,0.28,0.045,0.334,0.52,0.406,"2016",FALSE,0,0,29,FALSE
"262","Alex Len","C",0.524,"PHO",0.951,0.561,0.515,0.255,0.287,0.564,0.002,0.008,0.143,0.274,0.348,0.426,0.471,0.23,0.246,0.728,0.34,0.413,0.388,0.083,0.154,0.165,0.312,0.62,0.248,"2016",FALSE,0,0,23,FALSE
"263","Kawhi Leonard","SF",0.571,"SAS",0.878,0.878,0.674,0.533,0.502,0.675,0.321,0.328,0.443,0.439,0.451,0.528,0.628,0.386,0.344,0.874,0.182,0.395,0.322,0.16,0.52,0.189,0.226,0.358,0.538,"2016",FALSE,0,0.484,67,TRUE
"264","Meyers Leonard","PF",0.548,"POR",0.744,0.122,0.377,0.189,0.2,0.597,0.214,0.257,0.377,0.113,0.117,0.527,0.608,0.046,0.047,0.761,0.098,0.261,0.205,0.079,0.033,0.048,0.166,0.493,0.18,"2016",FALSE,0,0,44,FALSE
"265","Jon Leuer","PF",0.619,"PHO",0.817,0.329,0.355,0.217,0.214,0.641,0.104,0.124,0.382,0.189,0.201,0.511,0.584,0.102,0.104,0.762,0.145,0.295,0.244,0.062,0.154,0.08,0.162,0.337,0.2,"2016",FALSE,0,0,23,FALSE
"266","Damian Lillard","PG",0.595,"POR",0.915,0.915,0.757,0.598,0.678,0.559,0.57,0.688,0.375,0.405,0.487,0.45,0.552,0.548,0.477,0.892,0.086,0.255,0.197,0.44,0.264,0.074,0.522,0.445,0.663,"2016",FALSE,0,0.02,44,TRUE
"267","Jeremy Lin","SG",0.643,"CHO",0.951,0.159,0.58,0.29,0.335,0.549,0.189,0.255,0.336,0.233,0.283,0.446,0.516,0.315,0.3,0.815,0.08,0.21,0.165,0.202,0.236,0.112,0.323,0.445,0.323,"2016",FALSE,0,0,48,FALSE
"268","Shaun Livingston","PG",0.714,"GSW",0.951,0.037,0.43,0.196,0.174,0.715,0.005,0.014,0.167,0.209,0.207,0.548,0.598,0.106,0.096,0.86,0.08,0.126,0.11,0.204,0.232,0.072,0.168,0.377,0.172,"2016",FALSE,0,0,73,FALSE
"270","Brook Lopez","C",0.643,"BRK",0.89,0.89,0.695,0.572,0.532,0.681,0.005,0.016,0.143,0.613,0.645,0.515,0.569,0.419,0.415,0.787,0.39,0.366,0.375,0.126,0.236,0.33,0.377,0.58,0.53,"2016",FALSE,0,0,21,FALSE
"271","Robin Lopez","C",0.643,"NYK",1,1,0.628,0.345,0.305,0.719,0,0.001,0,0.371,0.373,0.54,0.599,0.169,0.166,0.795,0.512,0.332,0.393,0.098,0.065,0.343,0.287,0.491,0.297,"2016",FALSE,0,0,32,FALSE
"272","Kevin Love","PF",0.643,"CLE",0.939,0.939,0.686,0.396,0.45,0.559,0.393,0.495,0.36,0.261,0.303,0.467,0.554,0.341,0.323,0.822,0.285,0.609,0.498,0.16,0.236,0.109,0.306,0.429,0.436,"2016",FALSE,0,0,57,FALSE
"273","Kyle Lowry","PG",0.69,"TOR",0.939,0.939,0.807,0.495,0.551,0.569,0.527,0.617,0.388,0.312,0.367,0.461,0.573,0.526,0.505,0.811,0.105,0.308,0.239,0.424,0.642,0.09,0.485,0.569,0.577,"2016",FALSE,0,0.005,56,TRUE
"274","Trey Lyles","PF",0.476,"UTA",0.976,0.402,0.391,0.185,0.201,0.584,0.122,0.144,0.383,0.148,0.174,0.461,0.549,0.075,0.084,0.695,0.113,0.238,0.195,0.051,0.106,0.048,0.14,0.307,0.172,"2016",FALSE,0,0,40,FALSE
"277","Devyn Marble","SG",0.548,"ORL",0.341,0,0.07,0.02,0.033,0.395,0.02,0.036,0.25,0.014,0.022,0.333,0.391,0.013,0.025,0.417,0.011,0.032,0.025,0.01,0.053,0.003,0.015,0.067,0.021,"2016",FALSE,0,0,35,FALSE
"279","Kendall Marshall","PG",0.571,"PHI",0.366,0.073,0.113,0.042,0.054,0.485,0.04,0.055,0.327,0.028,0.039,0.391,0.48,0.012,0.013,0.692,0.004,0.026,0.018,0.063,0.065,0.005,0.093,0.081,0.039,"2016",FALSE,0,0,10,FALSE
"280","Jarell Martin","PF",0.5,"MEM",0.329,0,0.108,0.052,0.053,0.621,0,0.002,0,0.056,0.064,0.474,0.518,0.06,0.064,0.726,0.075,0.047,0.056,0.013,0.033,0.019,0.041,0.156,0.054,"2016",FALSE,0,0,42,FALSE
"282","Wesley Matthews","SF",0.69,"DAL",0.951,0.951,0.748,0.32,0.393,0.517,0.47,0.593,0.36,0.148,0.186,0.432,0.553,0.167,0.15,0.863,0.052,0.21,0.156,0.13,0.317,0.045,0.168,0.482,0.345,"2016",FALSE,0,0,42,FALSE
"283","O.J. Mayo","SG",0.667,"MIL",0.5,0.293,0.309,0.115,0.148,0.495,0.129,0.183,0.321,0.07,0.09,0.421,0.502,0.041,0.041,0.775,0.025,0.091,0.069,0.101,0.195,0.021,0.155,0.34,0.113,"2016",FALSE,0,0,33,FALSE
"284","Luc Mbah a Moute","PF",0.69,"LAC",0.915,0.744,0.361,0.091,0.095,0.605,0.032,0.045,0.325,0.084,0.094,0.485,0.54,0.04,0.059,0.526,0.115,0.11,0.112,0.026,0.179,0.051,0.073,0.27,0.082,"2016",FALSE,0,0,53,FALSE
"285","James Michael McAdoo","PF",0.548,"GSW",0.5,0.012,0.074,0.044,0.039,0.715,0.002,0.002,0.5,0.046,0.046,0.537,0.602,0.034,0.05,0.531,0.057,0.028,0.038,0.015,0.041,0.021,0.034,0.105,0.041,"2016",FALSE,0,0,73,FALSE
"287","CJ McCollum","SG",0.571,"POR",0.976,0.976,0.787,0.62,0.659,0.597,0.49,0.533,0.417,0.462,0.541,0.463,0.574,0.247,0.233,0.827,0.09,0.211,0.169,0.293,0.394,0.061,0.422,0.504,0.588,"2016",FALSE,0,0,44,FALSE
"288","T.J. McConnell","PG",0.548,"PHI",0.988,0.207,0.455,0.211,0.214,0.627,0.077,0.1,0.348,0.195,0.212,0.499,0.559,0.034,0.042,0.634,0.082,0.206,0.163,0.315,0.386,0.027,0.302,0.307,0.174,"2016",FALSE,0,0,10,FALSE
"289","Chris McCullough","PF",0.476,"BRK",0.293,0.049,0.102,0.043,0.05,0.539,0.032,0.038,0.382,0.032,0.042,0.413,0.514,0.015,0.024,0.478,0.048,0.043,0.044,0.008,0.114,0.032,0.032,0.105,0.04,"2016",FALSE,0,0,21,FALSE
"290","K.J. McDaniels","SF",0.524,"HOU",0.451,0.012,0.067,0.028,0.033,0.537,0.017,0.028,0.28,0.023,0.027,0.468,0.501,0.032,0.031,0.8,0.031,0.026,0.027,0.009,0.028,0.016,0.037,0.081,0.031,"2016",FALSE,0,0,41,FALSE
"291","Doug McDermott","SF",0.571,"CHI",0.988,0.049,0.527,0.281,0.296,0.603,0.274,0.292,0.425,0.188,0.217,0.47,0.597,0.095,0.086,0.857,0.071,0.157,0.127,0.051,0.057,0.016,0.114,0.342,0.27,"2016",FALSE,0,0,42,FALSE
"292","Mitch McGary","PF",0.548,"OKC",0.244,0,0.02,0.011,0.011,0.637,0,0.005,0,0.011,0.011,0.579,0.531,0.005,0.01,0.4,0.008,0.014,0.012,0.003,0.004,0.005,0.015,0.027,0.009,"2016",FALSE,0,0,55,FALSE
"293","JaVale McGee","C",0.667,"DAL",0.415,0.024,0.105,0.074,0.062,0.767,0,0.001,0,0.08,0.075,0.579,0.639,0.024,0.037,0.5,0.101,0.079,0.087,0.003,0.02,0.069,0.045,0.132,0.061,"2016",FALSE,0,0,42,FALSE
"294","Ben McLemore","SG",0.524,"SAC",0.829,0.646,0.408,0.189,0.209,0.572,0.167,0.209,0.362,0.133,0.152,0.474,0.558,0.098,0.106,0.718,0.065,0.113,0.097,0.068,0.211,0.027,0.213,0.377,0.188,"2016",FALSE,0,0,33,FALSE
"296","Josh McRoberts","PF",0.667,"MIA",0.512,0.012,0.168,0.053,0.068,0.496,0.03,0.055,0.245,0.045,0.056,0.434,0.458,0.037,0.041,0.7,0.042,0.082,0.069,0.07,0.073,0.019,0.065,0.183,0.053,"2016",FALSE,0,0,48,FALSE
"297","Jodie Meeks","SG",0.667,"DET",0.037,0,0.012,0.007,0.009,0.467,0.01,0.01,0.444,0.003,0.006,0.273,0.5,0.005,0.004,1,0.002,0.004,0.003,0.003,0,0,0.002,0.005,0.008,"2016",FALSE,0,0,44,FALSE
"298","Salah Mejri","C",0.69,"DAL",0.415,0.073,0.112,0.047,0.036,0.837,0,0.001,0,0.051,0.043,0.636,0.698,0.036,0.047,0.587,0.078,0.081,0.08,0.009,0.033,0.096,0.05,0.146,0.044,"2016",FALSE,0,0,42,FALSE
"300","Khris Middleton","SG",0.571,"MIL",0.963,0.963,0.807,0.49,0.526,0.592,0.356,0.407,0.396,0.379,0.44,0.466,0.563,0.366,0.321,0.888,0.084,0.256,0.197,0.284,0.533,0.051,0.388,0.55,0.506,"2016",FALSE,0,0,33,FALSE
"301","C.J. Miles","SF",0.667,"IND",0.78,0.293,0.414,0.25,0.292,0.545,0.353,0.437,0.367,0.122,0.139,0.474,0.579,0.123,0.128,0.75,0.048,0.149,0.114,0.054,0.215,0.077,0.151,0.383,0.266,"2016",FALSE,0,0,45,FALSE
"304","Patty Mills","PG",0.643,"SAS",0.988,0.037,0.47,0.251,0.282,0.567,0.306,0.361,0.384,0.143,0.165,0.469,0.583,0.062,0.06,0.81,0.052,0.13,0.103,0.194,0.24,0.016,0.164,0.275,0.244,"2016",FALSE,0,0,67,FALSE
"305","Elijah Millsap","SG",0.667,"UTA",0.244,0,0.049,0.011,0.018,0.376,0.002,0.014,0.083,0.01,0.015,0.37,0.328,0.017,0.019,0.722,0.011,0.029,0.023,0.016,0.028,0.008,0.019,0.089,0.013,"2016",FALSE,0,0,40,FALSE
"306","Paul Millsap","PF",0.714,"ATL",0.988,0.988,0.749,0.485,0.491,0.627,0.184,0.262,0.319,0.444,0.47,0.512,0.561,0.409,0.42,0.757,0.379,0.53,0.478,0.228,0.598,0.37,0.412,0.639,0.489,"2016",FALSE,0,0,48,FALSE
"307","Nikola Mirotic","PF",0.571,"CHI",0.805,0.463,0.466,0.24,0.28,0.543,0.336,0.391,0.39,0.118,0.148,0.43,0.576,0.193,0.186,0.807,0.111,0.302,0.237,0.086,0.236,0.122,0.22,0.407,0.274,"2016",FALSE,0,0,42,FALSE
"309","Greg Monroe","C",0.595,"MIL",0.963,0.817,0.655,0.475,0.433,0.696,0,0.001,0,0.511,0.53,0.522,0.58,0.302,0.317,0.74,0.417,0.475,0.455,0.153,0.293,0.178,0.278,0.439,0.427,"2016",FALSE,0,0,33,FALSE
"310","Luis Montero","SG",0.524,"POR",0.146,0,0.012,0.005,0.009,0.351,0.002,0.01,0.111,0.004,0.006,0.4,0.321,0.004,0.004,0.75,0,0.004,0.003,0.001,0,0,0.009,0.003,0.005,"2016",FALSE,0,0,44,FALSE
"311","E'Twaun Moore","SG",0.619,"CHI",0.72,0.268,0.357,0.181,0.179,0.641,0.117,0.117,0.452,0.146,0.161,0.491,0.601,0.029,0.036,0.629,0.036,0.113,0.087,0.085,0.15,0.048,0.114,0.278,0.156,"2016",FALSE,0,0,42,FALSE
"313","Marcus Morris","SF",0.619,"DET",0.976,0.976,0.808,0.397,0.435,0.579,0.269,0.336,0.362,0.314,0.365,0.467,0.546,0.269,0.279,0.749,0.174,0.311,0.264,0.173,0.272,0.061,0.302,0.458,0.399,"2016",FALSE,0,0,44,FALSE
"315","Anthony Morrow","SG",0.714,"OKC",0.829,0.073,0.262,0.132,0.153,0.544,0.197,0.23,0.387,0.059,0.073,0.442,0.586,0.038,0.04,0.744,0.019,0.052,0.041,0.021,0.089,0.013,0.037,0.173,0.134,"2016",FALSE,0,0,55,FALSE
"316","Donatas Motiejunas","PF",0.595,"HOU",0.451,0.268,0.155,0.087,0.094,0.585,0.04,0.064,0.281,0.077,0.083,0.5,0.531,0.045,0.055,0.642,0.071,0.071,0.071,0.035,0.069,0.013,0.095,0.186,0.081,"2016",FALSE,0,0,41,FALSE
"317","Timofey Mozgov","C",0.69,"CLE",0.927,0.585,0.375,0.196,0.165,0.753,0.002,0.008,0.143,0.21,0.199,0.574,0.63,0.09,0.098,0.716,0.21,0.225,0.22,0.028,0.089,0.152,0.153,0.429,0.168,"2016",FALSE,0,0,57,FALSE
"318","Emmanuel Mudiay","PG",0.452,"DEN",0.829,0.805,0.585,0.318,0.416,0.485,0.184,0.262,0.319,0.265,0.38,0.379,0.449,0.185,0.215,0.67,0.061,0.199,0.152,0.32,0.264,0.093,0.468,0.38,0.308,"2016",FALSE,0,0,33,FALSE
"319","Shabazz Muhammad","SF",0.548,"MIN",1,0,0.476,0.307,0.313,0.62,0.109,0.172,0.289,0.284,0.298,0.516,0.553,0.245,0.249,0.764,0.191,0.166,0.175,0.045,0.098,0.019,0.151,0.253,0.305,"2016",FALSE,0,0,29,FALSE
"320","Xavier Munford","SG",0.548,"MEM",0.171,0,0.069,0.031,0.035,0.555,0.022,0.026,0.391,0.024,0.03,0.426,0.527,0.009,0.014,0.5,0.006,0.028,0.02,0.019,0.053,0.008,0.032,0.067,0.028,"2016",FALSE,0,0,42,FALSE
"321","Mike Muscala","C",0.571,"ATL",0.732,0,0.16,0.074,0.07,0.667,0.03,0.044,0.308,0.067,0.064,0.566,0.599,0.041,0.04,0.795,0.073,0.078,0.076,0.029,0.053,0.072,0.058,0.194,0.069,"2016",FALSE,0,0,48,FALSE
"322","Larry Nance","PF",0.548,"LAL",0.768,0.268,0.358,0.153,0.138,0.703,0.002,0.011,0.1,0.163,0.164,0.541,0.587,0.042,0.048,0.681,0.193,0.21,0.204,0.038,0.22,0.061,0.088,0.334,0.123,"2016",FALSE,0,0,17,FALSE
"323","Shabazz Napier","PG",0.571,"ORL",0.671,0,0.17,0.066,0.092,0.451,0.085,0.117,0.327,0.035,0.055,0.351,0.47,0.044,0.046,0.733,0.017,0.046,0.036,0.083,0.093,0.003,0.099,0.102,0.072,"2016",FALSE,0,0,35,FALSE
"324","Gary Neal","SG",0.738,"WAS",0.488,0.024,0.228,0.146,0.15,0.62,0.102,0.113,0.41,0.114,0.127,0.489,0.587,0.062,0.057,0.855,0.021,0.071,0.054,0.04,0.081,0.003,0.062,0.148,0.138,"2016",FALSE,0,0,41,FALSE
"325","Jameer Nelson","PG",0.786,"DEN",0.476,0.183,0.293,0.109,0.141,0.491,0.107,0.163,0.299,0.073,0.092,0.429,0.487,0.04,0.036,0.857,0.036,0.095,0.075,0.163,0.102,0.013,0.142,0.27,0.106,"2016",FALSE,0,0,33,FALSE
"326","Raul Neto","PG",0.548,"UTA",0.988,0.646,0.424,0.174,0.192,0.575,0.159,0.183,0.395,0.121,0.144,0.453,0.563,0.069,0.072,0.743,0.033,0.102,0.078,0.149,0.252,0.005,0.235,0.329,0.168,"2016",FALSE,0,0,40,FALSE
"327","Andrew Nicholson","PF",0.619,"ORL",0.683,0,0.233,0.141,0.143,0.628,0.102,0.129,0.36,0.109,0.111,0.536,0.597,0.067,0.067,0.785,0.065,0.166,0.131,0.021,0.041,0.059,0.088,0.186,0.136,"2016",FALSE,0,0,35,FALSE
"328","Joakim Noah","C",0.714,"CHI",0.354,0.024,0.18,0.049,0.061,0.511,0,0.001,0,0.053,0.074,0.386,0.426,0.029,0.046,0.489,0.166,0.167,0.167,0.095,0.073,0.077,0.112,0.208,0.044,"2016",FALSE,0,0,42,FALSE
"329","Nerlens Noel","C",0.5,"PHI",0.817,0.756,0.556,0.296,0.27,0.695,0.002,0.002,0.5,0.317,0.33,0.521,0.58,0.177,0.234,0.59,0.294,0.385,0.354,0.105,0.48,0.266,0.341,0.518,0.264,"2016",FALSE,0,0,10,FALSE
"330","Lucas Nogueira","C",0.548,"TOR",0.354,0.012,0.064,0.027,0.02,0.848,0.002,0.003,0.333,0.028,0.023,0.659,0.72,0.011,0.015,0.533,0.034,0.028,0.03,0.006,0.049,0.032,0.024,0.078,0.023,"2016",FALSE,0,0,56,FALSE
"332","Dirk Nowitzki","PF",0.881,"DAL",0.915,0.915,0.669,0.482,0.512,0.597,0.313,0.386,0.368,0.387,0.434,0.483,0.56,0.331,0.288,0.893,0.099,0.434,0.32,0.113,0.211,0.138,0.181,0.434,0.484,"2016",FALSE,0,0,42,FALSE
"333","Jusuf Nurkic","C",0.5,"DEN",0.39,0.037,0.155,0.098,0.111,0.556,0,0.003,0,0.105,0.135,0.423,0.463,0.081,0.102,0.616,0.124,0.109,0.114,0.034,0.098,0.117,0.119,0.245,0.093,"2016",FALSE,0,0,33,FALSE
"335","Johnny O'Bryant","PF",0.524,"MIL",0.805,0.049,0.243,0.083,0.096,0.548,0.002,0.001,1,0.088,0.117,0.409,0.46,0.036,0.041,0.675,0.124,0.11,0.115,0.027,0.073,0.021,0.067,0.27,0.071,"2016",FALSE,0,0,33,FALSE
"336","Kyle O'Quinn","PF",0.595,"NYK",0.793,0.012,0.216,0.125,0.125,0.635,0.012,0.025,0.227,0.129,0.14,0.498,0.539,0.061,0.062,0.767,0.145,0.173,0.163,0.062,0.081,0.13,0.131,0.288,0.109,"2016",FALSE,0,0,32,FALSE
"337","Jahlil Okafor","C",0.476,"PHI",0.646,0.585,0.45,0.384,0.359,0.677,0.002,0.007,0.167,0.412,0.437,0.511,0.566,0.176,0.2,0.686,0.233,0.249,0.244,0.056,0.089,0.162,0.267,0.377,0.328,"2016",FALSE,0,0,10,FALSE
"338","Victor Oladipo","SG",0.548,"ORL",0.878,0.634,0.673,0.411,0.446,0.584,0.244,0.318,0.348,0.34,0.388,0.475,0.543,0.271,0.254,0.83,0.092,0.295,0.225,0.242,0.472,0.144,0.33,0.469,0.407,"2016",FALSE,0,0,35,FALSE
"339","Kelly Olynyk","C",0.571,"BOS",0.841,0.098,0.395,0.245,0.256,0.607,0.211,0.237,0.405,0.175,0.195,0.486,0.59,0.127,0.132,0.75,0.138,0.208,0.184,0.09,0.211,0.088,0.159,0.439,0.243,"2016",FALSE,0,0,48,FALSE
"340","Kelly Oubre","SF",0.476,"WAS",0.768,0.11,0.19,0.087,0.097,0.569,0.062,0.089,0.316,0.068,0.074,0.492,0.54,0.041,0.05,0.633,0.048,0.107,0.087,0.011,0.089,0.019,0.073,0.27,0.083,"2016",FALSE,0,0,41,FALSE
"341","Zaza Pachulia","C",0.738,"DAL",0.927,0.841,0.567,0.212,0.216,0.621,0,0.003,0,0.228,0.263,0.469,0.518,0.28,0.284,0.768,0.476,0.466,0.469,0.11,0.26,0.059,0.256,0.488,0.23,"2016",FALSE,0,0,42,FALSE
"342","Kostas Papanikolaou","SF",0.595,"DEN",0.317,0.073,0.083,0.023,0.03,0.485,0.025,0.036,0.313,0.015,0.019,0.412,0.488,0.012,0.014,0.643,0.015,0.032,0.026,0.014,0.053,0.013,0.045,0.065,0.024,"2016",FALSE,0,0,33,FALSE
"343","Jabari Parker","PF",0.476,"MIL",0.927,0.878,0.682,0.428,0.414,0.657,0.022,0.04,0.257,0.452,0.487,0.502,0.553,0.231,0.235,0.768,0.235,0.27,0.258,0.112,0.28,0.077,0.25,0.415,0.378,"2016",FALSE,0,0,33,FALSE
"344","Tony Parker","PG",0.786,"SAS",0.878,0.878,0.56,0.338,0.327,0.657,0.067,0.073,0.415,0.336,0.364,0.501,0.569,0.172,0.176,0.76,0.033,0.158,0.115,0.326,0.22,0.029,0.282,0.307,0.303,"2016",FALSE,0,0,67,FALSE
"345","Chandler Parsons","SF",0.643,"DAL",0.744,0.622,0.509,0.309,0.3,0.656,0.259,0.283,0.414,0.225,0.226,0.54,0.634,0.123,0.14,0.684,0.055,0.254,0.186,0.145,0.187,0.056,0.205,0.307,0.296,"2016",FALSE,0,0,42,FALSE
"346","Lamar Patterson","SG",0.571,"ATL",0.427,0,0.112,0.027,0.037,0.467,0.03,0.055,0.245,0.017,0.017,0.516,0.472,0.021,0.023,0.727,0.008,0.046,0.033,0.034,0.037,0.005,0.05,0.121,0.03,"2016",FALSE,0,0,48,FALSE
"347","Patrick Patterson","PF",0.619,"TOR",0.963,0,0.572,0.197,0.227,0.552,0.264,0.331,0.362,0.102,0.113,0.49,0.579,0.038,0.035,0.853,0.147,0.263,0.224,0.081,0.215,0.085,0.14,0.345,0.192,"2016",FALSE,0,0,56,FALSE
"348","Chris Paul","PG",0.714,"LAC",0.902,0.902,0.685,0.498,0.513,0.616,0.303,0.371,0.371,0.409,0.443,0.501,0.574,0.389,0.337,0.896,0.075,0.269,0.203,0.634,0.618,0.035,0.418,0.499,0.511,"2016",FALSE,0,0.082,53,TRUE
"349","Adreian Payne","PF",0.571,"MIN",0.634,0.024,0.138,0.051,0.067,0.488,0.022,0.036,0.281,0.046,0.064,0.389,0.441,0.022,0.027,0.654,0.038,0.09,0.073,0.025,0.065,0.029,0.078,0.208,0.047,"2016",FALSE,0,0,29,FALSE
"350","Cameron Payne","PG",0.5,"OKC",0.695,0.012,0.198,0.11,0.128,0.547,0.09,0.125,0.324,0.081,0.094,0.467,0.528,0.025,0.025,0.792,0.017,0.075,0.056,0.093,0.146,0.016,0.095,0.216,0.1,"2016",FALSE,0,0,55,FALSE
"351","Elfrid Payton","PG",0.5,"ORL",0.89,0.841,0.607,0.308,0.336,0.581,0.075,0.104,0.326,0.3,0.36,0.451,0.507,0.148,0.195,0.589,0.147,0.183,0.171,0.402,0.362,0.053,0.381,0.429,0.275,"2016",FALSE,0,0,35,FALSE
"354","Paul Pierce","SF",0.905,"LAC",0.829,0.463,0.348,0.139,0.183,0.484,0.187,0.273,0.31,0.072,0.087,0.445,0.508,0.071,0.068,0.818,0.023,0.173,0.122,0.061,0.134,0.045,0.125,0.348,0.147,"2016",FALSE,0,0,53,FALSE
"355","Tibor Pleiss","C",0.619,"UTA",0.146,0,0.023,0.011,0.012,0.587,0,0.002,0,0.011,0.013,0.478,0.489,0.003,0.002,1,0.011,0.009,0.01,0.002,0.004,0.005,0.017,0.051,0.008,"2016",FALSE,0,0,40,FALSE
"356","Mason Plumlee","C",0.595,"POR",1,1,0.59,0.258,0.238,0.688,0,0.005,0,0.278,0.289,0.52,0.573,0.284,0.345,0.642,0.384,0.424,0.41,0.194,0.276,0.226,0.332,0.682,0.264,"2016",FALSE,0,0,44,FALSE
"358","Otto Porter","SF",0.524,"WAS",0.915,0.89,0.644,0.328,0.33,0.631,0.244,0.301,0.367,0.251,0.254,0.536,0.601,0.126,0.13,0.754,0.185,0.292,0.256,0.103,0.427,0.085,0.151,0.439,0.308,"2016",FALSE,0,0,41,FALSE
"359","Bobby Portis","PF",0.476,"CHI",0.756,0.049,0.312,0.18,0.201,0.569,0.04,0.059,0.308,0.177,0.217,0.443,0.494,0.063,0.068,0.727,0.235,0.213,0.22,0.045,0.102,0.059,0.116,0.27,0.154,"2016",FALSE,0,0,42,FALSE
"360","Kristaps Porzingis","PF",0.476,"NYK",0.878,0.878,0.579,0.361,0.408,0.561,0.201,0.274,0.333,0.304,0.363,0.454,0.519,0.266,0.247,0.838,0.252,0.391,0.344,0.081,0.215,0.356,0.261,0.553,0.363,"2016",FALSE,0,0,32,FALSE
"361","Dwight Powell","PF",0.571,"DAL",0.841,0.024,0.281,0.141,0.136,0.657,0.005,0.018,0.125,0.15,0.158,0.514,0.552,0.139,0.146,0.739,0.161,0.188,0.178,0.038,0.146,0.064,0.086,0.318,0.141,"2016",FALSE,0,0,42,FALSE
"362","Norman Powell","SG",0.524,"TOR",0.598,0.293,0.205,0.094,0.105,0.565,0.09,0.1,0.404,0.063,0.079,0.436,0.558,0.057,0.055,0.811,0.031,0.094,0.073,0.04,0.118,0.027,0.069,0.159,0.096,"2016",FALSE,0,0,56,FALSE
"364","Ronnie Price","PG",0.762,"PHO",0.756,0.22,0.343,0.112,0.139,0.512,0.169,0.221,0.347,0.05,0.06,0.453,0.552,0.041,0.042,0.756,0.048,0.073,0.065,0.126,0.301,0.035,0.151,0.434,0.117,"2016",FALSE,0,0,23,FALSE
"365","Pablo Prigioni","PG",0.905,"LAC",0.72,0.037,0.233,0.053,0.068,0.499,0.07,0.107,0.295,0.028,0.029,0.519,0.521,0.009,0.008,0.875,0.073,0.075,0.075,0.112,0.215,0.003,0.106,0.221,0.051,"2016",FALSE,0,0,53,FALSE
"366","Tayshaun Prince","SF",0.833,"MIN",0.939,0.537,0.414,0.099,0.105,0.593,0.01,0.026,0.174,0.102,0.116,0.476,0.504,0.017,0.02,0.684,0.061,0.114,0.096,0.063,0.146,0.035,0.058,0.167,0.078,"2016",FALSE,0,0,29,FALSE
"367","Julius Randle","PF",0.5,"LAL",0.988,0.732,0.647,0.346,0.384,0.572,0.025,0.041,0.278,0.362,0.451,0.436,0.483,0.255,0.278,0.715,0.329,0.652,0.542,0.124,0.215,0.077,0.321,0.652,0.325,"2016",FALSE,0,0,17,FALSE
"368","Zach Randolph","PF",0.81,"MEM",0.829,0.646,0.571,0.417,0.417,0.633,0.015,0.029,0.231,0.442,0.497,0.482,0.532,0.228,0.222,0.796,0.342,0.348,0.346,0.122,0.175,0.035,0.226,0.394,0.367,"2016",FALSE,0,0,42,FALSE
"369","J.J. Redick","SG",0.738,"LAC",0.915,0.915,0.594,0.408,0.405,0.64,0.498,0.475,0.475,0.231,0.259,0.484,0.659,0.241,0.211,0.888,0.019,0.128,0.091,0.091,0.171,0.013,0.168,0.364,0.433,"2016",FALSE,0,0,53,FALSE
"371","Josh Richardson","SG",0.524,"MIA",0.634,0.024,0.313,0.119,0.125,0.603,0.132,0.13,0.461,0.073,0.089,0.446,0.611,0.056,0.065,0.667,0.04,0.085,0.07,0.063,0.146,0.066,0.075,0.288,0.12,"2016",FALSE,0,0,48,FALSE
"372","Austin Rivers","SG",0.548,"LAC",0.817,0.085,0.414,0.219,0.237,0.584,0.154,0.209,0.335,0.171,0.187,0.495,0.553,0.104,0.119,0.681,0.042,0.107,0.085,0.085,0.195,0.024,0.131,0.369,0.209,"2016",FALSE,0,0,53,FALSE
"373","Andre Roberson","SG",0.571,"OKC",0.854,0.854,0.44,0.132,0.126,0.661,0.08,0.116,0.311,0.108,0.096,0.608,0.617,0.044,0.056,0.611,0.151,0.171,0.164,0.04,0.215,0.112,0.075,0.358,0.119,"2016",FALSE,0,0,55,FALSE
"375","Glenn Robinson","SF",0.524,"IND",0.549,0.049,0.144,0.063,0.069,0.573,0.035,0.042,0.378,0.053,0.064,0.447,0.53,0.036,0.04,0.692,0.023,0.056,0.044,0.022,0.069,0.024,0.039,0.057,0.06,"2016",FALSE,0,0,45,FALSE
"377","Thomas Robinson","PF",0.571,"BRK",0.866,0.085,0.26,0.126,0.134,0.596,0,0.001,0,0.135,0.164,0.448,0.497,0.062,0.112,0.431,0.26,0.221,0.235,0.04,0.159,0.096,0.149,0.299,0.108,"2016",FALSE,0,0,21,FALSE
"378","Rajon Rondo","PG",0.69,"SAC",0.878,0.878,0.718,0.343,0.36,0.605,0.154,0.192,0.365,0.305,0.345,0.479,0.549,0.115,0.154,0.58,0.147,0.356,0.284,0.721,0.573,0.027,0.599,0.472,0.303,"2016",FALSE,0,0,33,FALSE
"379","Derrick Rose","PG",0.643,"CHI",0.805,0.805,0.594,0.432,0.482,0.569,0.109,0.169,0.293,0.419,0.506,0.449,0.498,0.188,0.184,0.793,0.088,0.178,0.147,0.267,0.179,0.037,0.377,0.226,0.381,"2016",FALSE,0,0,42,FALSE
"380","Terrence Ross","SF",0.571,"TOR",0.89,0.085,0.494,0.261,0.288,0.575,0.326,0.383,0.386,0.145,0.162,0.484,0.596,0.065,0.064,0.79,0.04,0.163,0.121,0.048,0.22,0.066,0.099,0.323,0.254,"2016",FALSE,0,0,56,FALSE
"381","Terry Rozier","PG",0.5,"BOS",0.476,0,0.088,0.028,0.049,0.365,0.015,0.03,0.222,0.024,0.045,0.291,0.336,0.011,0.01,0.8,0.046,0.039,0.041,0.032,0.024,0.003,0.041,0.062,0.025,"2016",FALSE,0,0,48,FALSE
"382","Ricky Rubio","PG",0.595,"MIN",0.927,0.927,0.658,0.212,0.27,0.499,0.154,0.214,0.326,0.163,0.223,0.396,0.474,0.352,0.323,0.847,0.076,0.284,0.213,0.565,0.659,0.027,0.416,0.542,0.27,"2016",FALSE,0,0,29,FALSE
"383","Damjan Rudez","SF",0.69,"MIN",0.402,0,0.078,0.024,0.029,0.537,0.042,0.056,0.34,0.008,0.007,0.667,0.6,0.011,0.008,1,0.01,0.015,0.013,0.009,0.012,0.003,0.028,0.089,0.026,"2016",FALSE,0,0,29,FALSE
"384","Brandon Rush","SG",0.714,"GSW",0.878,0.305,0.299,0.107,0.12,0.569,0.162,0.177,0.414,0.048,0.058,0.447,0.613,0.024,0.029,0.643,0.04,0.159,0.118,0.049,0.081,0.061,0.071,0.154,0.108,"2016",FALSE,0,0,73,FALSE
"385","D'Angelo Russell","PG",0.452,"LAL",0.976,0.585,0.639,0.379,0.44,0.547,0.323,0.418,0.351,0.273,0.331,0.447,0.531,0.185,0.195,0.737,0.09,0.225,0.179,0.229,0.378,0.035,0.422,0.383,0.372,"2016",FALSE,0,0,17,FALSE
"388","Dennis Schroder","PG",0.524,"ATL",0.976,0.073,0.459,0.318,0.359,0.561,0.192,0.27,0.322,0.262,0.306,0.465,0.523,0.19,0.187,0.791,0.048,0.178,0.133,0.3,0.285,0.024,0.394,0.372,0.31,"2016",FALSE,0,0,48,FALSE
"389","Luis Scola","PF",0.833,"TOR",0.927,0.927,0.463,0.26,0.275,0.6,0.162,0.182,0.404,0.212,0.246,0.467,0.56,0.081,0.086,0.726,0.161,0.274,0.235,0.057,0.187,0.072,0.147,0.48,0.234,"2016",FALSE,0,0,56,FALSE
"390","Mike Scott","PF",0.643,"ATL",0.915,0,0.324,0.17,0.173,0.624,0.154,0.178,0.392,0.119,0.123,0.523,0.612,0.066,0.065,0.794,0.101,0.152,0.135,0.067,0.102,0.045,0.091,0.275,0.164,"2016",FALSE,0,0,48,FALSE
"391","Thabo Sefolosha","SF",0.738,"ATL",0.915,0.134,0.498,0.182,0.171,0.673,0.104,0.14,0.339,0.152,0.14,0.589,0.624,0.082,0.102,0.626,0.099,0.28,0.218,0.092,0.346,0.098,0.147,0.294,0.169,"2016",FALSE,0,0,48,FALSE
"392","Kevin Seraphin","C",0.619,"NYK",0.585,0,0.149,0.081,0.094,0.547,0,0.002,0,0.087,0.114,0.414,0.456,0.025,0.024,0.826,0.059,0.094,0.082,0.04,0.033,0.096,0.093,0.181,0.066,"2016",FALSE,0,0,32,FALSE
"393","Ramon Sessions","PG",0.69,"WAS",1,0.061,0.472,0.271,0.272,0.631,0.09,0.125,0.324,0.254,0.271,0.507,0.559,0.283,0.291,0.756,0.048,0.177,0.133,0.205,0.187,0.013,0.248,0.275,0.286,"2016",FALSE,0,0,41,FALSE
"394","Iman Shumpert","SG",0.595,"CLE",0.659,0.061,0.372,0.11,0.14,0.499,0.107,0.165,0.295,0.074,0.09,0.447,0.493,0.053,0.052,0.784,0.061,0.17,0.133,0.079,0.22,0.051,0.123,0.321,0.11,"2016",FALSE,0,0,57,FALSE
"395","Jonathon Simmons","SG",0.619,"SAS",0.671,0.024,0.23,0.118,0.111,0.672,0.045,0.053,0.383,0.108,0.11,0.533,0.601,0.091,0.095,0.75,0.031,0.079,0.063,0.05,0.098,0.013,0.114,0.278,0.117,"2016",FALSE,0,0,67,FALSE
"397","Kyle Singler","SF",0.643,"OKC",0.829,0.024,0.277,0.083,0.102,0.519,0.075,0.109,0.309,0.058,0.07,0.452,0.508,0.038,0.045,0.659,0.096,0.09,0.092,0.021,0.122,0.024,0.069,0.323,0.082,"2016",FALSE,0,0,55,FALSE
"398","Donald Sloan","PG",0.667,"BRK",0.744,0.402,0.373,0.149,0.161,0.587,0.095,0.112,0.384,0.121,0.142,0.462,0.549,0.103,0.107,0.75,0.033,0.155,0.113,0.23,0.13,0.011,0.172,0.197,0.15,"2016",FALSE,0,0,21,FALSE
"399","Marcus Smart","PG",0.5,"BOS",0.744,0.122,0.472,0.178,0.243,0.464,0.152,0.272,0.253,0.128,0.162,0.427,0.45,0.171,0.171,0.777,0.145,0.178,0.167,0.159,0.37,0.048,0.172,0.493,0.197,"2016",FALSE,0,0,48,FALSE
"402","J.R. Smith","SG",0.714,"CLE",0.939,0.939,0.669,0.341,0.391,0.553,0.507,0.576,0.4,0.155,0.192,0.438,0.594,0.06,0.073,0.634,0.082,0.173,0.142,0.112,0.329,0.056,0.127,0.55,0.337,"2016",FALSE,0,0,57,FALSE
"403","Jason Smith","C",0.69,"ORL",0.927,0.024,0.334,0.236,0.231,0.647,0.01,0.018,0.25,0.25,0.275,0.493,0.543,0.071,0.069,0.806,0.101,0.165,0.143,0.053,0.134,0.173,0.123,0.439,0.193,"2016",FALSE,0,0,35,FALSE
"405","Russ Smith","PG",0.571,"MEM",0.183,0,0.019,0.007,0.01,0.424,0.002,0.006,0.2,0.006,0.01,0.353,0.379,0.011,0.013,0.615,0.002,0.008,0.006,0.009,0.02,0.003,0.015,0.013,0.008,"2016",FALSE,0,0,42,FALSE
"406","Tony Snell","SF",0.571,"CHI",0.78,0.402,0.368,0.122,0.156,0.496,0.139,0.175,0.361,0.073,0.104,0.38,0.504,0.04,0.034,0.909,0.036,0.179,0.13,0.054,0.065,0.045,0.112,0.27,0.119,"2016",FALSE,0,0,42,FALSE
"407","Marreese Speights","C",0.667,"GSW",0.878,0,0.235,0.191,0.21,0.576,0.06,0.07,0.387,0.18,0.222,0.439,0.509,0.124,0.117,0.825,0.147,0.161,0.156,0.052,0.077,0.09,0.142,0.315,0.181,"2016",FALSE,0,0,73,FALSE
"408","Tiago Splitter","C",0.738,"ATL",0.439,0.024,0.164,0.078,0.071,0.697,0,0.002,0,0.084,0.086,0.529,0.581,0.052,0.049,0.813,0.086,0.074,0.078,0.026,0.081,0.032,0.052,0.191,0.071,"2016",FALSE,0,0,48,FALSE
"409","Nik Stauskas","SG",0.524,"PHI",0.89,0.427,0.512,0.203,0.251,0.513,0.264,0.367,0.326,0.108,0.124,0.473,0.537,0.12,0.121,0.771,0.044,0.159,0.12,0.119,0.179,0.053,0.203,0.31,0.218,"2016",FALSE,0,0,10,FALSE
"414","Rodney Stuckey","PG",0.69,"IND",0.707,0.012,0.361,0.177,0.204,0.551,0.05,0.094,0.241,0.17,0.203,0.453,0.484,0.173,0.163,0.829,0.036,0.136,0.102,0.122,0.175,0.021,0.164,0.208,0.183,"2016",FALSE,0,0,45,FALSE
"415","Jared Sullinger","PF",0.548,"BOS",0.988,0.89,0.542,0.339,0.371,0.58,0.072,0.116,0.282,0.335,0.397,0.458,0.503,0.136,0.166,0.64,0.371,0.476,0.44,0.161,0.305,0.125,0.22,0.563,0.294,"2016",FALSE,0,0,48,FALSE
"417","Jeff Teague","PG",0.643,"ATL",0.963,0.951,0.638,0.42,0.455,0.585,0.274,0.31,0.4,0.337,0.402,0.454,0.55,0.345,0.321,0.837,0.063,0.18,0.14,0.404,0.394,0.064,0.47,0.45,0.438,"2016",FALSE,0,0,48,FALSE
"418","Mirza Teletovic","PF",0.714,"PHO",0.963,0.012,0.477,0.321,0.358,0.569,0.45,0.519,0.393,0.157,0.179,0.476,0.604,0.159,0.159,0.774,0.105,0.245,0.197,0.076,0.13,0.056,0.181,0.429,0.341,"2016",FALSE,0,0,23,FALSE
"419","Garrett Temple","SF",0.69,"WAS",0.976,0.524,0.552,0.194,0.232,0.531,0.221,0.291,0.345,0.117,0.139,0.453,0.54,0.12,0.129,0.728,0.069,0.175,0.139,0.12,0.28,0.048,0.138,0.526,0.206,"2016",FALSE,0,0,41,FALSE
"420","Jason Terry","SG",0.905,"HOU",0.878,0.085,0.356,0.146,0.173,0.536,0.231,0.295,0.356,0.06,0.065,0.504,0.583,0.036,0.034,0.818,0.027,0.065,0.052,0.088,0.191,0.024,0.106,0.245,0.149,"2016",FALSE,0,0,41,FALSE
"421","Isaiah Thomas","PG",0.619,"BOS",1,0.963,0.748,0.572,0.636,0.571,0.415,0.525,0.359,0.441,0.517,0.462,0.542,0.627,0.56,0.871,0.088,0.196,0.159,0.437,0.37,0.024,0.474,0.45,0.644,"2016",FALSE,0,0,48,FALSE
"422","Lance Thomas","PF",0.643,"NYK",0.72,0.061,0.372,0.163,0.176,0.589,0.109,0.123,0.404,0.13,0.154,0.458,0.556,0.135,0.122,0.857,0.065,0.096,0.086,0.046,0.089,0.019,0.123,0.294,0.171,"2016",FALSE,0,0,32,FALSE
"423","Hollis Thompson","SG",0.571,"PHI",0.939,0.207,0.61,0.261,0.313,0.529,0.371,0.442,0.38,0.126,0.162,0.42,0.563,0.091,0.099,0.719,0.103,0.216,0.178,0.085,0.146,0.064,0.164,0.504,0.268,"2016",FALSE,0,0,10,FALSE
"425","Klay Thompson","SG",0.595,"GSW",0.976,0.976,0.755,0.63,0.638,0.627,0.687,0.734,0.425,0.39,0.415,0.51,0.632,0.255,0.227,0.873,0.067,0.269,0.2,0.143,0.244,0.13,0.297,0.41,0.625,"2016",FALSE,0,0,73,FALSE
"428","Anthony Tolliver","PF",0.714,"DET",0.878,0.061,0.38,0.124,0.153,0.515,0.244,0.307,0.36,0.031,0.034,0.5,0.592,0.038,0.048,0.617,0.075,0.189,0.15,0.045,0.106,0.043,0.06,0.232,0.135,"2016",FALSE,0,0,44,FALSE
"429","Axel Toupane","SF",0.548,"DEN",0.256,0,0.086,0.024,0.032,0.476,0.032,0.045,0.325,0.012,0.017,0.4,0.5,0.017,0.017,0.765,0.015,0.023,0.02,0.013,0.028,0.016,0.013,0.108,0.027,"2016",FALSE,0,0,33,FALSE
"430","Karl-Anthony Towns","C",0.476,"MIN",1,1,0.744,0.604,0.531,0.723,0.075,0.099,0.341,0.619,0.601,0.559,0.617,0.295,0.283,0.811,0.438,0.625,0.561,0.138,0.236,0.367,0.394,0.66,0.531,"2016",FALSE,0,0,29,FALSE
"431","P.J. Tucker","SF",0.714,"PHO",1,0.976,0.719,0.231,0.268,0.548,0.169,0.233,0.33,0.178,0.212,0.455,0.521,0.14,0.146,0.746,0.315,0.345,0.335,0.152,0.431,0.053,0.239,0.544,0.23,"2016",FALSE,0,0,23,FALSE
"432","Evan Turner","SG",0.643,"BOS",0.988,0.146,0.643,0.332,0.347,0.608,0.05,0.094,0.241,0.336,0.378,0.482,0.521,0.196,0.184,0.827,0.096,0.345,0.259,0.308,0.325,0.074,0.364,0.375,0.302,"2016",FALSE,0,0,48,FALSE
"433","Myles Turner","C",0.452,"IND",0.732,0.366,0.387,0.255,0.244,0.664,0.007,0.016,0.214,0.272,0.291,0.506,0.557,0.116,0.124,0.727,0.13,0.262,0.217,0.035,0.102,0.229,0.144,0.426,0.219,"2016",FALSE,0,0,45,FALSE
"437","Greivis Vasquez","PG",0.69,"MIL",0.28,0,0.13,0.044,0.064,0.435,0.045,0.082,0.247,0.028,0.037,0.415,0.434,0.029,0.027,0.846,0.01,0.042,0.031,0.078,0.041,0,0.086,0.113,0.046,"2016",FALSE,0,0,33,FALSE
"438","Rashad Vaughn","SG",0.452,"MIL",0.854,0.073,0.283,0.078,0.122,0.407,0.107,0.166,0.293,0.04,0.067,0.319,0.428,0.016,0.015,0.8,0.021,0.076,0.058,0.034,0.118,0.043,0.06,0.197,0.077,"2016",FALSE,0,0,33,FALSE
"439","Charlie Villanueva","PF",0.738,"DAL",0.756,0.049,0.188,0.121,0.15,0.509,0.117,0.194,0.273,0.081,0.087,0.503,0.504,0.029,0.025,0.917,0.046,0.127,0.099,0.021,0.073,0.04,0.067,0.191,0.113,"2016",FALSE,0,0,42,FALSE
"440","Noah Vonleh","PF",0.476,"POR",0.951,0.683,0.332,0.113,0.128,0.561,0.027,0.052,0.239,0.11,0.131,0.457,0.49,0.05,0.052,0.745,0.174,0.213,0.199,0.026,0.11,0.069,0.108,0.41,0.1,"2016",FALSE,0,0,44,FALSE
"441","Nikola Vucevic","C",0.595,"ORL",0.793,0.732,0.577,0.515,0.481,0.68,0.005,0.01,0.222,0.553,0.585,0.512,0.568,0.149,0.154,0.753,0.333,0.399,0.376,0.154,0.215,0.186,0.265,0.466,0.417,"2016",FALSE,0,0,35,FALSE
"442","Sasha Vujacic","SG",0.738,"NYK",0.744,0.305,0.257,0.103,0.127,0.511,0.129,0.161,0.364,0.056,0.076,0.403,0.53,0.042,0.04,0.821,0.05,0.122,0.097,0.072,0.138,0.013,0.095,0.224,0.105,"2016",FALSE,0,0,32,FALSE
"443","Dwyane Wade","SG",0.81,"MIA",0.902,0.89,0.639,0.522,0.544,0.608,0.017,0.05,0.159,0.555,0.642,0.468,0.51,0.426,0.418,0.793,0.157,0.218,0.197,0.296,0.321,0.112,0.438,0.313,0.498,"2016",FALSE,0,0,48,FALSE
"444","Dion Waiters","SG",0.571,"OKC",0.951,0.183,0.609,0.273,0.325,0.532,0.214,0.271,0.358,0.204,0.263,0.421,0.511,0.148,0.162,0.713,0.069,0.165,0.132,0.132,0.329,0.04,0.259,0.385,0.269,"2016",FALSE,0,0,55,FALSE
"445","Kemba Walker","PG",0.595,"CHO",0.988,0.988,0.817,0.549,0.613,0.569,0.453,0.553,0.371,0.402,0.474,0.459,0.55,0.491,0.451,0.847,0.107,0.299,0.233,0.362,0.512,0.104,0.369,0.299,0.596,"2016",FALSE,0,0,48,FALSE
"446","John Wall","PG",0.595,"WAS",0.939,0.939,0.788,0.553,0.621,0.565,0.286,0.37,0.351,0.476,0.576,0.448,0.519,0.36,0.354,0.791,0.08,0.335,0.248,0.678,0.589,0.157,0.685,0.429,0.541,"2016",FALSE,0,0,41,FALSE
"447","T.J. Warren","SF",0.524,"PHO",0.573,0.049,0.303,0.214,0.203,0.668,0.07,0.079,0.4,0.201,0.209,0.52,0.592,0.06,0.066,0.703,0.109,0.089,0.096,0.038,0.15,0.043,0.069,0.253,0.182,"2016",FALSE,0,0,23,FALSE
"448","C.J. Watson","PG",0.738,"ORL",0.402,0.024,0.186,0.045,0.063,0.457,0.035,0.054,0.292,0.034,0.05,0.371,0.438,0.045,0.04,0.872,0.019,0.056,0.043,0.076,0.077,0.013,0.054,0.132,0.05,"2016",FALSE,0,0,35,FALSE
"451","David West","PF",0.833,"SAS",0.951,0.232,0.397,0.236,0.206,0.727,0.007,0.008,0.429,0.251,0.249,0.546,0.609,0.083,0.082,0.788,0.138,0.235,0.202,0.123,0.179,0.146,0.147,0.383,0.196,"2016",FALSE,0,0,67,FALSE
"452","Russell Westbrook","PG",0.643,"OKC",0.976,0.976,0.778,0.634,0.665,0.605,0.251,0.385,0.296,0.578,0.622,0.503,0.543,0.615,0.59,0.812,0.277,0.478,0.409,0.716,0.663,0.053,0.737,0.539,0.663,"2016",FALSE,0,0.371,55,TRUE
"454","Shayne Whittington","PF",0.571,"IND",0.085,0,0.012,0.005,0.005,0.607,0,0.002,0,0.005,0.005,0.556,0.506,0.001,0.002,0.5,0.01,0.007,0.008,0.003,0.004,0.003,0.011,0.019,0.004,"2016",FALSE,0,0,45,FALSE
"455","Andrew Wiggins","SF",0.476,"MIN",0.988,0.988,0.805,0.574,0.595,0.612,0.142,0.214,0.3,0.559,0.623,0.486,0.534,0.569,0.581,0.761,0.201,0.185,0.19,0.141,0.317,0.122,0.392,0.445,0.591,"2016",FALSE,0,0,29,FALSE
"456","C.J. Wilcox","SG",0.595,"LAC",0.28,0,0.047,0.025,0.03,0.525,0.022,0.026,0.391,0.018,0.024,0.395,0.513,0.012,0.012,0.75,0.002,0.011,0.008,0.009,0.041,0.005,0.004,0.04,0.025,"2016",FALSE,0,0,53,FALSE
"458","Deron Williams","PG",0.738,"DAL",0.793,0.768,0.596,0.31,0.357,0.552,0.241,0.318,0.344,0.233,0.278,0.454,0.53,0.237,0.212,0.869,0.036,0.17,0.124,0.325,0.248,0.037,0.323,0.418,0.324,"2016",FALSE,0,0,42,FALSE
"459","Derrick Williams","SF",0.571,"NYK",0.976,0.11,0.406,0.246,0.26,0.6,0.109,0.169,0.293,0.219,0.234,0.506,0.542,0.257,0.263,0.758,0.09,0.247,0.193,0.064,0.118,0.024,0.131,0.186,0.263,"2016",FALSE,0,0,32,FALSE
"460","Elliot Williams","PG",0.619,"MEM",0.061,0,0.013,0.002,0.005,0.267,0.002,0.005,0.25,0.001,0.003,0.167,0.278,0.004,0.004,0.75,0.002,0.003,0.003,0.003,0,0,0.002,0.005,0.003,"2016",FALSE,0,0,42,FALSE
"461","Lou Williams","SG",0.69,"LAL",0.817,0.427,0.54,0.274,0.319,0.544,0.274,0.361,0.344,0.18,0.21,0.464,0.542,0.466,0.436,0.83,0.059,0.137,0.11,0.143,0.252,0.051,0.231,0.288,0.363,"2016",FALSE,0,0,17,FALSE
"462","Marvin Williams","PF",0.69,"CHO",0.988,0.988,0.662,0.327,0.344,0.603,0.378,0.427,0.402,0.194,0.208,0.504,0.616,0.159,0.148,0.833,0.243,0.391,0.341,0.095,0.236,0.205,0.134,0.358,0.335,"2016",FALSE,0,0,48,FALSE
"463","Mo Williams","PG",0.786,"CLE",0.5,0.171,0.212,0.128,0.139,0.583,0.09,0.115,0.353,0.1,0.113,0.48,0.552,0.05,0.043,0.905,0.011,0.066,0.047,0.084,0.057,0.013,0.123,0.162,0.119,"2016",FALSE,0,0,57,FALSE
"464","Justise Winslow","SF",0.452,"MIA",0.951,0.098,0.632,0.189,0.213,0.563,0.08,0.131,0.276,0.17,0.195,0.471,0.508,0.106,0.12,0.684,0.155,0.32,0.263,0.101,0.276,0.069,0.205,0.496,0.177,"2016",FALSE,0,0,48,FALSE
"465","Jeff Withey","C",0.595,"UTA",0.622,0.122,0.186,0.084,0.075,0.716,0,0.002,0,0.091,0.09,0.544,0.597,0.057,0.061,0.729,0.107,0.116,0.113,0.017,0.085,0.141,0.06,0.202,0.077,"2016",FALSE,0,0,40,FALSE
"466","Christian Wood","PF",0.476,"PHI",0.207,0,0.041,0.021,0.024,0.553,0.01,0.012,0.364,0.019,0.024,0.429,0.503,0.017,0.022,0.619,0.025,0.025,0.025,0.003,0.02,0.019,0.004,0.03,0.022,"2016",FALSE,0,0,10,FALSE
"467","Metta World Peace","SF",0.857,"LAL",0.427,0.061,0.167,0.053,0.081,0.415,0.065,0.095,0.31,0.03,0.052,0.312,0.427,0.053,0.059,0.702,0.036,0.07,0.058,0.023,0.089,0.029,0.032,0.181,0.062,"2016",FALSE,0,0,17,FALSE
"469","Delon Wright","PG",0.548,"TOR",0.329,0.012,0.065,0.035,0.037,0.6,0.012,0.015,0.385,0.032,0.038,0.463,0.534,0.034,0.036,0.743,0.015,0.029,0.024,0.027,0.033,0.008,0.034,0.019,0.036,"2016",FALSE,0,0,56,FALSE
"470","Tony Wroten","PG",0.524,"PHI",0.098,0.037,0.041,0.021,0.03,0.451,0.007,0.019,0.176,0.02,0.027,0.396,0.402,0.026,0.038,0.541,0.004,0.019,0.014,0.017,0.012,0,0.062,0.03,0.024,"2016",FALSE,0,0,10,FALSE
"471","James Young","SG",0.476,"BOS",0.354,0,0.056,0.011,0.017,0.408,0.015,0.029,0.231,0.005,0.006,0.5,0.432,0.001,0.004,0.25,0.008,0.022,0.017,0.008,0.024,0.003,0.011,0.046,0.01,"2016",FALSE,0,0,48,FALSE
"472","Joe Young","PG",0.548,"IND",0.5,0,0.109,0.06,0.078,0.489,0.025,0.052,0.217,0.054,0.069,0.423,0.44,0.026,0.026,0.8,0.011,0.044,0.033,0.056,0.061,0,0.071,0.081,0.054,"2016",FALSE,0,0,45,FALSE
"473","Nick Young","SG",0.714,"LAL",0.659,0.024,0.292,0.122,0.171,0.452,0.192,0.267,0.325,0.051,0.076,0.363,0.491,0.083,0.078,0.829,0.027,0.082,0.063,0.029,0.093,0.019,0.065,0.135,0.138,"2016",FALSE,0,0,17,FALSE
"474","Thaddeus Young","PF",0.643,"BRK",0.89,0.89,0.681,0.479,0.443,0.685,0.017,0.034,0.233,0.508,0.526,0.523,0.576,0.139,0.168,0.644,0.337,0.481,0.431,0.116,0.455,0.098,0.293,0.491,0.389,"2016",FALSE,0,0,21,FALSE
"475","Cody Zeller","C",0.548,"CHO",0.89,0.732,0.502,0.223,0.201,0.705,0.002,0.011,0.1,0.239,0.241,0.539,0.589,0.231,0.239,0.754,0.264,0.315,0.297,0.061,0.232,0.168,0.147,0.55,0.225,"2016",FALSE,0,0,48,FALSE
"  1","Alex Abrines","SG",0.548,"OKC",0.829,0.073,0.299,0.13,0.157,0.524,0.234,0.279,0.381,0.042,0.053,0.426,0.59,0.058,0.05,0.898,0.034,0.068,0.056,0.034,0.15,0.021,0.071,0.307,0.143,"2017",FALSE,0,0,47,FALSE
"  3","Steven Adams","C",0.548,"OKC",0.976,0.976,0.676,0.362,0.301,0.761,0,0.001,0,0.389,0.369,0.572,0.634,0.208,0.264,0.611,0.537,0.33,0.401,0.074,0.362,0.207,0.315,0.526,0.32,"2017",FALSE,0,0,47,FALSE
"  4","Arron Afflalo","SG",0.738,"SAC",0.744,0.549,0.447,0.179,0.193,0.587,0.154,0.17,0.411,0.128,0.152,0.457,0.571,0.11,0.096,0.892,0.017,0.115,0.082,0.067,0.085,0.016,0.091,0.28,0.182,"2017",FALSE,0,0,32,FALSE
"  5","Alexis Ajinca","C",0.667,"NOP",0.476,0.183,0.165,0.086,0.082,0.667,0,0.005,0,0.093,0.098,0.511,0.556,0.038,0.041,0.725,0.088,0.13,0.116,0.01,0.081,0.059,0.067,0.208,0.073,"2017",FALSE,0,0,34,FALSE
"  7","LaMarcus Aldridge","PF",0.738,"SAS",0.878,0.878,0.661,0.484,0.483,0.636,0.057,0.063,0.411,0.496,0.56,0.48,0.542,0.291,0.279,0.812,0.329,0.349,0.342,0.119,0.187,0.234,0.211,0.426,0.439,"2017",FALSE,0,0,61,FALSE
"  8","Lavoy Allen","PF",0.643,"IND",0.744,0.061,0.247,0.074,0.077,0.611,0,0.001,0,0.08,0.094,0.461,0.509,0.03,0.034,0.697,0.201,0.113,0.143,0.049,0.073,0.064,0.062,0.21,0.062,"2017",FALSE,0,0,42,FALSE
"  9","Tony Allen","SG",0.833,"MEM",0.866,0.805,0.542,0.265,0.274,0.615,0.037,0.061,0.278,0.27,0.305,0.479,0.526,0.106,0.134,0.615,0.317,0.223,0.256,0.084,0.467,0.077,0.216,0.48,0.227,"2017",FALSE,0,0,43,FALSE
" 10","Al-Farouq Aminu","PF",0.619,"POR",0.744,0.305,0.502,0.177,0.214,0.524,0.174,0.239,0.33,0.118,0.143,0.445,0.52,0.127,0.14,0.706,0.147,0.371,0.295,0.085,0.244,0.117,0.203,0.275,0.188,"2017",FALSE,0,0,41,FALSE
" 11","Chris Andersen","C",0.905,"CLE",0.146,0,0.032,0.009,0.01,0.545,0,0.003,0,0.009,0.011,0.474,0.454,0.013,0.014,0.714,0.017,0.022,0.02,0.004,0.02,0.019,0.011,0.054,0.01,"2017",FALSE,0,0,51,FALSE
" 12","Alan Anderson","SF",0.81,"LAC",0.366,0,0.087,0.029,0.037,0.5,0.035,0.05,0.318,0.017,0.02,0.444,0.514,0.016,0.016,0.75,0.006,0.021,0.016,0.009,0.012,0,0.015,0.094,0.03,"2017",FALSE,0,0,51,FALSE
" 14","Kyle Anderson","SF",0.548,"SAS",0.878,0.171,0.289,0.09,0.096,0.593,0.037,0.045,0.375,0.081,0.095,0.462,0.534,0.06,0.059,0.789,0.063,0.174,0.136,0.078,0.207,0.069,0.084,0.17,0.087,"2017",FALSE,0,0,61,FALSE
" 15","Ryan Anderson","PF",0.667,"HOU",0.878,0.878,0.599,0.312,0.356,0.557,0.507,0.571,0.403,0.124,0.151,0.446,0.611,0.171,0.154,0.86,0.214,0.216,0.216,0.058,0.126,0.037,0.119,0.383,0.346,"2017",FALSE,0,0,55,FALSE
" 16","Giannis Antetokounmpo","SF",0.524,"MIL",0.976,0.976,0.805,0.634,0.579,0.695,0.122,0.203,0.272,0.632,0.609,0.563,0.601,0.623,0.63,0.77,0.272,0.554,0.458,0.373,0.533,0.402,0.504,0.663,0.647,"2017",FALSE,0,0.007,42,TRUE
" 17","Carmelo Anthony","SF",0.762,"NYK",0.902,0.902,0.718,0.582,0.639,0.577,0.376,0.475,0.359,0.469,0.546,0.466,0.542,0.402,0.376,0.833,0.119,0.373,0.286,0.183,0.244,0.09,0.33,0.534,0.586,"2017",FALSE,0,0,31,FALSE
" 19","Trevor Ariza","SF",0.738,"HOU",0.976,0.976,0.785,0.315,0.367,0.545,0.475,0.626,0.344,0.14,0.137,0.556,0.587,0.123,0.13,0.738,0.103,0.401,0.299,0.15,0.598,0.053,0.157,0.358,0.331,"2017",FALSE,0,0,55,FALSE
" 20","Darrell Arthur","PF",0.667,"DEN",0.5,0.085,0.181,0.092,0.099,0.589,0.132,0.132,0.453,0.044,0.055,0.429,0.628,0.025,0.023,0.864,0.048,0.086,0.073,0.036,0.077,0.056,0.078,0.205,0.093,"2017",FALSE,0,0,40,FALSE
" 22","D.J. Augustin","PG",0.69,"ORL",0.951,0.244,0.435,0.189,0.238,0.503,0.236,0.309,0.347,0.104,0.137,0.412,0.521,0.173,0.166,0.814,0.029,0.101,0.076,0.18,0.126,0.003,0.194,0.272,0.218,"2017",FALSE,0,0,29,FALSE
" 23","Luke Babbitt","SF",0.643,"MIA",0.829,0.671,0.301,0.109,0.129,0.536,0.216,0.237,0.414,0.027,0.04,0.366,0.619,0.015,0.015,0.733,0.023,0.128,0.092,0.031,0.081,0.029,0.054,0.318,0.114,"2017",FALSE,0,0,41,FALSE
" 24","Ron Baker","SG",0.548,"NYK",0.634,0.159,0.243,0.079,0.1,0.504,0.057,0.097,0.267,0.061,0.074,0.45,0.479,0.037,0.044,0.651,0.023,0.085,0.064,0.092,0.138,0.021,0.121,0.199,0.076,"2017",FALSE,0,0,31,FALSE
" 25","Wade Baldwin","PG",0.476,"MEM",0.402,0.012,0.115,0.035,0.053,0.417,0.007,0.025,0.136,0.034,0.052,0.355,0.362,0.041,0.038,0.838,0.021,0.035,0.03,0.052,0.073,0.019,0.084,0.108,0.037,"2017",FALSE,0,0,43,FALSE
" 26","Leandro Barbosa","SG",0.81,"PHO",0.817,0,0.273,0.166,0.18,0.585,0.087,0.111,0.357,0.143,0.166,0.466,0.537,0.053,0.046,0.889,0.029,0.088,0.068,0.07,0.126,0.021,0.103,0.221,0.148,"2017",FALSE,0,0,24,FALSE
" 27","J.J. Barea","PG",0.762,"DAL",0.427,0.073,0.218,0.137,0.158,0.552,0.132,0.167,0.358,0.093,0.11,0.456,0.546,0.058,0.052,0.863,0.017,0.074,0.055,0.166,0.057,0.003,0.136,0.081,0.135,"2017",FALSE,0,0,33,FALSE
" 28","Harrison Barnes","PF",0.571,"DAL",0.963,0.963,0.793,0.579,0.589,0.624,0.194,0.251,0.351,0.542,0.597,0.492,0.553,0.32,0.289,0.861,0.178,0.299,0.258,0.1,0.264,0.04,0.22,0.345,0.536,"2017",FALSE,0,0,33,FALSE
" 30","Will Barton","SG",0.619,"DEN",0.732,0.232,0.483,0.285,0.306,0.591,0.216,0.265,0.37,0.216,0.243,0.483,0.564,0.189,0.195,0.753,0.111,0.2,0.169,0.177,0.195,0.074,0.209,0.296,0.29,"2017",FALSE,0,0,40,FALSE
" 31","Brandon Bass","PF",0.738,"LAC",0.634,0,0.163,0.103,0.086,0.767,0.002,0.003,0.333,0.11,0.103,0.579,0.642,0.102,0.091,0.875,0.082,0.085,0.084,0.018,0.057,0.029,0.062,0.121,0.103,"2017",FALSE,0,0,51,FALSE
" 32","Nicolas Batum","SG",0.667,"CHO",0.939,0.939,0.741,0.38,0.449,0.537,0.336,0.457,0.333,0.268,0.321,0.453,0.524,0.321,0.292,0.856,0.088,0.432,0.314,0.392,0.35,0.077,0.418,0.294,0.411,"2017",FALSE,0,0,36,FALSE
" 33","Jerryd Bayless","PG",0.667,"PHI",0.037,0.012,0.02,0.011,0.015,0.459,0.005,0.006,0.4,0.009,0.015,0.333,0.417,0.012,0.01,0.9,0.006,0.009,0.008,0.011,0,0,0.019,0.011,0.012,"2017",FALSE,0,0,28,FALSE
" 35","Kent Bazemore","SF",0.643,"ATL",0.89,0.78,0.556,0.285,0.332,0.545,0.229,0.3,0.346,0.211,0.257,0.446,0.526,0.157,0.173,0.708,0.086,0.185,0.151,0.152,0.37,0.138,0.269,0.445,0.283,"2017",FALSE,0,0,43,FALSE
" 36","Bradley Beal","SG",0.548,"WAS",0.939,0.939,0.76,0.616,0.608,0.643,0.555,0.623,0.404,0.431,0.434,0.538,0.629,0.373,0.352,0.825,0.101,0.186,0.157,0.229,0.337,0.056,0.336,0.456,0.628,"2017",FALSE,0,0,49,FALSE
" 37","Malik Beasley","SG",0.476,"DEN",0.268,0.012,0.047,0.032,0.034,0.603,0.022,0.032,0.321,0.025,0.025,0.533,0.571,0.011,0.01,0.8,0.01,0.012,0.011,0.009,0.028,0,0.017,0.027,0.029,"2017",FALSE,0,0,40,FALSE
" 38","Michael Beasley","PF",0.667,"MIL",0.683,0.073,0.265,0.209,0.187,0.709,0.045,0.049,0.419,0.206,0.205,0.545,0.616,0.103,0.108,0.743,0.076,0.152,0.126,0.046,0.11,0.072,0.142,0.248,0.186,"2017",FALSE,0,0,42,FALSE
" 39","Marco Belinelli","SG",0.714,"CHO",0.902,0,0.503,0.255,0.283,0.572,0.254,0.319,0.36,0.169,0.187,0.488,0.569,0.198,0.173,0.893,0.027,0.163,0.116,0.126,0.179,0.024,0.151,0.243,0.275,"2017",FALSE,0,0,36,FALSE
" 40","DeAndre' Bembry","SF",0.524,"ATL",0.463,0.012,0.105,0.045,0.045,0.64,0.002,0.02,0.056,0.048,0.045,0.575,0.539,0.008,0.016,0.375,0.027,0.045,0.039,0.024,0.033,0.013,0.034,0.057,0.036,"2017",FALSE,0,0,43,FALSE
" 41","Dragan Bender","PF",0.452,"PHO",0.524,0,0.162,0.055,0.074,0.472,0.07,0.114,0.277,0.03,0.034,0.483,0.49,0.005,0.011,0.364,0.044,0.079,0.067,0.02,0.041,0.059,0.069,0.199,0.052,"2017",FALSE,0,0,24,FALSE
" 42","Anthony Bennett","PF",0.548,"BRK",0.28,0.012,0.075,0.037,0.042,0.551,0.032,0.054,0.271,0.026,0.025,0.568,0.538,0.034,0.037,0.722,0.048,0.053,0.051,0.01,0.02,0.008,0.026,0.049,0.041,"2017",FALSE,0,0,20,FALSE
" 44","Davis Bertans","PF",0.571,"SAS",0.817,0.073,0.229,0.1,0.108,0.587,0.172,0.195,0.399,0.035,0.034,0.557,0.653,0.037,0.035,0.824,0.042,0.075,0.064,0.04,0.081,0.074,0.069,0.202,0.107,"2017",FALSE,0,0,61,FALSE
" 45","Patrick Beverley","SG",0.667,"HOU",0.817,0.817,0.583,0.221,0.25,0.56,0.274,0.325,0.382,0.123,0.144,0.463,0.579,0.097,0.098,0.768,0.182,0.296,0.257,0.241,0.402,0.066,0.216,0.598,0.226,"2017",FALSE,0,0,55,FALSE
" 47","Nemanja Bjelica","PF",0.667,"MIN",0.793,0.012,0.337,0.146,0.164,0.565,0.139,0.2,0.316,0.099,0.101,0.531,0.559,0.06,0.063,0.738,0.109,0.186,0.159,0.068,0.163,0.053,0.127,0.415,0.142,"2017",FALSE,0,0,31,FALSE
" 48","Tarik Black","C",0.595,"LAL",0.817,0.195,0.309,0.145,0.135,0.68,0.002,0.002,0.5,0.155,0.165,0.51,0.569,0.108,0.112,0.752,0.275,0.198,0.224,0.034,0.118,0.117,0.125,0.466,0.135,"2017",FALSE,0,0,26,FALSE
" 49","Eric Bledsoe","PG",0.643,"PHO",0.805,0.805,0.616,0.434,0.476,0.579,0.259,0.35,0.335,0.359,0.408,0.477,0.539,0.513,0.471,0.847,0.099,0.266,0.209,0.359,0.37,0.082,0.483,0.442,0.491,"2017",FALSE,0,0,24,FALSE
" 52","Joel Bolomboy","PF",0.548,"UTA",0.146,0,0.015,0.009,0.007,0.751,0.002,0.005,0.25,0.008,0.007,0.667,0.66,0.004,0.006,0.5,0.008,0.013,0.011,0.002,0.004,0.005,0.004,0.003,0.008,"2017",FALSE,0,0,51,FALSE
" 53","Devin Booker","SG",0.476,"PHO",0.951,0.951,0.773,0.586,0.659,0.564,0.366,0.457,0.363,0.478,0.579,0.447,0.528,0.485,0.454,0.832,0.088,0.202,0.163,0.23,0.293,0.056,0.519,0.652,0.609,"2017",FALSE,0,0,24,FALSE
" 54","Trevor Booker","PF",0.69,"BRK",0.866,0.524,0.496,0.295,0.272,0.688,0.062,0.088,0.321,0.291,0.289,0.546,0.597,0.098,0.113,0.673,0.273,0.425,0.373,0.119,0.305,0.074,0.274,0.41,0.25,"2017",FALSE,0,0,20,FALSE
" 55","Avery Bradley","SG",0.619,"BOS",0.671,0.671,0.519,0.347,0.357,0.617,0.269,0.313,0.39,0.261,0.281,0.504,0.592,0.09,0.096,0.731,0.124,0.267,0.218,0.105,0.276,0.029,0.19,0.38,0.316,"2017",FALSE,0,0,53,FALSE
" 57","Malcolm Brogdon","SG",0.571,"MIL",0.915,0.341,0.561,0.28,0.292,0.609,0.194,0.218,0.404,0.221,0.249,0.48,0.576,0.144,0.13,0.865,0.09,0.165,0.139,0.272,0.341,0.032,0.244,0.377,0.271,"2017",FALSE,0,0,42,FALSE
" 58","Aaron Brooks","PG",0.762,"IND",0.793,0,0.253,0.117,0.138,0.537,0.119,0.144,0.375,0.076,0.097,0.424,0.537,0.042,0.041,0.8,0.034,0.051,0.045,0.107,0.102,0.024,0.142,0.251,0.114,"2017",FALSE,0,0,42,FALSE
" 60","Bobby Brown","PG",0.762,"HOU",0.305,0,0.035,0.022,0.028,0.511,0.035,0.04,0.4,0.009,0.014,0.36,0.556,0.003,0.002,1,0,0.006,0.004,0.012,0.004,0,0.011,0.013,0.022,"2017",FALSE,0,0,55,FALSE
" 61","Jaylen Brown","SF",0.476,"BOS",0.951,0.244,0.38,0.186,0.195,0.605,0.114,0.152,0.341,0.152,0.162,0.507,0.564,0.112,0.128,0.685,0.086,0.174,0.144,0.055,0.142,0.048,0.147,0.383,0.182,"2017",FALSE,0,0,53,FALSE
" 62","Nicolas Brussino","SG",0.548,"DAL",0.659,0.024,0.147,0.05,0.065,0.492,0.072,0.107,0.305,0.024,0.026,0.5,0.524,0.022,0.023,0.773,0.05,0.069,0.062,0.04,0.069,0.021,0.056,0.116,0.053,"2017",FALSE,0,0,33,FALSE
" 63","Reggie Bullock","SF",0.595,"DET",0.378,0.061,0.132,0.052,0.059,0.563,0.07,0.082,0.384,0.027,0.031,0.473,0.59,0.007,0.007,0.714,0.025,0.051,0.042,0.025,0.073,0.008,0.022,0.059,0.05,"2017",FALSE,0,0,37,FALSE
" 64","Trey Burke","PG",0.571,"WAS",0.695,0,0.199,0.112,0.117,0.607,0.077,0.079,0.443,0.088,0.104,0.459,0.573,0.029,0.03,0.759,0.013,0.04,0.031,0.086,0.045,0.013,0.103,0.146,0.101,"2017",FALSE,0,0,49,FALSE
" 65","Alec Burks","SG",0.595,"UTA",0.512,0,0.185,0.096,0.114,0.532,0.062,0.086,0.329,0.077,0.097,0.43,0.5,0.079,0.08,0.769,0.033,0.102,0.078,0.026,0.073,0.013,0.075,0.135,0.1,"2017",FALSE,0,0,51,FALSE
" 66","Jimmy Butler","SF",0.643,"CHI",0.927,0.915,0.795,0.551,0.576,0.607,0.226,0.28,0.367,0.498,0.566,0.477,0.547,0.774,0.695,0.865,0.247,0.339,0.307,0.358,0.581,0.085,0.343,0.302,0.641,"2017",FALSE,0,0,41,FALSE
" 69","Kentavious Caldwell-Pope","SG",0.548,"DET",0.927,0.915,0.716,0.358,0.427,0.532,0.381,0.493,0.35,0.226,0.277,0.442,0.534,0.204,0.19,0.832,0.105,0.192,0.162,0.166,0.362,0.032,0.185,0.318,0.37,"2017",FALSE,0,0,37,FALSE
" 70","Isaiah Canaan","SG",0.595,"CHI",0.476,0,0.168,0.061,0.08,0.485,0.062,0.106,0.266,0.04,0.045,0.481,0.484,0.04,0.034,0.909,0.011,0.044,0.033,0.032,0.089,0.003,0.045,0.094,0.064,"2017",FALSE,0,0,41,FALSE
" 72","DeMarre Carroll","SF",0.714,"TOR",0.878,0.878,0.533,0.213,0.253,0.533,0.271,0.361,0.341,0.116,0.13,0.483,0.554,0.118,0.12,0.761,0.12,0.211,0.18,0.064,0.329,0.072,0.116,0.385,0.225,"2017",FALSE,0,0,51,FALSE
" 73","Vince Carter","SF",0.952,"MEM",0.89,0.183,0.509,0.187,0.225,0.525,0.279,0.334,0.378,0.084,0.109,0.418,0.564,0.116,0.118,0.765,0.069,0.19,0.148,0.114,0.244,0.096,0.108,0.439,0.207,"2017",FALSE,0,0,43,FALSE
" 74","Michael Carter-Williams","PG",0.595,"CHI",0.549,0.232,0.239,0.108,0.141,0.488,0.037,0.072,0.234,0.101,0.136,0.401,0.434,0.077,0.079,0.753,0.046,0.128,0.1,0.097,0.154,0.061,0.142,0.275,0.105,"2017",FALSE,0,0,41,FALSE
" 76","Willie Cauley-Stein","C",0.548,"SAC",0.915,0.256,0.402,0.247,0.221,0.707,0,0.002,0,0.265,0.27,0.532,0.589,0.134,0.155,0.669,0.163,0.252,0.222,0.069,0.215,0.117,0.149,0.396,0.216,"2017",FALSE,0,0,32,FALSE
" 78","Wilson Chandler","SF",0.69,"DEN",0.866,0.402,0.622,0.419,0.432,0.615,0.274,0.368,0.337,0.336,0.346,0.527,0.578,0.187,0.2,0.727,0.197,0.355,0.301,0.121,0.207,0.08,0.246,0.464,0.394,"2017",FALSE,0,0,40,FALSE
" 79","Marquese Chriss","PF",0.452,"PHO",1,0.915,0.493,0.275,0.291,0.599,0.179,0.253,0.321,0.221,0.23,0.52,0.562,0.149,0.186,0.624,0.184,0.25,0.227,0.052,0.272,0.186,0.233,0.709,0.266,"2017",FALSE,0,0,24,FALSE
" 81","Semaj Christon","PG",0.571,"OKC",0.78,0.012,0.275,0.074,0.103,0.46,0.03,0.071,0.19,0.068,0.09,0.406,0.413,0.022,0.032,0.548,0.036,0.068,0.057,0.112,0.114,0.019,0.093,0.213,0.065,"2017",FALSE,0,0,47,FALSE
" 82","Ian Clark","SG",0.595,"GSW",0.939,0,0.322,0.204,0.199,0.649,0.152,0.184,0.374,0.156,0.152,0.556,0.62,0.058,0.06,0.759,0.042,0.098,0.079,0.077,0.159,0.021,0.119,0.208,0.186,"2017",FALSE,0,0,67,FALSE
" 83","Jordan Clarkson","SG",0.571,"LAL",1,0.232,0.678,0.461,0.493,0.593,0.291,0.402,0.329,0.375,0.403,0.503,0.556,0.177,0.173,0.798,0.094,0.196,0.161,0.183,0.358,0.021,0.353,0.404,0.425,"2017",FALSE,0,0,26,FALSE
" 84","Norris Cole","PG",0.667,"OKC",0.159,0,0.035,0.015,0.024,0.411,0.007,0.015,0.231,0.014,0.022,0.333,0.374,0.011,0.01,0.8,0,0.011,0.007,0.012,0.033,0,0.015,0.049,0.015,"2017",FALSE,0,0,47,FALSE
" 85","Darren Collison","PG",0.69,"SAC",0.829,0.78,0.584,0.329,0.329,0.635,0.182,0.198,0.417,0.278,0.304,0.495,0.586,0.194,0.176,0.86,0.044,0.128,0.099,0.268,0.272,0.024,0.246,0.321,0.318,"2017",FALSE,0,0,32,FALSE
" 86","Nick Collison","PF",0.857,"OKC",0.244,0,0.036,0.014,0.011,0.812,0,0.001,0,0.015,0.012,0.636,0.677,0.007,0.008,0.625,0.017,0.022,0.02,0.01,0.008,0.005,0.009,0.046,0.012,"2017",FALSE,0,0,47,FALSE
" 87","Mike Conley","PG",0.69,"MEM",0.841,0.829,0.649,0.449,0.464,0.613,0.425,0.473,0.408,0.305,0.333,0.497,0.606,0.418,0.379,0.859,0.059,0.209,0.158,0.372,0.374,0.051,0.336,0.34,0.5,"2017",FALSE,0,0,43,FALSE
" 88","Pat Connaughton","SG",0.571,"POR",0.476,0.012,0.089,0.036,0.033,0.685,0.042,0.037,0.515,0.021,0.022,0.513,0.702,0.009,0.009,0.778,0.019,0.042,0.034,0.024,0.024,0.005,0.037,0.062,0.035,"2017",FALSE,0,0,41,FALSE
" 91","Robert Covington","SF",0.619,"PHI",0.817,0.817,0.6,0.282,0.337,0.532,0.341,0.465,0.333,0.161,0.18,0.484,0.547,0.189,0.179,0.822,0.176,0.342,0.285,0.088,0.516,0.184,0.282,0.547,0.305,"2017",FALSE,0,0,28,FALSE
" 92","Allen Crabbe","SG",0.571,"POR",0.963,0.085,0.638,0.293,0.298,0.624,0.333,0.341,0.444,0.176,0.195,0.49,0.636,0.139,0.128,0.847,0.036,0.206,0.148,0.081,0.22,0.053,0.134,0.461,0.298,"2017",FALSE,0,0,41,FALSE
" 93","Jamal Crawford","SG",0.857,"LAC",1,0.012,0.611,0.347,0.4,0.551,0.289,0.363,0.36,0.253,0.309,0.443,0.532,0.23,0.209,0.857,0.033,0.111,0.084,0.184,0.248,0.037,0.289,0.31,0.356,"2017",FALSE,0,0,51,FALSE
" 94","Jordan Crawford","SG",0.667,"NOP",0.232,0,0.125,0.102,0.1,0.643,0.092,0.107,0.389,0.071,0.069,0.553,0.63,0.026,0.027,0.769,0.008,0.03,0.022,0.049,0.045,0.005,0.054,0.081,0.094,"2017",FALSE,0,0,34,FALSE
" 95","Jae Crowder","SF",0.619,"BOS",0.878,0.878,0.661,0.322,0.331,0.617,0.391,0.445,0.398,0.183,0.184,0.54,0.636,0.233,0.223,0.811,0.092,0.364,0.271,0.133,0.297,0.061,0.172,0.434,0.353,"2017",FALSE,0,0,53,FALSE
" 96","Dante Cunningham","PF",0.69,"NOP",0.805,0.427,0.467,0.168,0.165,0.647,0.177,0.204,0.392,0.107,0.1,0.579,0.649,0.021,0.028,0.593,0.107,0.219,0.181,0.032,0.159,0.074,0.06,0.27,0.154,"2017",FALSE,0,0,34,FALSE
" 97","Seth Curry","PG",0.619,"DAL",0.854,0.512,0.574,0.327,0.324,0.641,0.341,0.363,0.425,0.209,0.215,0.528,0.642,0.112,0.103,0.85,0.048,0.153,0.117,0.162,0.321,0.019,0.198,0.34,0.317,"2017",FALSE,0,0,33,FALSE
" 98","Stephen Curry","PG",0.667,"GSW",0.963,0.963,0.747,0.653,0.664,0.624,0.806,0.891,0.411,0.365,0.369,0.537,0.644,0.43,0.372,0.898,0.117,0.29,0.231,0.45,0.577,0.045,0.515,0.493,0.706,"2017",FALSE,0,0.051,67,TRUE
" 99","Troy Daniels","SG",0.595,"MEM",0.817,0.037,0.335,0.179,0.228,0.499,0.343,0.401,0.389,0.049,0.079,0.336,0.57,0.057,0.056,0.796,0.042,0.077,0.065,0.04,0.081,0.011,0.097,0.243,0.195,"2017",FALSE,0,0,43,FALSE
"100","Anthony Davis","C",0.548,"NOP",0.915,0.915,0.766,0.745,0.702,0.673,0.1,0.151,0.299,0.76,0.785,0.524,0.576,0.687,0.666,0.802,0.329,0.707,0.578,0.135,0.382,0.444,0.39,0.453,0.741,"2017",FALSE,0,0.002,34,TRUE
"104","Sam Dekker","PF",0.524,"HOU",0.939,0.024,0.402,0.196,0.197,0.631,0.149,0.211,0.321,0.149,0.136,0.591,0.603,0.05,0.07,0.559,0.18,0.189,0.186,0.065,0.154,0.056,0.088,0.224,0.178,"2017",FALSE,0,0,55,FALSE
"105","Malcolm Delaney","PG",0.643,"ATL",0.89,0.024,0.353,0.14,0.179,0.499,0.065,0.124,0.236,0.124,0.157,0.428,0.452,0.099,0.096,0.806,0.019,0.112,0.08,0.166,0.159,0.003,0.205,0.302,0.138,"2017",FALSE,0,0,43,FALSE
"106","Matthew Dellavedova","PG",0.619,"MIL",0.927,0.659,0.562,0.201,0.246,0.52,0.197,0.243,0.367,0.134,0.18,0.404,0.514,0.108,0.099,0.854,0.046,0.122,0.096,0.307,0.215,0,0.287,0.412,0.204,"2017",FALSE,0,0,42,FALSE
"107","Luol Deng","SF",0.738,"LAL",0.683,0.598,0.421,0.159,0.195,0.516,0.127,0.186,0.309,0.118,0.146,0.436,0.497,0.061,0.065,0.73,0.12,0.23,0.193,0.064,0.195,0.053,0.093,0.164,0.15,"2017",FALSE,0,0,26,FALSE
"108","DeMar DeRozan","SG",0.643,"TOR",0.902,0.902,0.742,0.697,0.711,0.623,0.082,0.14,0.266,0.716,0.801,0.484,0.53,0.721,0.666,0.842,0.134,0.314,0.252,0.249,0.317,0.035,0.388,0.361,0.713,"2017",FALSE,0,0.001,51,TRUE
"110","Boris Diaw","PF",0.81,"UTA",0.89,0.402,0.363,0.141,0.15,0.595,0.05,0.091,0.247,0.131,0.139,0.512,0.53,0.034,0.036,0.743,0.088,0.111,0.103,0.146,0.073,0.024,0.188,0.224,0.119,"2017",FALSE,0,0,51,FALSE
"111","Gorgui Dieng","PF",0.643,"MIN",1,1,0.751,0.321,0.304,0.669,0.04,0.049,0.372,0.329,0.349,0.511,0.571,0.18,0.172,0.814,0.359,0.456,0.423,0.136,0.358,0.253,0.231,0.685,0.288,"2017",FALSE,0,0,31,FALSE
"112","Spencer Dinwiddie","PG",0.548,"BRK",0.72,0.22,0.378,0.13,0.139,0.592,0.095,0.114,0.376,0.1,0.113,0.478,0.563,0.167,0.164,0.792,0.052,0.136,0.107,0.159,0.179,0.061,0.142,0.321,0.153,"2017",FALSE,0,0,20,FALSE
"113","Toney Douglas","PG",0.714,"MEM",0.293,0,0.112,0.042,0.054,0.491,0.017,0.047,0.167,0.037,0.042,0.48,0.441,0.032,0.03,0.828,0.025,0.048,0.04,0.048,0.073,0.013,0.045,0.135,0.041,"2017",FALSE,0,0,43,FALSE
"114","Goran Dragic","PG",0.714,"MIA",0.89,0.89,0.696,0.516,0.517,0.633,0.291,0.326,0.405,0.434,0.471,0.499,0.586,0.394,0.388,0.79,0.119,0.215,0.182,0.363,0.362,0.035,0.457,0.536,0.524,"2017",FALSE,0,0,41,FALSE
"115","Andre Drummond","C",0.548,"DET",0.988,0.988,0.682,0.467,0.419,0.707,0.005,0.008,0.286,0.501,0.51,0.532,0.59,0.181,0.365,0.386,0.66,0.765,0.729,0.077,0.504,0.237,0.328,0.639,0.39,"2017",FALSE,0,0,37,FALSE
"116","Jared Dudley","PF",0.738,"PHO",0.78,0.085,0.386,0.152,0.159,0.605,0.192,0.229,0.379,0.083,0.081,0.559,0.628,0.057,0.067,0.662,0.059,0.193,0.147,0.104,0.171,0.043,0.157,0.415,0.153,"2017",FALSE,0,0,24,FALSE
"118","Kris Dunn","PG",0.524,"MIN",0.951,0.085,0.377,0.114,0.144,0.503,0.052,0.082,0.288,0.101,0.135,0.404,0.457,0.048,0.061,0.61,0.046,0.141,0.108,0.162,0.317,0.096,0.192,0.48,0.103,"2017",FALSE,0,0,31,FALSE
"119","Kevin Durant","PF",0.667,"GSW",0.756,0.756,0.586,0.533,0.472,0.716,0.291,0.352,0.375,0.452,0.403,0.608,0.66,0.444,0.395,0.875,0.075,0.471,0.335,0.258,0.268,0.263,0.297,0.315,0.549,"2017",FALSE,0,0.002,67,TRUE
"120","Jarell Eddie","SF",0.595,"PHO",0.061,0,0.018,0.006,0.009,0.421,0.01,0.018,0.25,0.002,0.002,0.667,0.468,0.011,0.009,0.889,0.002,0.006,0.005,0,0.004,0,0.002,0.003,0.008,"2017",FALSE,0,0,24,FALSE
"121","Henry Ellenson","PF",0.476,"DET",0.232,0.024,0.041,0.022,0.029,0.479,0.025,0.04,0.286,0.014,0.016,0.448,0.487,0.005,0.008,0.5,0.015,0.033,0.027,0.006,0.004,0.003,0.03,0.016,0.021,"2017",FALSE,0,0,37,FALSE
"122","Wayne Ellington","SG",0.69,"MIA",0.756,0.159,0.425,0.223,0.255,0.555,0.371,0.445,0.378,0.085,0.091,0.509,0.611,0.049,0.044,0.86,0.034,0.113,0.086,0.06,0.142,0.011,0.065,0.189,0.229,"2017",FALSE,0,0,41,FALSE
"123","Monta Ellis","SG",0.738,"IND",0.902,0.402,0.566,0.239,0.256,0.591,0.107,0.152,0.319,0.212,0.238,0.483,0.536,0.123,0.132,0.727,0.036,0.184,0.133,0.203,0.317,0.072,0.291,0.402,0.222,"2017",FALSE,0,0,42,FALSE
"124","Joel Embiid","C",0.524,"PHI",0.378,0.378,0.222,0.193,0.197,0.621,0.09,0.111,0.367,0.171,0.187,0.495,0.564,0.253,0.251,0.783,0.117,0.181,0.159,0.057,0.11,0.202,0.252,0.302,0.221,"2017",FALSE,0,0,28,FALSE
"125","James Ennis","SF",0.619,"MEM",0.78,0.341,0.425,0.141,0.148,0.607,0.127,0.155,0.372,0.099,0.104,0.516,0.593,0.114,0.113,0.782,0.132,0.189,0.169,0.055,0.187,0.051,0.127,0.445,0.151,"2017",FALSE,0,0,43,FALSE
"128","Dante Exum","PG",0.5,"UTA",0.805,0.317,0.348,0.15,0.167,0.569,0.109,0.168,0.295,0.116,0.121,0.519,0.542,0.077,0.075,0.795,0.057,0.101,0.086,0.095,0.085,0.032,0.172,0.394,0.145,"2017",FALSE,0,0,51,FALSE
"129","Kenneth Faried","PF",0.643,"DEN",0.744,0.415,0.367,0.221,0.191,0.731,0,0.007,0,0.237,0.231,0.556,0.609,0.173,0.194,0.693,0.35,0.277,0.302,0.047,0.175,0.106,0.127,0.334,0.207,"2017",FALSE,0,0,40,FALSE
"131","Derrick Favors","PF",0.595,"UTA",0.61,0.476,0.336,0.196,0.192,0.649,0.007,0.011,0.3,0.208,0.23,0.491,0.544,0.089,0.112,0.615,0.176,0.212,0.199,0.048,0.183,0.106,0.129,0.278,0.168,"2017",FALSE,0,0,51,FALSE
"132","Kay Felder","PG",0.5,"CLE",0.512,0,0.109,0.06,0.073,0.523,0.017,0.025,0.318,0.057,0.077,0.404,0.461,0.046,0.05,0.714,0.006,0.038,0.027,0.05,0.073,0.019,0.065,0.102,0.059,"2017",FALSE,0,0,51,FALSE
"134","Raymond Felton","PG",0.762,"LAC",0.976,0.134,0.481,0.214,0.237,0.573,0.114,0.163,0.319,0.182,0.209,0.473,0.528,0.066,0.066,0.781,0.063,0.184,0.142,0.164,0.268,0.059,0.179,0.337,0.19,"2017",FALSE,0,0,51,FALSE
"136","Dorian Finney-Smith","PF",0.548,"DAL",0.988,0.427,0.465,0.12,0.153,0.496,0.139,0.216,0.293,0.071,0.08,0.479,0.507,0.061,0.063,0.754,0.105,0.166,0.145,0.058,0.211,0.066,0.097,0.337,0.124,"2017",FALSE,0,0,33,FALSE
"137","Bryn Forbes","SG",0.548,"SAS",0.439,0,0.081,0.035,0.046,0.485,0.042,0.06,0.321,0.02,0.026,0.413,0.499,0.007,0.006,0.833,0.004,0.021,0.015,0.02,0.004,0,0.024,0.054,0.033,"2017",FALSE,0,0,61,FALSE
"138","Evan Fournier","SG",0.571,"ORL",0.829,0.805,0.632,0.395,0.428,0.585,0.318,0.406,0.356,0.291,0.321,0.491,0.564,0.295,0.285,0.805,0.084,0.164,0.137,0.174,0.268,0.011,0.304,0.485,0.412,"2017",FALSE,0,0,29,FALSE
"139","Randy Foye","SG",0.786,"BRK",0.841,0.488,0.363,0.114,0.15,0.484,0.167,0.229,0.33,0.053,0.069,0.418,0.518,0.071,0.065,0.857,0.017,0.145,0.101,0.116,0.142,0.024,0.172,0.267,0.126,"2017",FALSE,0,0,20,FALSE
"140","Tim Frazier","PG",0.619,"NOP",0.793,0.427,0.432,0.158,0.186,0.537,0.1,0.144,0.313,0.128,0.156,0.446,0.503,0.13,0.133,0.76,0.065,0.138,0.113,0.288,0.228,0.016,0.218,0.358,0.164,"2017",FALSE,0,0,34,FALSE
"141","Channing Frye","C",0.786,"CLE",0.902,0.183,0.396,0.23,0.239,0.611,0.341,0.378,0.409,0.105,0.104,0.546,0.654,0.083,0.076,0.851,0.071,0.251,0.19,0.039,0.134,0.098,0.114,0.372,0.239,"2017",FALSE,0,0,51,FALSE
"142","Danilo Gallinari","SF",0.667,"DEN",0.768,0.768,0.604,0.324,0.345,0.596,0.313,0.366,0.389,0.217,0.24,0.491,0.59,0.462,0.398,0.902,0.075,0.284,0.212,0.116,0.163,0.04,0.177,0.251,0.404,"2017",FALSE,0,0,40,FALSE
"145","Marc Gasol","C",0.762,"MEM",0.902,0.902,0.716,0.515,0.534,0.612,0.259,0.302,0.388,0.445,0.503,0.48,0.559,0.368,0.342,0.837,0.115,0.401,0.303,0.29,0.272,0.263,0.358,0.461,0.511,"2017",FALSE,0,0,43,FALSE
"146","Pau Gasol","C",0.857,"SAS",0.78,0.476,0.461,0.293,0.278,0.669,0.139,0.117,0.538,0.257,0.282,0.494,0.609,0.172,0.189,0.707,0.205,0.391,0.327,0.129,0.098,0.186,0.175,0.296,0.28,"2017",FALSE,0,0,61,FALSE
"147","Rudy Gay","SF",0.714,"SAC",0.366,0.366,0.287,0.194,0.203,0.607,0.104,0.128,0.372,0.165,0.186,0.483,0.558,0.156,0.142,0.855,0.067,0.154,0.124,0.071,0.179,0.069,0.159,0.213,0.198,"2017",FALSE,0,0,32,FALSE
"148","Michael Gbinije","SG",0.571,"DET",0.11,0,0.009,0.001,0.005,0.133,0,0.005,0,0.001,0.003,0.167,0.111,0.003,0.002,1,0.004,0.001,0.002,0.002,0,0,0,0.005,0.001,"2017",FALSE,0,0,37,FALSE
"149","Alonzo Gee","SF",0.69,"DEN",0.159,0,0.025,0.003,0.006,0.285,0,0.003,0,0.003,0.006,0.273,0.238,0.007,0.009,0.556,0.008,0.011,0.01,0.005,0.02,0.003,0.009,0.038,0.004,"2017",FALSE,0,0,40,FALSE
"150","Paul George","SF",0.619,"IND",0.915,0.915,0.761,0.602,0.62,0.615,0.485,0.56,0.393,0.444,0.481,0.501,0.593,0.444,0.385,0.898,0.111,0.431,0.322,0.216,0.484,0.072,0.474,0.555,0.627,"2017",FALSE,0,0,42,FALSE
"151","Marcus Georges-Hunt","SG",0.524,"ORL",0.061,0,0.014,0.002,0.003,0.381,0.002,0.002,0.5,0.001,0.003,0.2,0.397,0.012,0.01,0.9,0.002,0.008,0.006,0.003,0.004,0,0.004,0.013,0.005,"2017",FALSE,0,0,29,FALSE
"152","Jonathan Gibson","PG",0.69,"DAL",0.207,0,0.065,0.034,0.044,0.491,0.037,0.051,0.333,0.021,0.028,0.4,0.497,0.028,0.03,0.724,0.002,0.021,0.014,0.022,0.033,0,0.045,0.057,0.037,"2017",FALSE,0,0,33,FALSE
"154","Manu Ginobili","SG",0.929,"SAS",0.841,0,0.365,0.165,0.202,0.52,0.221,0.256,0.392,0.085,0.12,0.387,0.546,0.114,0.11,0.804,0.054,0.128,0.103,0.157,0.333,0.043,0.207,0.321,0.183,"2017",FALSE,0,0,61,FALSE
"155","Rudy Gobert","C",0.571,"UTA",0.988,0.988,0.777,0.399,0.288,0.881,0,0.001,0,0.43,0.352,0.662,0.734,0.411,0.49,0.653,0.6,0.716,0.676,0.083,0.199,0.569,0.317,0.663,0.401,"2017",FALSE,0,0,51,FALSE
"157","Aaron Gordon","SF",0.5,"ORL",0.976,0.878,0.65,0.38,0.398,0.605,0.192,0.301,0.288,0.329,0.337,0.528,0.554,0.206,0.223,0.719,0.222,0.287,0.265,0.129,0.264,0.106,0.192,0.464,0.36,"2017",FALSE,0,0,29,FALSE
"158","Eric Gordon","SG",0.667,"HOU",0.915,0.183,0.658,0.398,0.468,0.541,0.612,0.746,0.372,0.173,0.2,0.468,0.586,0.194,0.18,0.84,0.055,0.171,0.131,0.162,0.195,0.109,0.261,0.404,0.43,"2017",FALSE,0,0,55,FALSE
"159","Marcin Gortat","C",0.762,"WAS",1,1,0.723,0.377,0.31,0.772,0,0.002,0,0.406,0.379,0.58,0.643,0.136,0.164,0.648,0.455,0.607,0.555,0.104,0.163,0.162,0.256,0.574,0.312,"2017",FALSE,0,0,49,FALSE
"160","Treveon Graham","SG",0.548,"CHO",0.329,0.012,0.053,0.018,0.018,0.633,0.022,0.017,0.6,0.01,0.014,0.4,0.653,0.013,0.015,0.667,0.01,0.017,0.014,0.005,0.024,0.003,0.006,0.049,0.02,"2017",FALSE,0,0,36,FALSE
"162","Jerian Grant","PG",0.571,"CHI",0.768,0.341,0.291,0.124,0.139,0.567,0.122,0.151,0.366,0.082,0.094,0.473,0.563,0.086,0.075,0.89,0.033,0.093,0.073,0.104,0.191,0.021,0.095,0.251,0.131,"2017",FALSE,0,0,41,FALSE
"163","Danny Green","SG",0.69,"SAS",0.829,0.829,0.511,0.17,0.207,0.523,0.294,0.351,0.379,0.06,0.078,0.42,0.581,0.036,0.033,0.844,0.059,0.192,0.146,0.107,0.285,0.152,0.164,0.323,0.175,"2017",FALSE,0,0,61,FALSE
"164","Draymond Green","PF",0.619,"GSW",0.927,0.927,0.699,0.263,0.299,0.557,0.201,0.297,0.308,0.199,0.218,0.494,0.534,0.2,0.219,0.709,0.187,0.498,0.392,0.458,0.626,0.282,0.397,0.585,0.274,"2017",FALSE,0,0,67,FALSE
"165","Gerald Green","SF",0.738,"BOS",0.573,0,0.152,0.092,0.107,0.545,0.097,0.125,0.351,0.058,0.068,0.463,0.549,0.044,0.042,0.805,0.031,0.068,0.055,0.028,0.037,0.019,0.054,0.129,0.093,"2017",FALSE,0,0,53,FALSE
"166","JaMychal Green","PF",0.619,"MEM",0.939,0.915,0.595,0.242,0.23,0.667,0.137,0.164,0.379,0.203,0.2,0.549,0.617,0.177,0.172,0.802,0.319,0.374,0.356,0.072,0.191,0.09,0.203,0.668,0.243,"2017",FALSE,0,0,43,FALSE
"167","Jeff Green","PF",0.714,"ORL",0.841,0.134,0.434,0.213,0.257,0.525,0.132,0.218,0.275,0.174,0.206,0.458,0.491,0.192,0.173,0.863,0.075,0.174,0.14,0.07,0.15,0.035,0.162,0.278,0.225,"2017",FALSE,0,0,29,FALSE
"168","Blake Griffin","PF",0.643,"LAC",0.744,0.744,0.588,0.463,0.447,0.657,0.095,0.128,0.336,0.459,0.484,0.514,0.57,0.423,0.433,0.76,0.214,0.382,0.325,0.258,0.232,0.059,0.306,0.423,0.465,"2017",FALSE,0,0,51,FALSE
"169","Justin Hamilton","C",0.619,"BRK",0.78,0.085,0.333,0.168,0.174,0.612,0.137,0.203,0.306,0.124,0.112,0.598,0.591,0.052,0.053,0.75,0.136,0.19,0.171,0.047,0.118,0.114,0.093,0.245,0.156,"2017",FALSE,0,0,20,FALSE
"170","A.J. Hammons","C",0.571,"DAL",0.268,0,0.046,0.016,0.019,0.54,0.012,0.011,0.5,0.012,0.018,0.375,0.516,0.012,0.021,0.45,0.015,0.028,0.024,0.003,0.004,0.035,0.022,0.057,0.017,"2017",FALSE,0,0,33,FALSE
"171","Tim Hardaway","SG",0.571,"ATL",0.963,0.366,0.61,0.401,0.42,0.607,0.371,0.471,0.357,0.277,0.279,0.537,0.597,0.217,0.22,0.766,0.067,0.188,0.146,0.156,0.224,0.04,0.228,0.278,0.404,"2017",FALSE,0,0,43,FALSE
"172","James Harden","PG",0.643,"HOU",0.988,0.988,0.834,0.652,0.705,0.587,0.652,0.853,0.347,0.429,0.438,0.53,0.583,0.987,0.906,0.847,0.182,0.56,0.431,0.779,0.492,0.101,1,0.58,0.832,"2017",FALSE,22,0.746,55,TRUE
"173","Maurice Harkless","SF",0.548,"POR",0.939,0.841,0.629,0.304,0.287,0.671,0.169,0.219,0.351,0.256,0.243,0.572,0.62,0.102,0.128,0.621,0.239,0.214,0.223,0.076,0.346,0.186,0.185,0.577,0.273,"2017",FALSE,0,0,41,FALSE
"175","Montrezl Harrell","C",0.548,"HOU",0.707,0.171,0.301,0.218,0.159,0.869,0.002,0.008,0.143,0.233,0.191,0.663,0.727,0.101,0.124,0.628,0.155,0.137,0.143,0.055,0.081,0.112,0.095,0.34,0.186,"2017",FALSE,0,0,55,FALSE
"176","Devin Harris","PG",0.786,"DAL",0.793,0,0.308,0.132,0.157,0.532,0.144,0.2,0.328,0.081,0.092,0.476,0.538,0.142,0.133,0.829,0.021,0.115,0.083,0.117,0.175,0.019,0.123,0.272,0.154,"2017",FALSE,0,0,33,FALSE
"177","Gary Harris","SG",0.524,"DEN",0.695,0.683,0.504,0.309,0.293,0.669,0.266,0.288,0.42,0.222,0.215,0.558,0.651,0.138,0.138,0.776,0.092,0.129,0.116,0.141,0.289,0.021,0.164,0.248,0.3,"2017",FALSE,0,0,40,FALSE
"178","Joe Harris","SG",0.595,"BRK",0.634,0.134,0.322,0.149,0.167,0.567,0.211,0.249,0.385,0.072,0.08,0.489,0.603,0.046,0.05,0.714,0.031,0.13,0.096,0.046,0.122,0.021,0.119,0.326,0.151,"2017",FALSE,0,0,20,FALSE
"179","Manny Harris","SG",0.643,"DAL",0.049,0,0.007,0.003,0.007,0.267,0,0.002,0,0.003,0.007,0.231,0.222,0.003,0.004,0.5,0.006,0.006,0.006,0.002,0,0,0.004,0.003,0.003,"2017",FALSE,0,0,33,FALSE
"180","Tobias Harris","PF",0.571,"DET",1,0.585,0.727,0.494,0.489,0.641,0.271,0.354,0.347,0.418,0.422,0.537,0.591,0.251,0.233,0.841,0.12,0.351,0.272,0.122,0.244,0.104,0.207,0.358,0.466,"2017",FALSE,0,0,37,FALSE
"181","Aaron Harrison","SG",0.524,"CHO",0.061,0,0.005,0,0.002,0,0,0.002,0,0,0.001,0,0,0.001,0.002,0.5,0,0.003,0.002,0.003,0,0,0,0.005,0,"2017",FALSE,0,0,36,FALSE
"182","Andrew Harrison","PG",0.524,"MEM",0.878,0.22,0.417,0.113,0.166,0.433,0.107,0.176,0.276,0.077,0.115,0.363,0.428,0.196,0.2,0.763,0.044,0.112,0.089,0.17,0.215,0.056,0.183,0.523,0.15,"2017",FALSE,0,0,43,FALSE
"183","Udonis Haslem","C",0.857,"MIA",0.195,0,0.037,0.011,0.011,0.637,0,0.003,0,0.011,0.011,0.55,0.531,0.012,0.015,0.6,0.015,0.028,0.024,0.005,0.024,0.003,0.017,0.059,0.011,"2017",FALSE,0,0,41,FALSE
"185","Gordon Hayward","SF",0.619,"UTA",0.89,0.89,0.712,0.527,0.532,0.628,0.371,0.422,0.398,0.412,0.441,0.506,0.596,0.479,0.441,0.844,0.094,0.343,0.258,0.216,0.297,0.053,0.302,0.315,0.565,"2017",FALSE,0,0,51,FALSE
"186","Gerald Henderson","SG",0.69,"PHI",0.878,0.5,0.472,0.226,0.254,0.564,0.152,0.195,0.353,0.18,0.214,0.455,0.531,0.176,0.17,0.806,0.065,0.15,0.121,0.096,0.163,0.04,0.134,0.348,0.234,"2017",FALSE,0,0,28,FALSE
"187","John Henson","C",0.619,"MIL",0.707,0.476,0.318,0.154,0.142,0.687,0,0.001,0,0.165,0.174,0.516,0.572,0.098,0.11,0.692,0.176,0.202,0.193,0.049,0.118,0.207,0.112,0.407,0.138,"2017",FALSE,0,0,42,FALSE
"188","Juan Hernangomez","PF",0.5,"DEN",0.756,0.11,0.238,0.098,0.103,0.601,0.114,0.128,0.407,0.057,0.063,0.495,0.616,0.075,0.078,0.75,0.082,0.143,0.122,0.025,0.122,0.032,0.067,0.167,0.108,"2017",FALSE,0,0,40,FALSE
"189","Willy Hernangomez","C",0.524,"NYK",0.878,0.268,0.375,0.238,0.214,0.705,0.01,0.017,0.267,0.252,0.254,0.538,0.592,0.12,0.129,0.728,0.325,0.33,0.328,0.082,0.167,0.096,0.216,0.404,0.207,"2017",FALSE,0,0,31,FALSE
"190","Mario Hezonja","SF",0.5,"ORL",0.793,0.024,0.272,0.113,0.152,0.473,0.107,0.163,0.299,0.077,0.105,0.398,0.467,0.053,0.051,0.8,0.038,0.125,0.095,0.053,0.122,0.04,0.125,0.199,0.112,"2017",FALSE,0,0,29,FALSE
"193","Nene Hilario","C",0.81,"HOU",0.817,0.098,0.339,0.237,0.183,0.823,0.007,0.01,0.333,0.252,0.219,0.624,0.69,0.153,0.203,0.589,0.182,0.186,0.184,0.056,0.228,0.104,0.157,0.439,0.215,"2017",FALSE,0,0,55,FALSE
"194","George Hill","PG",0.714,"UTA",0.598,0.598,0.437,0.279,0.279,0.636,0.234,0.263,0.403,0.203,0.21,0.523,0.616,0.208,0.202,0.801,0.044,0.143,0.109,0.175,0.203,0.029,0.183,0.307,0.293,"2017",FALSE,0,0,51,FALSE
"196","Solomon Hill","SF",0.595,"NOP",0.976,0.866,0.672,0.177,0.22,0.511,0.234,0.305,0.348,0.093,0.117,0.428,0.534,0.136,0.132,0.805,0.098,0.254,0.201,0.121,0.293,0.085,0.177,0.491,0.199,"2017",FALSE,0,0,34,FALSE
"197","Darrun Hilliard","SG",0.548,"DET",0.476,0.012,0.108,0.045,0.058,0.497,0.03,0.052,0.261,0.036,0.045,0.438,0.468,0.028,0.029,0.75,0.004,0.031,0.022,0.028,0.045,0.005,0.06,0.105,0.045,"2017",FALSE,0,0,37,FALSE
"198","Jrue Holiday","PG",0.619,"NOP",0.817,0.744,0.62,0.392,0.411,0.605,0.249,0.317,0.356,0.317,0.345,0.498,0.567,0.157,0.173,0.708,0.088,0.216,0.173,0.419,0.407,0.117,0.418,0.358,0.363,"2017",FALSE,0,0,34,FALSE
"199","Justin Holiday","SG",0.643,"NYK",1,0.049,0.464,0.225,0.248,0.577,0.241,0.308,0.355,0.142,0.149,0.513,0.581,0.087,0.082,0.825,0.052,0.197,0.147,0.088,0.264,0.082,0.142,0.294,0.222,"2017",FALSE,0,0,31,FALSE
"200","Rondae Hollis-Jefferson","SF",0.524,"BRK",0.951,0.61,0.498,0.227,0.249,0.579,0.037,0.076,0.224,0.229,0.268,0.463,0.497,0.251,0.26,0.751,0.184,0.354,0.295,0.132,0.333,0.117,0.25,0.477,0.238,"2017",FALSE,0,0,20,FALSE
"201","Richaun Holmes","C",0.548,"PHI",0.695,0.207,0.338,0.222,0.19,0.744,0.067,0.087,0.351,0.211,0.189,0.606,0.657,0.095,0.106,0.699,0.18,0.215,0.203,0.05,0.171,0.146,0.119,0.367,0.197,"2017",FALSE,0,0,28,FALSE
"202","Rodney Hood","SG",0.571,"UTA",0.72,0.671,0.451,0.263,0.306,0.544,0.284,0.347,0.371,0.164,0.202,0.44,0.549,0.119,0.118,0.783,0.031,0.185,0.132,0.082,0.154,0.029,0.14,0.356,0.264,"2017",FALSE,0,0,51,FALSE
"203","Al Horford","C",0.714,"BOS",0.829,0.829,0.621,0.367,0.369,0.631,0.214,0.273,0.355,0.305,0.315,0.524,0.586,0.143,0.139,0.8,0.182,0.367,0.304,0.29,0.211,0.229,0.248,0.372,0.336,"2017",FALSE,0,0,53,FALSE
"205","Dwight Howard","C",0.738,"ATL",0.902,0.902,0.622,0.375,0.282,0.844,0,0.002,0,0.404,0.345,0.635,0.703,0.299,0.436,0.533,0.566,0.64,0.614,0.089,0.26,0.245,0.366,0.547,0.354,"2017",FALSE,0,0,43,FALSE
"206","Marcelo Huertas","PG",0.786,"LAL",0.28,0.012,0.067,0.024,0.031,0.491,0.01,0.021,0.211,0.022,0.028,0.429,0.441,0.012,0.017,0.529,0.004,0.022,0.016,0.045,0.041,0.005,0.041,0.043,0.022,"2017",FALSE,0,0,26,FALSE
"207","Josh Huestis","PF",0.595,"OKC",0.024,0,0.009,0.006,0.005,0.727,0.005,0.005,0.5,0.004,0.004,0.571,0.707,0,0.001,0,0.008,0.005,0.006,0.003,0,0.008,0,0,0.005,"2017",FALSE,0,0,47,FALSE
"208","Kris Humphries","PF",0.738,"ATL",0.683,0.049,0.195,0.084,0.098,0.543,0.047,0.061,0.352,0.071,0.09,0.425,0.501,0.085,0.084,0.78,0.115,0.145,0.135,0.025,0.061,0.056,0.06,0.186,0.091,"2017",FALSE,0,0,43,FALSE
"211","Andre Iguodala","SF",0.786,"GSW",0.927,0,0.566,0.212,0.191,0.704,0.159,0.2,0.362,0.161,0.134,0.651,0.672,0.095,0.105,0.706,0.098,0.251,0.199,0.224,0.309,0.104,0.125,0.261,0.203,"2017",FALSE,0,0,67,FALSE
"213","Joe Ingles","SF",0.69,"UTA",1,0.317,0.558,0.197,0.208,0.603,0.306,0.315,0.441,0.084,0.097,0.471,0.654,0.066,0.07,0.735,0.044,0.236,0.171,0.193,0.39,0.021,0.231,0.439,0.205,"2017",FALSE,0,0,51,FALSE
"214","Brandon Ingram","SF",0.452,"LAL",0.963,0.488,0.645,0.267,0.316,0.536,0.137,0.211,0.294,0.23,0.281,0.443,0.491,0.176,0.22,0.621,0.115,0.254,0.207,0.143,0.203,0.096,0.25,0.426,0.261,"2017",FALSE,0,0,26,FALSE
"215","Kyrie Irving","PG",0.571,"CLE",0.878,0.878,0.715,0.649,0.653,0.631,0.44,0.498,0.401,0.514,0.552,0.505,0.594,0.393,0.337,0.905,0.099,0.177,0.15,0.359,0.337,0.064,0.388,0.423,0.641,"2017",FALSE,0,0,51,FALSE
"216","Jarrett Jack","PG",0.786,"NOP",0.024,0,0.009,0.002,0.001,0.889,0,0.001,0,0.002,0.001,1,0.741,0.003,0.002,1,0,0,0,0.004,0.008,0,0.006,0.011,0.002,"2017",FALSE,0,0,34,FALSE
"217","Demetrius Jackson","PG",0.524,"BOS",0.061,0,0.005,0.003,0.002,1,0.002,0.001,1,0.002,0.002,0.667,0.972,0.004,0.006,0.5,0.004,0.002,0.003,0.003,0,0,0,0,0.004,"2017",FALSE,0,0,53,FALSE
"218","Pierre Jackson","PG",0.595,"DAL",0.098,0.012,0.024,0.013,0.018,0.444,0.007,0.012,0.273,0.01,0.016,0.357,0.413,0.008,0.007,0.857,0.002,0.008,0.006,0.016,0.008,0,0.006,0.013,0.012,"2017",FALSE,0,0,33,FALSE
"219","Reggie Jackson","PG",0.619,"DET",0.634,0.61,0.403,0.275,0.312,0.559,0.164,0.208,0.359,0.227,0.278,0.442,0.52,0.156,0.14,0.868,0.04,0.092,0.075,0.232,0.142,0.013,0.246,0.348,0.266,"2017",FALSE,0,0,37,FALSE
"220","LeBron James","SF",0.762,"CLE",0.902,0.902,0.791,0.712,0.618,0.731,0.308,0.386,0.363,0.637,0.565,0.611,0.66,0.474,0.546,0.674,0.185,0.538,0.418,0.555,0.374,0.117,0.653,0.361,0.69,"2017",FALSE,1,0.33,51,TRUE
"221","Al Jefferson","C",0.762,"IND",0.805,0.012,0.264,0.227,0.217,0.665,0,0.001,0,0.245,0.265,0.5,0.554,0.086,0.087,0.765,0.143,0.202,0.182,0.049,0.077,0.043,0.071,0.337,0.189,"2017",FALSE,0,0,42,FALSE
"222","Richard Jefferson","SF",0.857,"CLE",0.963,0.159,0.457,0.148,0.158,0.595,0.154,0.21,0.333,0.095,0.089,0.58,0.596,0.106,0.111,0.741,0.054,0.174,0.133,0.067,0.106,0.027,0.112,0.412,0.158,"2017",FALSE,0,0,51,FALSE
"223","John Jenkins","SG",0.595,"PHO",0.049,0,0.004,0.002,0.002,0.533,0.002,0.002,0.5,0.001,0.002,0.333,0.556,0.003,0.002,1,0,0.001,0.001,0.001,0,0,0,0,0.002,"2017",FALSE,0,0,24,FALSE
"225","Jonas Jerebko","PF",0.69,"BOS",0.951,0.073,0.349,0.11,0.121,0.58,0.112,0.147,0.346,0.072,0.074,0.523,0.579,0.034,0.038,0.703,0.113,0.212,0.178,0.061,0.102,0.045,0.084,0.329,0.106,"2017",FALSE,0,0,53,FALSE
"226","Amir Johnson","PF",0.69,"BOS",0.976,0.939,0.455,0.206,0.17,0.768,0.067,0.074,0.409,0.194,0.171,0.612,0.68,0.089,0.103,0.67,0.226,0.246,0.239,0.12,0.207,0.165,0.166,0.569,0.184,"2017",FALSE,0,0,53,FALSE
"228","James Johnson","PF",0.69,"MIA",0.927,0.061,0.59,0.356,0.354,0.639,0.216,0.289,0.34,0.292,0.289,0.548,0.594,0.201,0.221,0.707,0.126,0.308,0.246,0.237,0.309,0.229,0.369,0.531,0.344,"2017",FALSE,0,0,41,FALSE
"229","Joe Johnson","SF",0.833,"UTA",0.951,0.171,0.522,0.264,0.288,0.581,0.264,0.291,0.411,0.174,0.208,0.454,0.579,0.083,0.079,0.818,0.063,0.209,0.159,0.124,0.146,0.048,0.149,0.251,0.252,"2017",FALSE,0,0,51,FALSE
"230","Stanley Johnson","SF",0.476,"DET",0.939,0.012,0.388,0.125,0.168,0.471,0.112,0.174,0.292,0.087,0.119,0.398,0.461,0.048,0.055,0.679,0.069,0.152,0.124,0.09,0.228,0.064,0.153,0.326,0.12,"2017",FALSE,0,0,37,FALSE
"231","Tyler Johnson","PG",0.571,"MIA",0.89,0,0.616,0.345,0.379,0.577,0.231,0.282,0.372,0.275,0.324,0.46,0.544,0.258,0.261,0.768,0.096,0.241,0.192,0.2,0.341,0.117,0.194,0.474,0.354,"2017",FALSE,0,0,41,FALSE
"232","Wesley Johnson","SF",0.69,"LAC",0.829,0.037,0.229,0.071,0.092,0.487,0.072,0.133,0.246,0.046,0.046,0.537,0.487,0.015,0.017,0.647,0.05,0.154,0.118,0.02,0.118,0.08,0.039,0.224,0.066,"2017",FALSE,0,0,51,FALSE
"233","Nikola Jokic","C",0.5,"DEN",0.89,0.72,0.577,0.478,0.393,0.771,0.112,0.157,0.324,0.467,0.403,0.628,0.672,0.249,0.235,0.825,0.405,0.502,0.469,0.308,0.248,0.146,0.369,0.577,0.431,"2017",FALSE,0,0,40,FALSE
"234","Dahntay Jones","SF",0.857,"CLE",0.012,0,0.003,0.003,0.004,0.5,0,0.002,0,0.003,0.003,0.5,0.417,0.004,0.004,0.75,0.002,0.001,0.001,0.001,0,0,0.002,0.003,0.003,"2017",FALSE,0,0,51,FALSE
"236","Derrick Jones","SF",0.452,"PHO",0.39,0.098,0.154,0.066,0.056,0.749,0.007,0.012,0.273,0.068,0.062,0.591,0.638,0.038,0.042,0.707,0.075,0.04,0.052,0.01,0.057,0.035,0.028,0.17,0.059,"2017",FALSE,0,0,24,FALSE
"237","James Jones","SF",0.857,"CLE",0.585,0.024,0.108,0.043,0.042,0.637,0.077,0.074,0.47,0.014,0.015,0.5,0.719,0.017,0.021,0.65,0.006,0.034,0.024,0.012,0.024,0.027,0.022,0.1,0.047,"2017",FALSE,0,0,51,FALSE
"239","Tyus Jones","PG",0.476,"MIN",0.732,0,0.219,0.073,0.083,0.552,0.065,0.082,0.356,0.051,0.061,0.454,0.54,0.044,0.044,0.767,0.019,0.057,0.044,0.134,0.195,0.013,0.082,0.135,0.074,"2017",FALSE,0,0,31,FALSE
"240","DeAndre Jordan","C",0.667,"LAC",0.988,0.988,0.727,0.398,0.266,0.952,0,0.002,0,0.429,0.324,0.717,0.793,0.271,0.437,0.482,0.57,0.81,0.728,0.082,0.207,0.356,0.248,0.571,0.363,"2017",FALSE,0,0,51,FALSE
"241","Cory Joseph","PG",0.595,"TOR",0.976,0.268,0.567,0.289,0.304,0.603,0.119,0.152,0.356,0.261,0.297,0.477,0.543,0.124,0.126,0.77,0.098,0.183,0.154,0.228,0.268,0.035,0.233,0.377,0.261,"2017",FALSE,0,0,51,FALSE
"242","Frank Kaminsky","C",0.548,"CHO",0.915,0.195,0.553,0.309,0.369,0.532,0.289,0.4,0.328,0.212,0.253,0.455,0.523,0.156,0.16,0.756,0.109,0.277,0.22,0.139,0.187,0.09,0.164,0.375,0.309,"2017",FALSE,0,0,36,FALSE
"243","Enes Kanter","C",0.571,"OKC",0.878,0,0.434,0.389,0.339,0.727,0.012,0.043,0.132,0.413,0.394,0.568,0.61,0.296,0.293,0.786,0.373,0.285,0.315,0.058,0.13,0.101,0.265,0.415,0.365,"2017",FALSE,0,0,47,FALSE
"244","Ryan Kelly","PF",0.595,"ATL",0.195,0,0.031,0.008,0.013,0.381,0.01,0.011,0.4,0.004,0.01,0.222,0.397,0.007,0.006,0.833,0.002,0.017,0.012,0.007,0.016,0.013,0.009,0.013,0.009,"2017",FALSE,0,0,43,FALSE
"245","Michael Kidd-Gilchrist","SF",0.548,"CHO",0.988,0.988,0.665,0.285,0.284,0.636,0.002,0.01,0.111,0.306,0.343,0.483,0.531,0.201,0.2,0.784,0.298,0.406,0.369,0.098,0.329,0.205,0.121,0.504,0.262,"2017",FALSE,0,0,36,FALSE
"246","Sean Kilpatrick","SG",0.643,"BRK",0.854,0.293,0.496,0.295,0.338,0.553,0.261,0.348,0.341,0.208,0.241,0.468,0.54,0.27,0.249,0.843,0.042,0.256,0.183,0.135,0.183,0.016,0.291,0.318,0.325,"2017",FALSE,0,0,20,FALSE
"247","Brandon Knight","SG",0.595,"PHO",0.659,0.061,0.323,0.202,0.242,0.531,0.112,0.157,0.324,0.171,0.218,0.425,0.49,0.175,0.158,0.857,0.048,0.092,0.077,0.112,0.11,0.013,0.19,0.235,0.21,"2017",FALSE,0,0,24,FALSE
"249","Kosta Koufos","C",0.643,"SAC",0.866,0.756,0.402,0.209,0.18,0.735,0,0.001,0,0.225,0.221,0.552,0.612,0.05,0.064,0.613,0.226,0.283,0.263,0.04,0.146,0.128,0.131,0.464,0.166,"2017",FALSE,0,0,32,FALSE
"250","Mindaugas Kuzminskas","SF",0.643,"NYK",0.829,0.061,0.288,0.153,0.17,0.571,0.134,0.19,0.321,0.108,0.113,0.517,0.557,0.073,0.07,0.809,0.09,0.078,0.082,0.059,0.118,0.029,0.11,0.213,0.15,"2017",FALSE,0,0,31,FALSE
"251","Skal Labissiere","PF",0.476,"SAC",0.402,0.146,0.173,0.113,0.1,0.716,0.007,0.009,0.375,0.119,0.118,0.543,0.604,0.069,0.076,0.703,0.098,0.11,0.106,0.023,0.065,0.035,0.08,0.173,0.102,"2017",FALSE,0,0,32,FALSE
"252","Jeremy Lamb","SG",0.571,"CHO",0.756,0.061,0.324,0.219,0.226,0.613,0.102,0.165,0.281,0.193,0.195,0.536,0.558,0.146,0.133,0.853,0.057,0.232,0.173,0.064,0.11,0.061,0.086,0.264,0.213,"2017",FALSE,0,0,36,FALSE
"253","Nicolas Laprovittola","PG",0.643,"SAS",0.22,0.037,0.049,0.019,0.022,0.568,0.025,0.03,0.37,0.01,0.011,0.5,0.591,0.012,0.009,1,0.002,0.009,0.007,0.024,0.016,0.003,0.041,0.051,0.021,"2017",FALSE,0,0,61,FALSE
"255","Zach LaVine","SG",0.5,"MIN",0.573,0.573,0.495,0.315,0.327,0.612,0.299,0.35,0.387,0.214,0.226,0.515,0.604,0.155,0.144,0.836,0.036,0.14,0.105,0.119,0.167,0.027,0.183,0.28,0.314,"2017",FALSE,0,0,31,FALSE
"256","Ty Lawson","PG",0.69,"SAC",0.841,0.293,0.49,0.229,0.24,0.605,0.085,0.133,0.288,0.211,0.228,0.502,0.541,0.229,0.223,0.797,0.084,0.134,0.117,0.287,0.301,0.016,0.278,0.321,0.24,"2017",FALSE,0,0,32,FALSE
"257","Jake Layman","SF",0.524,"POR",0.427,0.012,0.07,0.025,0.041,0.389,0.032,0.058,0.255,0.014,0.021,0.342,0.406,0.017,0.017,0.765,0.011,0.018,0.016,0.009,0.037,0.008,0.024,0.059,0.028,"2017",FALSE,0,0,41,FALSE
"258","Courtney Lee","SG",0.738,"NYK",0.939,0.902,0.696,0.31,0.324,0.608,0.269,0.304,0.401,0.222,0.245,0.49,0.592,0.112,0.101,0.867,0.101,0.205,0.169,0.154,0.329,0.064,0.149,0.38,0.295,"2017",FALSE,0,0,31,FALSE
"260","Alex Len","C",0.548,"PHO",0.939,0.415,0.442,0.222,0.213,0.663,0.007,0.014,0.25,0.236,0.254,0.503,0.556,0.198,0.214,0.721,0.298,0.352,0.333,0.038,0.154,0.261,0.22,0.652,0.216,"2017",FALSE,0,0,24,FALSE
"261","Kawhi Leonard","SF",0.595,"SAS",0.902,0.902,0.7,0.615,0.604,0.647,0.366,0.437,0.38,0.509,0.522,0.529,0.601,0.62,0.548,0.88,0.153,0.348,0.281,0.223,0.541,0.146,0.332,0.329,0.667,"2017",FALSE,9,0.495,61,TRUE
"262","Meyers Leonard","PF",0.571,"POR",0.902,0.146,0.346,0.141,0.174,0.515,0.184,0.24,0.347,0.075,0.093,0.436,0.538,0.046,0.041,0.875,0.052,0.209,0.155,0.061,0.053,0.074,0.075,0.464,0.142,"2017",FALSE,0,0,41,FALSE
"263","Jon Leuer","PF",0.643,"DET",0.915,0.415,0.55,0.3,0.297,0.64,0.122,0.188,0.293,0.272,0.27,0.545,0.576,0.13,0.116,0.867,0.195,0.298,0.263,0.095,0.126,0.069,0.142,0.391,0.271,"2017",FALSE,0,0,37,FALSE
"264","Caris LeVert","SF",0.524,"BRK",0.695,0.317,0.35,0.165,0.175,0.6,0.147,0.208,0.321,0.117,0.111,0.571,0.587,0.089,0.096,0.72,0.044,0.164,0.123,0.095,0.199,0.021,0.127,0.245,0.165,"2017",FALSE,0,0,20,FALSE
"266","Damian Lillard","PG",0.619,"POR",0.915,0.915,0.763,0.639,0.685,0.592,0.532,0.653,0.37,0.465,0.513,0.492,0.573,0.646,0.561,0.895,0.088,0.32,0.241,0.378,0.276,0.053,0.425,0.41,0.715,"2017",FALSE,0,0,41,FALSE
"267","Jeremy Lin","PG",0.667,"BRK",0.439,0.402,0.25,0.169,0.184,0.584,0.144,0.176,0.372,0.122,0.138,0.48,0.567,0.152,0.145,0.816,0.021,0.123,0.088,0.158,0.171,0.037,0.185,0.213,0.185,"2017",FALSE,0,0,20,FALSE
"268","Shaun Livingston","PG",0.738,"GSW",0.927,0.037,0.381,0.167,0.145,0.729,0.002,0.003,0.333,0.179,0.177,0.55,0.61,0.056,0.062,0.7,0.054,0.122,0.099,0.119,0.154,0.053,0.134,0.323,0.137,"2017",FALSE,0,0,67,FALSE
"269","Shawn Long","C",0.571,"PHI",0.22,0,0.066,0.059,0.05,0.747,0.017,0.021,0.368,0.056,0.051,0.6,0.658,0.025,0.036,0.543,0.078,0.044,0.056,0.011,0.037,0.024,0.028,0.132,0.052,"2017",FALSE,0,0,28,FALSE
"270","Kevon Looney","C",0.476,"GSW",0.646,0.049,0.127,0.054,0.049,0.697,0.005,0.01,0.222,0.056,0.055,0.551,0.592,0.028,0.035,0.618,0.084,0.079,0.081,0.025,0.061,0.045,0.037,0.173,0.048,"2017",FALSE,0,0,67,FALSE
"271","Brook Lopez","C",0.667,"BRK",0.915,0.915,0.629,0.537,0.539,0.632,0.333,0.437,0.346,0.438,0.443,0.536,0.59,0.39,0.374,0.81,0.231,0.28,0.263,0.151,0.154,0.33,0.397,0.518,0.543,"2017",FALSE,0,0,20,FALSE
"272","Robin Lopez","C",0.667,"CHI",0.988,0.988,0.643,0.369,0.357,0.657,0,0.002,0,0.398,0.436,0.494,0.548,0.099,0.107,0.721,0.467,0.274,0.34,0.069,0.073,0.311,0.196,0.407,0.296,"2017",FALSE,0,0,41,FALSE
"273","Kevin Love","PF",0.667,"CLE",0.732,0.732,0.534,0.358,0.399,0.569,0.361,0.439,0.373,0.234,0.27,0.471,0.567,0.34,0.303,0.871,0.283,0.514,0.435,0.1,0.215,0.056,0.263,0.337,0.403,"2017",FALSE,0,0,51,FALSE
"274","Kyle Lowry","PG",0.714,"TOR",0.732,0.732,0.635,0.412,0.422,0.619,0.48,0.528,0.412,0.242,0.254,0.518,0.632,0.396,0.376,0.819,0.092,0.236,0.187,0.358,0.358,0.051,0.373,0.458,0.475,"2017",FALSE,0,0,51,FALSE
"276","Timothe Luwawu-Cabarrot","SF",0.5,"PHI",0.841,0.232,0.337,0.14,0.166,0.536,0.124,0.182,0.311,0.099,0.113,0.475,0.523,0.139,0.127,0.854,0.048,0.123,0.097,0.064,0.13,0.027,0.157,0.415,0.157,"2017",FALSE,0,0,28,FALSE
"277","Trey Lyles","PF",0.5,"UTA",0.866,0.049,0.328,0.154,0.202,0.483,0.162,0.23,0.319,0.098,0.133,0.4,0.484,0.075,0.081,0.722,0.092,0.186,0.154,0.059,0.106,0.053,0.138,0.261,0.155,"2017",FALSE,0,0,51,FALSE
"278","Sheldon Mac","SG",0.571,"WAS",0.366,0.037,0.081,0.029,0.035,0.533,0.017,0.034,0.233,0.024,0.025,0.511,0.497,0.03,0.028,0.852,0.008,0.03,0.022,0.013,0.033,0.005,0.011,0.046,0.032,"2017",FALSE,0,0,49,FALSE
"279","Shelvin Mack","PG",0.619,"UTA",0.671,0.11,0.341,0.164,0.175,0.595,0.092,0.135,0.308,0.138,0.147,0.51,0.55,0.07,0.079,0.688,0.038,0.104,0.082,0.132,0.171,0.008,0.194,0.27,0.152,"2017",FALSE,0,0,51,FALSE
"281","Thon Maker","C",0.452,"MIL",0.695,0.415,0.159,0.08,0.083,0.612,0.07,0.084,0.378,0.057,0.06,0.514,0.596,0.042,0.05,0.653,0.076,0.073,0.075,0.02,0.041,0.069,0.037,0.226,0.08,"2017",FALSE,0,0,42,FALSE
"283","Jarell Martin","PF",0.524,"MEM",0.512,0.037,0.158,0.056,0.069,0.512,0.022,0.028,0.36,0.051,0.071,0.389,0.46,0.053,0.051,0.8,0.08,0.119,0.106,0.007,0.069,0.024,0.06,0.245,0.058,"2017",FALSE,0,0,43,FALSE
"284","Wesley Matthews","SG",0.714,"DAL",0.89,0.89,0.706,0.322,0.39,0.524,0.433,0.541,0.363,0.165,0.208,0.432,0.551,0.193,0.184,0.816,0.034,0.239,0.169,0.18,0.313,0.04,0.22,0.434,0.348,"2017",FALSE,0,0,33,FALSE
"285","Luc Mbah a Moute","SF",0.714,"LAC",0.976,0.927,0.506,0.185,0.174,0.673,0.107,0.124,0.391,0.154,0.151,0.552,0.624,0.078,0.09,0.678,0.084,0.125,0.111,0.034,0.329,0.093,0.099,0.329,0.171,"2017",FALSE,0,0,51,FALSE
"286","James Michael McAdoo","PF",0.571,"GSW",0.634,0.024,0.129,0.06,0.054,0.707,0.005,0.009,0.25,0.062,0.061,0.55,0.598,0.028,0.043,0.5,0.065,0.057,0.059,0.015,0.073,0.077,0.041,0.127,0.052,"2017",FALSE,0,0,67,FALSE
"287","Patrick McCaw","SG",0.5,"GSW",0.866,0.244,0.304,0.103,0.113,0.577,0.102,0.139,0.333,0.068,0.069,0.533,0.573,0.038,0.038,0.784,0.04,0.078,0.065,0.066,0.13,0.04,0.078,0.167,0.1,"2017",FALSE,0,0,67,FALSE
"288","CJ McCollum","SG",0.595,"POR",0.976,0.976,0.791,0.669,0.663,0.64,0.46,0.495,0.421,0.528,0.565,0.506,0.604,0.354,0.302,0.912,0.115,0.227,0.189,0.245,0.293,0.112,0.371,0.544,0.649,"2017",FALSE,0,0,41,FALSE
"289","T.J. McConnell","PG",0.571,"PHI",0.988,0.622,0.604,0.228,0.236,0.615,0.027,0.062,0.2,0.234,0.258,0.492,0.524,0.097,0.093,0.811,0.075,0.211,0.164,0.459,0.545,0.027,0.343,0.375,0.196,"2017",FALSE,0,0,28,FALSE
"293","JaVale McGee","C",0.69,"GSW",0.939,0.122,0.209,0.201,0.147,0.869,0,0.003,0,0.216,0.178,0.658,0.724,0.074,0.114,0.505,0.191,0.143,0.159,0.015,0.077,0.178,0.086,0.294,0.167,"2017",FALSE,0,0,67,FALSE
"294","Rodney McGruder","SG",0.595,"MIA",0.951,0.793,0.556,0.184,0.212,0.551,0.182,0.248,0.332,0.122,0.135,0.488,0.547,0.058,0.073,0.62,0.18,0.161,0.167,0.107,0.187,0.048,0.121,0.377,0.175,"2017",FALSE,0,0,41,FALSE
"295","Ben McLemore","SG",0.548,"SAC",0.744,0.317,0.333,0.174,0.193,0.573,0.162,0.192,0.382,0.12,0.14,0.462,0.563,0.093,0.096,0.753,0.036,0.109,0.084,0.044,0.118,0.016,0.134,0.291,0.175,"2017",FALSE,0,0,32,FALSE
"296","Jordan McRae","SG",0.595,"CLE",0.451,0.049,0.109,0.056,0.069,0.516,0.045,0.058,0.353,0.042,0.056,0.404,0.497,0.036,0.035,0.794,0.011,0.035,0.027,0.016,0.033,0.016,0.03,0.084,0.057,"2017",FALSE,0,0,51,FALSE
"297","Josh McRoberts","PF",0.69,"MIA",0.268,0.171,0.108,0.043,0.054,0.497,0.032,0.035,0.419,0.032,0.049,0.356,0.476,0.008,0.009,0.667,0.044,0.051,0.048,0.043,0.041,0.011,0.05,0.084,0.038,"2017",FALSE,0,0,41,FALSE
"298","Jodie Meeks","SG",0.69,"ORL",0.439,0.122,0.209,0.1,0.118,0.536,0.139,0.155,0.409,0.049,0.067,0.395,0.569,0.086,0.076,0.878,0.01,0.071,0.05,0.039,0.138,0.011,0.078,0.111,0.115,"2017",FALSE,0,0,29,FALSE
"299","Salah Mejri","C",0.714,"DAL",0.89,0.134,0.256,0.085,0.063,0.856,0.002,0.003,0.333,0.091,0.076,0.649,0.718,0.048,0.063,0.59,0.185,0.21,0.201,0.012,0.13,0.162,0.086,0.41,0.075,"2017",FALSE,0,0,33,FALSE
"300","Jordan Mickey","PF",0.524,"BOS",0.305,0.012,0.04,0.015,0.016,0.588,0,0.001,0,0.016,0.019,0.455,0.49,0.011,0.014,0.571,0.025,0.021,0.022,0.006,0.012,0.016,0.019,0.032,0.013,"2017",FALSE,0,0,53,FALSE
"301","Khris Middleton","SF",0.595,"MIL",0.354,0.28,0.252,0.145,0.153,0.6,0.112,0.117,0.433,0.109,0.129,0.459,0.576,0.107,0.095,0.88,0.021,0.111,0.08,0.085,0.167,0.019,0.14,0.213,0.15,"2017",FALSE,0,0,42,FALSE
"302","C.J. Miles","SF",0.69,"IND",0.927,0.354,0.503,0.272,0.298,0.579,0.42,0.462,0.413,0.117,0.134,0.471,0.628,0.111,0.096,0.903,0.057,0.198,0.15,0.041,0.187,0.066,0.086,0.407,0.288,"2017",FALSE,0,0,42,FALSE
"303","Mike Miller","SF",0.857,"DEN",0.244,0,0.043,0.009,0.011,0.521,0.02,0.023,0.4,0.001,0.002,0.333,0.628,0.003,0.002,1,0.004,0.036,0.025,0.019,0.008,0,0.028,0.024,0.01,"2017",FALSE,0,0,40,FALSE
"304","Patty Mills","PG",0.667,"SAS",0.976,0.098,0.496,0.264,0.286,0.587,0.366,0.401,0.414,0.131,0.15,0.474,0.62,0.087,0.082,0.825,0.046,0.116,0.092,0.241,0.264,0.008,0.218,0.294,0.268,"2017",FALSE,0,0,61,FALSE
"305","Elijah Millsap","SG",0.69,"PHO",0.024,0,0.007,0.001,0.003,0.191,0,0.002,0,0.001,0.003,0.2,0.159,0.001,0.002,0.5,0.006,0.003,0.004,0.001,0,0,0.004,0.005,0.001,"2017",FALSE,0,0,24,FALSE
"306","Paul Millsap","PF",0.738,"ATL",0.841,0.817,0.663,0.416,0.447,0.589,0.187,0.272,0.311,0.369,0.412,0.486,0.534,0.411,0.417,0.768,0.212,0.419,0.348,0.216,0.366,0.165,0.341,0.501,0.44,"2017",FALSE,0,0,43,FALSE
"307","Nikola Mirotic","PF",0.595,"CHI",0.854,0.183,0.475,0.25,0.288,0.551,0.321,0.426,0.342,0.134,0.14,0.52,0.573,0.131,0.132,0.773,0.117,0.321,0.251,0.064,0.215,0.146,0.172,0.345,0.263,"2017",FALSE,0,0,41,FALSE
"308","Greg Monroe","C",0.619,"MIL",0.988,0,0.516,0.374,0.334,0.711,0,0.005,0,0.403,0.407,0.536,0.592,0.234,0.246,0.741,0.319,0.362,0.348,0.161,0.374,0.101,0.302,0.453,0.336,"2017",FALSE,0,0,42,FALSE
"309","E'Twaun Moore","SG",0.643,"NOP",0.89,0.268,0.515,0.274,0.285,0.609,0.192,0.235,0.37,0.214,0.232,0.501,0.577,0.075,0.076,0.77,0.063,0.118,0.099,0.141,0.203,0.085,0.134,0.353,0.247,"2017",FALSE,0,0,34,FALSE
"310","Marcus Morris","SF",0.643,"DET",0.963,0.963,0.726,0.407,0.463,0.557,0.294,0.403,0.331,0.315,0.367,0.466,0.53,0.192,0.19,0.784,0.147,0.287,0.239,0.137,0.211,0.066,0.188,0.453,0.39,"2017",FALSE,0,0,37,FALSE
"311","Markieff Morris","PF",0.643,"WAS",0.927,0.927,0.672,0.393,0.409,0.609,0.177,0.221,0.362,0.349,0.391,0.483,0.552,0.238,0.221,0.837,0.205,0.383,0.322,0.108,0.333,0.112,0.278,0.685,0.375,"2017",FALSE,0,0,49,FALSE
"313","Donatas Motiejunas","PF",0.619,"NOP",0.415,0,0.136,0.055,0.064,0.551,0.027,0.053,0.234,0.048,0.051,0.505,0.503,0.033,0.05,0.51,0.05,0.074,0.066,0.027,0.073,0.029,0.067,0.148,0.053,"2017",FALSE,0,0,34,FALSE
"314","Timofey Mozgov","C",0.714,"LAL",0.659,0.634,0.312,0.163,0.151,0.687,0,0.001,0,0.176,0.184,0.517,0.572,0.083,0.08,0.808,0.199,0.159,0.173,0.037,0.065,0.082,0.155,0.358,0.142,"2017",FALSE,0,0,26,FALSE
"315","Emmanuel Mudiay","PG",0.476,"DEN",0.671,0.5,0.398,0.201,0.254,0.503,0.139,0.201,0.315,0.158,0.21,0.408,0.476,0.173,0.172,0.784,0.055,0.148,0.116,0.186,0.167,0.035,0.265,0.256,0.213,"2017",FALSE,0,0,40,FALSE
"316","Shabazz Muhammad","SF",0.571,"MIN",0.951,0.012,0.429,0.279,0.275,0.643,0.122,0.164,0.338,0.249,0.255,0.528,0.581,0.194,0.195,0.774,0.161,0.135,0.144,0.03,0.089,0.016,0.121,0.232,0.273,"2017",FALSE,0,0,31,FALSE
"317","Dejounte Murray","PG",0.476,"SAS",0.463,0.098,0.091,0.048,0.053,0.575,0.022,0.026,0.391,0.043,0.052,0.441,0.522,0.028,0.031,0.7,0.011,0.036,0.027,0.041,0.033,0.016,0.082,0.078,0.046,"2017",FALSE,0,0,61,FALSE
"318","Jamal Murray","SG",0.452,"DEN",1,0.122,0.499,0.285,0.336,0.539,0.286,0.388,0.334,0.187,0.218,0.466,0.537,0.14,0.123,0.883,0.078,0.172,0.14,0.146,0.207,0.064,0.244,0.334,0.286,"2017",FALSE,0,0,40,FALSE
"319","Mike Muscala","C",0.595,"ATL",0.854,0.037,0.35,0.164,0.155,0.672,0.114,0.124,0.418,0.129,0.128,0.546,0.637,0.065,0.066,0.766,0.145,0.163,0.157,0.082,0.122,0.109,0.119,0.261,0.154,"2017",FALSE,0,0,43,FALSE
"320","Larry Nance","PF",0.571,"LAL",0.768,0.085,0.408,0.184,0.166,0.701,0.025,0.041,0.278,0.187,0.183,0.554,0.6,0.078,0.082,0.738,0.229,0.247,0.241,0.082,0.333,0.104,0.121,0.402,0.159,"2017",FALSE,0,0,26,FALSE
"321","Shabazz Napier","PG",0.595,"POR",0.646,0.024,0.145,0.071,0.084,0.532,0.085,0.104,0.37,0.041,0.051,0.429,0.547,0.05,0.05,0.776,0.015,0.053,0.04,0.058,0.13,0.005,0.088,0.102,0.077,"2017",FALSE,0,0,41,FALSE
"322","Maurice Ndour","PF",0.571,"NYK",0.39,0.049,0.094,0.038,0.04,0.604,0.002,0.008,0.143,0.04,0.045,0.481,0.51,0.025,0.027,0.731,0.042,0.042,0.042,0.007,0.061,0.021,0.026,0.081,0.035,"2017",FALSE,0,0,31,FALSE
"323","Gary Neal","SG",0.762,"ATL",0.024,0,0.005,0,0.003,0,0,0.002,0,0,0.003,0,0,0.005,0.004,1,0,0.001,0.001,0.001,0,0,0,0.003,0.001,"2017",FALSE,0,0,43,FALSE
"324","Jameer Nelson","PG",0.81,"DEN",0.915,0.476,0.579,0.259,0.278,0.592,0.264,0.308,0.388,0.169,0.187,0.489,0.59,0.06,0.065,0.714,0.054,0.163,0.125,0.331,0.22,0.021,0.276,0.531,0.243,"2017",FALSE,0,0,40,FALSE
"325","Raul Neto","PG",0.571,"UTA",0.488,0,0.098,0.04,0.042,0.601,0.025,0.035,0.323,0.032,0.034,0.517,0.561,0.011,0.009,0.889,0.008,0.026,0.02,0.029,0.085,0.013,0.032,0.129,0.035,"2017",FALSE,0,0,51,FALSE
"326","Georges Niang","PF",0.548,"IND",0.28,0,0.026,0.009,0.017,0.333,0.002,0.014,0.083,0.008,0.014,0.333,0.293,0.003,0.002,1,0.004,0.015,0.011,0.004,0.012,0,0.011,0.016,0.007,"2017",FALSE,0,0,42,FALSE
"328","Joakim Noah","C",0.738,"NYK",0.561,0.561,0.287,0.096,0.093,0.653,0,0.001,0,0.103,0.113,0.493,0.544,0.045,0.08,0.436,0.31,0.239,0.263,0.088,0.122,0.098,0.125,0.342,0.082,"2017",FALSE,0,0,31,FALSE
"330","Lucas Nogueira","C",0.571,"TOR",0.695,0.073,0.308,0.1,0.072,0.88,0.007,0.014,0.25,0.104,0.081,0.694,0.744,0.058,0.069,0.657,0.157,0.161,0.159,0.036,0.211,0.237,0.099,0.369,0.089,"2017",FALSE,0,0,51,FALSE
"332","Dirk Nowitzki","PF",0.905,"DAL",0.659,0.659,0.403,0.286,0.312,0.583,0.197,0.236,0.378,0.226,0.265,0.463,0.55,0.13,0.115,0.875,0.044,0.328,0.231,0.07,0.122,0.101,0.11,0.305,0.272,"2017",FALSE,0,0,33,FALSE
"334","David Nwaba","SG",0.571,"LAL",0.244,0.024,0.112,0.045,0.037,0.773,0.002,0.006,0.2,0.048,0.043,0.605,0.651,0.033,0.04,0.641,0.033,0.046,0.041,0.012,0.053,0.019,0.024,0.097,0.042,"2017",FALSE,0,0,26,FALSE
"336","Kyle O'Quinn","C",0.619,"NYK",0.963,0.098,0.348,0.208,0.19,0.695,0.005,0.019,0.118,0.222,0.223,0.538,0.581,0.085,0.085,0.771,0.3,0.28,0.287,0.101,0.146,0.277,0.164,0.469,0.175,"2017",FALSE,0,0,31,FALSE
"339","Victor Oladipo","SG",0.571,"OKC",0.817,0.817,0.629,0.398,0.429,0.589,0.316,0.397,0.361,0.297,0.327,0.491,0.567,0.153,0.158,0.753,0.075,0.25,0.19,0.151,0.317,0.056,0.256,0.418,0.377,"2017",FALSE,0,0,47,FALSE
"340","Kelly Olynyk","C",0.595,"BOS",0.915,0.073,0.435,0.251,0.234,0.683,0.169,0.217,0.354,0.2,0.178,0.608,0.643,0.119,0.127,0.732,0.14,0.286,0.236,0.127,0.175,0.077,0.207,0.558,0.239,"2017",FALSE,0,0,53,FALSE
"343","Kelly Oubre","SF",0.5,"WAS",0.963,0.061,0.454,0.18,0.203,0.561,0.134,0.212,0.287,0.137,0.143,0.52,0.536,0.099,0.102,0.758,0.117,0.199,0.171,0.04,0.236,0.045,0.108,0.526,0.177,"2017",FALSE,0,0,49,FALSE
"344","Zaza Pachulia","C",0.762,"GSW",0.854,0.854,0.359,0.159,0.141,0.712,0,0.002,0,0.171,0.172,0.538,0.593,0.13,0.13,0.778,0.268,0.268,0.268,0.113,0.24,0.088,0.188,0.447,0.15,"2017",FALSE,0,0,67,FALSE
"345","Georgios Papagiannis","C",0.452,"SAC",0.268,0,0.1,0.054,0.047,0.732,0,0.002,0,0.058,0.056,0.56,0.61,0.016,0.014,0.857,0.046,0.062,0.056,0.017,0.012,0.045,0.052,0.119,0.044,"2017",FALSE,0,0,32,FALSE
"346","Jabari Parker","PF",0.5,"MIL",0.622,0.61,0.489,0.386,0.375,0.653,0.162,0.201,0.365,0.348,0.359,0.525,0.589,0.214,0.224,0.743,0.151,0.233,0.205,0.122,0.203,0.059,0.2,0.299,0.362,"2017",FALSE,0,0,42,FALSE
"347","Tony Parker","PG",0.81,"SAS",0.768,0.768,0.449,0.256,0.262,0.621,0.057,0.078,0.333,0.252,0.282,0.484,0.54,0.112,0.12,0.726,0.017,0.103,0.074,0.245,0.138,0.005,0.192,0.248,0.225,"2017",FALSE,0,0,61,FALSE
"348","Chandler Parsons","SF",0.667,"MEM",0.415,0.415,0.191,0.073,0.102,0.451,0.062,0.105,0.269,0.052,0.073,0.388,0.438,0.046,0.044,0.814,0.011,0.077,0.055,0.047,0.081,0.013,0.052,0.14,0.074,"2017",FALSE,0,0,43,FALSE
"349","Lamar Patterson","SG",0.595,"ATL",0.061,0,0.011,0.003,0.007,0.267,0.002,0.007,0.167,0.002,0.005,0.222,0.259,0.003,0.003,0.667,0.002,0.006,0.005,0.005,0.004,0,0.009,0.016,0.003,"2017",FALSE,0,0,43,FALSE
"350","Patrick Patterson","PF",0.643,"TOR",0.793,0.098,0.453,0.149,0.177,0.535,0.234,0.286,0.372,0.062,0.074,0.458,0.581,0.057,0.062,0.717,0.119,0.229,0.192,0.065,0.163,0.061,0.082,0.323,0.157,"2017",FALSE,0,0,51,FALSE
"351","Chris Paul","PG",0.738,"LAC",0.744,0.744,0.544,0.362,0.361,0.635,0.308,0.341,0.411,0.26,0.272,0.518,0.617,0.307,0.267,0.892,0.076,0.262,0.199,0.484,0.484,0.021,0.317,0.394,0.39,"2017",FALSE,0,0,51,FALSE
"352","Adreian Payne","PF",0.595,"MIN",0.22,0,0.038,0.022,0.025,0.568,0.007,0.017,0.2,0.021,0.022,0.513,0.504,0.019,0.02,0.737,0.017,0.024,0.022,0.006,0.033,0.019,0.017,0.086,0.022,"2017",FALSE,0,0,31,FALSE
"354","Elfrid Payton","PG",0.524,"ORL",1,0.707,0.683,0.416,0.42,0.628,0.1,0.165,0.274,0.406,0.432,0.509,0.548,0.193,0.217,0.692,0.17,0.296,0.253,0.454,0.358,0.106,0.384,0.477,0.369,"2017",FALSE,0,0,29,FALSE
"355","Gary Payton","PG",0.571,"MIL",0.073,0,0.028,0.008,0.01,0.485,0.002,0.01,0.111,0.007,0.007,0.538,0.429,0.004,0.005,0.6,0,0.012,0.008,0.011,0.012,0.011,0.022,0.024,0.007,"2017",FALSE,0,0,42,FALSE
"356","Paul Pierce","SF",0.929,"LAC",0.305,0.085,0.078,0.027,0.032,0.533,0.037,0.049,0.349,0.014,0.015,0.481,0.563,0.013,0.013,0.769,0.002,0.047,0.031,0.009,0.016,0.013,0.034,0.108,0.029,"2017",FALSE,0,0,51,FALSE
"361","Otto Porter","SF",0.548,"WAS",0.976,0.976,0.737,0.4,0.37,0.688,0.368,0.385,0.434,0.277,0.261,0.576,0.676,0.131,0.122,0.832,0.226,0.393,0.336,0.104,0.472,0.112,0.095,0.52,0.38,"2017",FALSE,0,0,49,FALSE
"362","Bobby Portis","PF",0.5,"CHI",0.78,0.159,0.283,0.177,0.173,0.651,0.08,0.108,0.333,0.157,0.157,0.541,0.59,0.052,0.061,0.661,0.143,0.219,0.193,0.03,0.065,0.029,0.08,0.253,0.154,"2017",FALSE,0,0,41,FALSE
"363","Kristaps Porzingis","PF",0.5,"NYK",0.805,0.793,0.613,0.428,0.453,0.6,0.279,0.354,0.357,0.344,0.378,0.493,0.563,0.262,0.259,0.786,0.212,0.361,0.31,0.083,0.191,0.343,0.254,0.658,0.422,"2017",FALSE,0,0,31,FALSE
"364","Dwight Powell","C",0.595,"DAL",0.939,0.037,0.377,0.188,0.173,0.687,0.052,0.084,0.284,0.18,0.171,0.571,0.602,0.142,0.145,0.759,0.178,0.212,0.2,0.042,0.248,0.104,0.073,0.364,0.182,"2017",FALSE,0,0,33,FALSE
"365","Norman Powell","SG",0.548,"TOR",0.927,0.22,0.387,0.22,0.233,0.599,0.139,0.195,0.324,0.178,0.188,0.514,0.56,0.167,0.164,0.792,0.05,0.142,0.11,0.07,0.211,0.037,0.151,0.342,0.225,"2017",FALSE,0,0,51,FALSE
"366","Alex Poythress","PF",0.548,"PHI",0.073,0.012,0.044,0.024,0.025,0.617,0.015,0.021,0.316,0.02,0.02,0.543,0.577,0.011,0.01,0.8,0.021,0.018,0.019,0.004,0.012,0.005,0.006,0.038,0.023,"2017",FALSE,0,0,28,FALSE
"367","Ronnie Price","PG",0.786,"PHO",0.171,0,0.038,0.004,0.011,0.223,0.007,0.019,0.176,0.001,0.004,0.143,0.254,0.004,0.004,0.75,0.006,0.008,0.007,0.015,0.045,0.003,0.006,0.038,0.005,"2017",FALSE,0,0,24,FALSE
"368","Tim Quarterman","SG",0.524,"POR",0.195,0,0.023,0.013,0.013,0.597,0.012,0.015,0.385,0.008,0.009,0.5,0.593,0,0.003,0,0.008,0.01,0.009,0.009,0.008,0.008,0.024,0.016,0.011,"2017",FALSE,0,0,41,FALSE
"370","Julius Randle","PF",0.524,"LAL",0.902,0.89,0.603,0.365,0.356,0.651,0.042,0.071,0.27,0.375,0.4,0.507,0.554,0.27,0.29,0.723,0.287,0.483,0.416,0.227,0.199,0.098,0.373,0.668,0.344,"2017",FALSE,0,0,26,FALSE
"371","Zach Randolph","PF",0.833,"MEM",0.89,0.061,0.506,0.419,0.444,0.599,0.052,0.106,0.223,0.429,0.491,0.474,0.511,0.187,0.199,0.731,0.348,0.413,0.391,0.105,0.154,0.027,0.213,0.367,0.363,"2017",FALSE,0,0,43,FALSE
"372","J.J. Redick","SG",0.762,"LAC",0.951,0.951,0.622,0.383,0.41,0.593,0.5,0.528,0.429,0.203,0.238,0.462,0.62,0.238,0.208,0.891,0.021,0.159,0.112,0.095,0.22,0.035,0.211,0.337,0.414,"2017",FALSE,0,0,51,FALSE
"373","Willie Reed","C",0.619,"MIA",0.866,0.061,0.292,0.157,0.131,0.757,0.002,0.005,0.25,0.168,0.158,0.573,0.633,0.065,0.091,0.557,0.247,0.202,0.217,0.022,0.073,0.125,0.067,0.369,0.132,"2017",FALSE,0,0,41,FALSE
"374","Josh Richardson","SG",0.548,"MIA",0.646,0.415,0.457,0.195,0.236,0.525,0.187,0.256,0.33,0.132,0.161,0.444,0.519,0.079,0.079,0.779,0.067,0.132,0.11,0.12,0.244,0.104,0.14,0.356,0.19,"2017",FALSE,0,0,41,FALSE
"375","Malachi Richardson","SG",0.5,"SAC",0.268,0,0.056,0.027,0.031,0.549,0.02,0.032,0.286,0.021,0.023,0.5,0.523,0.02,0.02,0.789,0.006,0.02,0.015,0.009,0.02,0.003,0.017,0.062,0.028,"2017",FALSE,0,0,32,FALSE
"376","Austin Rivers","SG",0.571,"LAC",0.902,0.354,0.581,0.312,0.336,0.589,0.276,0.337,0.371,0.221,0.244,0.491,0.576,0.175,0.197,0.691,0.038,0.14,0.105,0.175,0.195,0.027,0.248,0.504,0.314,"2017",FALSE,0,0,51,FALSE
"377","Andre Roberson","SF",0.595,"OKC",0.963,0.963,0.673,0.208,0.213,0.619,0.112,0.208,0.245,0.177,0.157,0.609,0.57,0.062,0.114,0.423,0.187,0.303,0.263,0.068,0.382,0.21,0.11,0.55,0.184,"2017",FALSE,0,0,47,FALSE
"378","Brian Roberts","PG",0.738,"CHO",0.5,0.024,0.118,0.044,0.056,0.503,0.042,0.05,0.386,0.03,0.044,0.372,0.497,0.044,0.04,0.846,0.01,0.034,0.025,0.045,0.037,0.003,0.056,0.049,0.05,"2017",FALSE,0,0,36,FALSE
"379","Glenn Robinson","SF",0.548,"IND",0.841,0.329,0.404,0.153,0.156,0.623,0.122,0.141,0.392,0.113,0.12,0.512,0.6,0.071,0.078,0.711,0.109,0.188,0.161,0.04,0.167,0.053,0.08,0.17,0.148,"2017",FALSE,0,0,42,FALSE
"380","Thomas Robinson","PF",0.595,"LAL",0.585,0.012,0.159,0.102,0.09,0.715,0,0.001,0,0.109,0.11,0.538,0.596,0.041,0.068,0.47,0.161,0.138,0.146,0.027,0.106,0.024,0.099,0.205,0.085,"2017",FALSE,0,0,26,FALSE
"381","Sergio Rodriguez","PG",0.714,"PHI",0.829,0.366,0.43,0.203,0.247,0.523,0.229,0.284,0.365,0.123,0.16,0.415,0.531,0.024,0.028,0.667,0.04,0.135,0.103,0.296,0.199,0.011,0.276,0.256,0.187,"2017",FALSE,0,0,28,FALSE
"382","Rajon Rondo","PG",0.714,"CHI",0.841,0.512,0.522,0.221,0.258,0.544,0.124,0.15,0.376,0.186,0.241,0.418,0.503,0.04,0.051,0.6,0.14,0.28,0.232,0.396,0.402,0.029,0.364,0.388,0.19,"2017",FALSE,0,0,41,FALSE
"383","Derrick Rose","PG",0.667,"NYK",0.78,0.78,0.589,0.445,0.45,0.628,0.032,0.068,0.217,0.465,0.517,0.487,0.53,0.292,0.26,0.874,0.126,0.179,0.161,0.243,0.179,0.045,0.317,0.226,0.407,"2017",FALSE,0,0,31,FALSE
"385","Terry Rozier","PG",0.524,"BOS",0.902,0,0.357,0.146,0.189,0.489,0.142,0.202,0.318,0.098,0.131,0.405,0.486,0.067,0.068,0.773,0.076,0.186,0.148,0.113,0.187,0.029,0.101,0.186,0.145,"2017",FALSE,0,0,53,FALSE
"386","Ricky Rubio","PG",0.619,"MIN",0.915,0.915,0.699,0.252,0.299,0.536,0.149,0.221,0.306,0.209,0.256,0.443,0.498,0.336,0.293,0.891,0.13,0.235,0.199,0.586,0.52,0.027,0.42,0.544,0.295,"2017",FALSE,0,0,31,FALSE
"388","Brandon Rush","SG",0.738,"MIN",0.573,0.402,0.292,0.068,0.086,0.499,0.109,0.129,0.386,0.027,0.041,0.356,0.547,0.017,0.019,0.722,0.031,0.082,0.065,0.039,0.089,0.061,0.06,0.113,0.07,"2017",FALSE,0,0,31,FALSE
"389","D'Angelo Russell","PG",0.476,"LAL",0.768,0.732,0.513,0.339,0.399,0.54,0.336,0.433,0.352,0.225,0.272,0.447,0.537,0.194,0.193,0.782,0.059,0.189,0.144,0.26,0.354,0.043,0.379,0.35,0.347,"2017",FALSE,0,0,26,FALSE
"390","Domantas Sabonis","PF",0.476,"OKC",0.988,0.805,0.462,0.186,0.221,0.532,0.127,0.179,0.321,0.147,0.182,0.438,0.502,0.058,0.069,0.657,0.088,0.24,0.188,0.07,0.159,0.085,0.179,0.539,0.169,"2017",FALSE,0,0,47,FALSE
"392","Dario Saric","PF",0.524,"PHI",0.988,0.439,0.603,0.368,0.427,0.548,0.264,0.385,0.311,0.286,0.331,0.469,0.52,0.228,0.226,0.782,0.214,0.398,0.335,0.156,0.232,0.08,0.394,0.437,0.367,"2017",FALSE,0,0,28,FALSE
"393","Tomas Satoransky","SG",0.595,"WAS",0.695,0.037,0.204,0.059,0.068,0.553,0.022,0.042,0.243,0.054,0.062,0.473,0.496,0.03,0.034,0.697,0.048,0.058,0.054,0.079,0.106,0.016,0.082,0.162,0.054,"2017",FALSE,0,0,49,FALSE
"394","Dennis Schroder","PG",0.548,"ATL",0.963,0.951,0.703,0.53,0.559,0.601,0.249,0.332,0.34,0.466,0.519,0.487,0.548,0.288,0.262,0.855,0.08,0.205,0.162,0.429,0.301,0.043,0.556,0.402,0.499,"2017",FALSE,0,0,43,FALSE
"395","Luis Scola","PF",0.857,"BRK",0.439,0.012,0.13,0.069,0.069,0.627,0.042,0.056,0.34,0.056,0.057,0.535,0.584,0.033,0.038,0.676,0.098,0.087,0.091,0.032,0.057,0.011,0.073,0.17,0.065,"2017",FALSE,0,0,20,FALSE
"396","Mike Scott","PF",0.667,"ATL",0.22,0,0.055,0.016,0.027,0.384,0.01,0.03,0.148,0.014,0.018,0.406,0.358,0.009,0.008,0.875,0.019,0.027,0.024,0.015,0.016,0.008,0.017,0.032,0.016,"2017",FALSE,0,0,43,FALSE
"397","Thabo Sefolosha","SF",0.762,"ATL",0.756,0.512,0.452,0.168,0.182,0.588,0.102,0.135,0.342,0.138,0.155,0.484,0.547,0.073,0.077,0.733,0.103,0.214,0.176,0.092,0.39,0.082,0.125,0.261,0.157,"2017",FALSE,0,0,43,FALSE
"399","Kevin Seraphin","PF",0.643,"IND",0.598,0.037,0.158,0.105,0.091,0.735,0,0.002,0,0.113,0.111,0.556,0.612,0.019,0.023,0.636,0.078,0.1,0.093,0.02,0.028,0.053,0.062,0.178,0.082,"2017",FALSE,0,0,42,FALSE
"400","Ramon Sessions","PG",0.714,"CHO",0.61,0.012,0.23,0.097,0.121,0.507,0.052,0.07,0.339,0.082,0.113,0.393,0.467,0.12,0.121,0.771,0.021,0.062,0.048,0.111,0.11,0.008,0.099,0.116,0.11,"2017",FALSE,0,0,36,FALSE
"401","Iman Shumpert","SG",0.619,"CLE",0.927,0.378,0.548,0.194,0.225,0.548,0.234,0.295,0.36,0.111,0.129,0.469,0.563,0.094,0.093,0.789,0.075,0.178,0.142,0.094,0.252,0.072,0.168,0.404,0.2,"2017",FALSE,0,0,51,FALSE
"402","Pascal Siakam","PF",0.524,"TOR",0.671,0.463,0.243,0.1,0.094,0.669,0.002,0.008,0.143,0.106,0.112,0.515,0.561,0.029,0.033,0.688,0.122,0.12,0.121,0.015,0.106,0.12,0.071,0.294,0.081,"2017",FALSE,0,0,51,FALSE
"403","Jonathon Simmons","SG",0.643,"SAS",0.951,0.098,0.394,0.171,0.194,0.56,0.075,0.115,0.294,0.153,0.18,0.461,0.507,0.131,0.136,0.75,0.038,0.139,0.105,0.108,0.191,0.066,0.164,0.394,0.171,"2017",FALSE,0,0,61,FALSE
"404","Kyle Singler","SF",0.667,"OKC",0.39,0.024,0.109,0.033,0.038,0.547,0.017,0.042,0.189,0.028,0.026,0.587,0.502,0.017,0.017,0.765,0.015,0.04,0.031,0.008,0.028,0.013,0.024,0.078,0.031,"2017",FALSE,0,0,47,FALSE
"405","Marcus Smart","SG",0.524,"BOS",0.963,0.293,0.679,0.26,0.345,0.479,0.234,0.375,0.283,0.182,0.235,0.42,0.469,0.269,0.257,0.812,0.149,0.225,0.199,0.313,0.508,0.09,0.343,0.518,0.295,"2017",FALSE,0,0,53,FALSE
"406","Ish Smith","PG",0.667,"DET",0.988,0.39,0.553,0.318,0.345,0.585,0.07,0.119,0.267,0.313,0.363,0.467,0.509,0.095,0.105,0.706,0.04,0.213,0.154,0.359,0.248,0.088,0.241,0.342,0.268,"2017",FALSE,0,0,37,FALSE
"407","J.R. Smith","SG",0.738,"CLE",0.5,0.427,0.336,0.119,0.164,0.461,0.236,0.306,0.351,0.029,0.048,0.329,0.532,0.013,0.015,0.667,0.033,0.095,0.074,0.053,0.163,0.029,0.056,0.208,0.124,"2017",FALSE,0,0,51,FALSE
"408","Jason Smith","C",0.714,"WAS",0.902,0.037,0.302,0.168,0.151,0.705,0.092,0.088,0.474,0.143,0.142,0.546,0.65,0.046,0.052,0.686,0.122,0.193,0.169,0.032,0.085,0.144,0.125,0.453,0.148,"2017",FALSE,0,0,49,FALSE
"409","Tony Snell","SG",0.595,"MIL",0.976,0.976,0.661,0.238,0.249,0.607,0.358,0.401,0.406,0.106,0.105,0.548,0.653,0.062,0.06,0.81,0.042,0.224,0.162,0.082,0.224,0.037,0.119,0.337,0.241,"2017",FALSE,0,0,42,FALSE
"410","Marreese Speights","C",0.69,"LAC",1,0.024,0.364,0.236,0.252,0.593,0.256,0.313,0.372,0.147,0.153,0.52,0.599,0.159,0.141,0.876,0.168,0.283,0.244,0.056,0.093,0.109,0.149,0.617,0.251,"2017",FALSE,0,0,51,FALSE
"411","Tiago Splitter","C",0.762,"PHI",0.098,0,0.022,0.014,0.014,0.603,0.005,0.007,0.333,0.012,0.014,0.48,0.538,0.012,0.011,0.818,0.015,0.014,0.014,0.003,0.004,0.003,0.013,0.022,0.014,"2017",FALSE,0,0,28,FALSE
"412","Nik Stauskas","SG",0.548,"PHI",0.976,0.329,0.619,0.243,0.292,0.528,0.328,0.405,0.368,0.124,0.155,0.433,0.556,0.161,0.154,0.813,0.04,0.204,0.148,0.162,0.183,0.085,0.276,0.388,0.267,"2017",FALSE,0,0,28,FALSE
"416","Rodney Stuckey","PG",0.714,"IND",0.476,0,0.197,0.088,0.112,0.497,0.047,0.068,0.317,0.075,0.104,0.391,0.458,0.106,0.11,0.748,0.011,0.077,0.055,0.072,0.065,0,0.114,0.119,0.099,"2017",FALSE,0,0,42,FALSE
"417","Jared Sullinger","PF",0.571,"TOR",0.134,0.012,0.033,0.015,0.022,0.425,0.007,0.02,0.167,0.012,0.016,0.414,0.39,0.005,0.008,0.5,0.019,0.017,0.018,0.003,0.016,0.003,0.009,0.046,0.013,"2017",FALSE,0,0,51,FALSE
"419","Isaiah Taylor","PG",0.524,"HOU",0.049,0,0.015,0.001,0.003,0.191,0,0.002,0,0.001,0.003,0.2,0.159,0.001,0.002,0.5,0.002,0.002,0.002,0.003,0.004,0.003,0,0.016,0.001,"2017",FALSE,0,0,55,FALSE
"420","Jeff Teague","PG",0.667,"IND",1,1,0.752,0.389,0.418,0.589,0.224,0.284,0.357,0.325,0.371,0.475,0.547,0.476,0.427,0.867,0.063,0.295,0.216,0.549,0.407,0.085,0.466,0.445,0.443,"2017",FALSE,0,0,42,FALSE
"421","Mirza Teletovic","PF",0.738,"MIL",0.854,0.024,0.321,0.151,0.192,0.497,0.259,0.344,0.341,0.054,0.064,0.46,0.553,0.046,0.046,0.778,0.021,0.15,0.106,0.041,0.049,0.035,0.08,0.294,0.159,"2017",FALSE,0,0,42,FALSE
"422","Garrett Temple","SG",0.714,"SAC",0.793,0.256,0.489,0.177,0.199,0.565,0.204,0.248,0.373,0.105,0.12,0.476,0.577,0.077,0.076,0.784,0.061,0.151,0.12,0.144,0.341,0.074,0.168,0.38,0.179,"2017",FALSE,0,0,32,FALSE
"423","Jason Terry","SG",0.929,"MIL",0.902,0,0.386,0.102,0.112,0.576,0.182,0.193,0.427,0.033,0.041,0.444,0.647,0.032,0.03,0.828,0.029,0.09,0.069,0.084,0.187,0.053,0.078,0.256,0.108,"2017",FALSE,0,0,42,FALSE
"424","Isaiah Thomas","PG",0.643,"BOS",0.927,0.927,0.727,0.66,0.678,0.617,0.609,0.729,0.379,0.455,0.466,0.528,0.607,0.78,0.668,0.909,0.082,0.161,0.134,0.385,0.285,0.035,0.453,0.45,0.776,"2017",FALSE,0,0.08,53,TRUE
"425","Lance Thomas","PF",0.667,"NYK",0.561,0.183,0.274,0.094,0.112,0.531,0.095,0.096,0.447,0.061,0.09,0.371,0.528,0.057,0.052,0.843,0.061,0.109,0.093,0.03,0.085,0.013,0.054,0.229,0.097,"2017",FALSE,0,0,31,FALSE
"427","Klay Thompson","SG",0.619,"GSW",0.951,0.951,0.75,0.623,0.633,0.624,0.667,0.73,0.414,0.391,0.411,0.516,0.628,0.246,0.224,0.853,0.094,0.234,0.186,0.137,0.268,0.106,0.276,0.375,0.615,"2017",FALSE,0,0,67,FALSE
"428","Tristan Thompson","C",0.595,"CLE",0.951,0.951,0.661,0.253,0.201,0.8,0,0.003,0,0.273,0.245,0.604,0.667,0.14,0.219,0.498,0.547,0.426,0.467,0.066,0.159,0.223,0.138,0.474,0.222,"2017",FALSE,0,0,51,FALSE
"429","Marcus Thornton","SG",0.69,"WAS",0.402,0.012,0.163,0.081,0.097,0.533,0.07,0.09,0.35,0.058,0.073,0.431,0.519,0.03,0.028,0.852,0.042,0.054,0.05,0.035,0.077,0.008,0.054,0.129,0.077,"2017",FALSE,0,0,49,FALSE
"431","Anthony Tolliver","PF",0.738,"SAC",0.793,0.11,0.418,0.15,0.162,0.589,0.224,0.26,0.391,0.068,0.068,0.537,0.633,0.081,0.084,0.744,0.098,0.185,0.155,0.066,0.138,0.053,0.121,0.294,0.163,"2017",FALSE,0,0,32,FALSE
"433","Karl-Anthony Towns","C",0.5,"MIN",1,1,0.858,0.776,0.681,0.723,0.251,0.31,0.367,0.729,0.68,0.582,0.64,0.471,0.44,0.832,0.566,0.706,0.658,0.189,0.228,0.274,0.457,0.65,0.728,"2017",FALSE,0,0,31,FALSE
"435","Evan Turner","SF",0.667,"POR",0.793,0.146,0.469,0.227,0.254,0.568,0.077,0.133,0.263,0.212,0.245,0.47,0.504,0.112,0.106,0.825,0.069,0.21,0.161,0.176,0.215,0.064,0.216,0.326,0.207,"2017",FALSE,0,0,41,FALSE
"436","Myles Turner","C",0.476,"IND",0.988,0.988,0.719,0.429,0.4,0.681,0.1,0.13,0.348,0.42,0.425,0.536,0.593,0.324,0.312,0.809,0.266,0.447,0.385,0.091,0.301,0.457,0.226,0.706,0.414,"2017",FALSE,0,0,42,FALSE
"437","Beno Udrih","PG",0.81,"DET",0.476,0,0.159,0.089,0.091,0.623,0.027,0.036,0.344,0.084,0.093,0.491,0.55,0.042,0.035,0.941,0.011,0.051,0.037,0.113,0.053,0,0.078,0.078,0.08,"2017",FALSE,0,0,37,FALSE
"438","Tyler Ulis","PG",0.5,"PHO",0.744,0.183,0.318,0.178,0.201,0.561,0.052,0.089,0.266,0.17,0.202,0.455,0.494,0.073,0.073,0.775,0.038,0.074,0.062,0.194,0.195,0.013,0.166,0.197,0.157,"2017",FALSE,0,0,24,FALSE
"439","Jarrod Uthoff","PF",0.548,"DAL",0.11,0,0.033,0.015,0.017,0.561,0.007,0.01,0.333,0.014,0.016,0.448,0.512,0.007,0.007,0.714,0.015,0.014,0.014,0.008,0.008,0.011,0.006,0.022,0.014,"2017",FALSE,0,0,33,FALSE
"440","Jonas Valanciunas","C",0.571,"TOR",0.976,0.976,0.585,0.378,0.323,0.743,0.002,0.002,0.5,0.406,0.395,0.557,0.62,0.233,0.223,0.811,0.432,0.529,0.496,0.049,0.15,0.168,0.228,0.582,0.339,"2017",FALSE,0,0,51,FALSE
"441","Denzel Valentine","SG",0.548,"CHI",0.695,0,0.276,0.099,0.133,0.472,0.182,0.235,0.351,0.03,0.045,0.363,0.534,0.019,0.019,0.778,0.021,0.139,0.099,0.054,0.122,0.019,0.106,0.232,0.103,"2017",FALSE,0,0,41,FALSE
"442","Fred VanVleet","PG",0.524,"TOR",0.451,0,0.083,0.038,0.051,0.468,0.027,0.033,0.379,0.029,0.046,0.341,0.446,0.024,0.023,0.818,0.008,0.038,0.027,0.03,0.065,0.008,0.032,0.097,0.038,"2017",FALSE,0,0,51,FALSE
"444","Greivis Vasquez","PG",0.714,"BRK",0.037,0,0.011,0.002,0.004,0.333,0.002,0.003,0.333,0.001,0.003,0.2,0.348,0.003,0.003,0.667,0,0.002,0.001,0.004,0.004,0.003,0.002,0.016,0.002,"2017",FALSE,0,0,20,FALSE
"445","Rashad Vaughn","SG",0.476,"MIL",0.5,0.024,0.13,0.055,0.072,0.487,0.065,0.091,0.321,0.032,0.042,0.413,0.499,0.003,0.005,0.4,0.008,0.045,0.032,0.02,0.077,0.027,0.03,0.086,0.05,"2017",FALSE,0,0,42,FALSE
"446","Noah Vonleh","PF",0.5,"POR",0.902,0.5,0.358,0.126,0.124,0.641,0.017,0.023,0.35,0.128,0.141,0.492,0.549,0.079,0.097,0.638,0.25,0.254,0.253,0.027,0.122,0.072,0.138,0.415,0.115,"2017",FALSE,0,0,41,FALSE
"447","Nikola Vucevic","C",0.619,"ORL",0.915,0.671,0.612,0.467,0.474,0.624,0.057,0.085,0.307,0.479,0.539,0.481,0.533,0.142,0.165,0.669,0.337,0.599,0.509,0.179,0.309,0.197,0.252,0.485,0.387,"2017",FALSE,0,0,29,FALSE
"448","Sasha Vujacic","SG",0.762,"NYK",0.512,0.049,0.115,0.041,0.063,0.412,0.057,0.084,0.311,0.02,0.035,0.306,0.437,0.022,0.025,0.708,0.023,0.047,0.039,0.045,0.053,0.005,0.034,0.102,0.044,"2017",FALSE,0,0,31,FALSE
"449","Dwyane Wade","SG",0.833,"CHI",0.732,0.72,0.507,0.4,0.439,0.579,0.112,0.164,0.31,0.384,0.457,0.456,0.508,0.295,0.289,0.794,0.12,0.206,0.176,0.196,0.35,0.109,0.297,0.302,0.387,"2017",FALSE,0,0,41,FALSE
"450","Dion Waiters","SG",0.595,"MIA",0.561,0.524,0.392,0.272,0.305,0.565,0.211,0.243,0.395,0.204,0.253,0.438,0.542,0.108,0.131,0.646,0.034,0.134,0.1,0.172,0.171,0.053,0.222,0.256,0.257,"2017",FALSE,0,0,41,FALSE
"451","Kemba Walker","PG",0.619,"CHO",0.963,0.963,0.775,0.622,0.667,0.592,0.597,0.679,0.399,0.419,0.478,0.476,0.586,0.402,0.369,0.847,0.086,0.261,0.201,0.373,0.346,0.059,0.362,0.321,0.646,"2017",FALSE,0,0,36,FALSE
"452","John Wall","PG",0.619,"WAS",0.951,0.951,0.803,0.626,0.66,0.601,0.221,0.307,0.327,0.581,0.656,0.48,0.536,0.558,0.542,0.801,0.113,0.265,0.213,0.714,0.638,0.13,0.694,0.407,0.637,"2017",FALSE,0,0.007,49,TRUE
"453","Taurean Waller-Prince","SF",0.524,"ATL",0.72,0.122,0.278,0.11,0.131,0.533,0.082,0.115,0.324,0.084,0.103,0.443,0.509,0.098,0.097,0.787,0.048,0.131,0.103,0.047,0.175,0.072,0.131,0.259,0.118,"2017",FALSE,0,0,43,FALSE
"454","T.J. Warren","SF",0.548,"PHO",0.805,0.72,0.58,0.39,0.375,0.66,0.065,0.111,0.265,0.392,0.404,0.527,0.568,0.157,0.158,0.773,0.239,0.213,0.222,0.064,0.309,0.104,0.123,0.472,0.336,"2017",FALSE,0,0,24,FALSE
"455","C.J. Watson","PG",0.762,"ORL",0.756,0.11,0.286,0.093,0.114,0.516,0.08,0.119,0.305,0.067,0.081,0.448,0.502,0.075,0.068,0.864,0.031,0.072,0.058,0.098,0.175,0.005,0.101,0.226,0.099,"2017",FALSE,0,0,29,FALSE
"457","David West","C",0.857,"GSW",0.829,0,0.242,0.131,0.116,0.715,0.007,0.009,0.375,0.137,0.138,0.541,0.602,0.057,0.058,0.768,0.09,0.155,0.133,0.13,0.171,0.128,0.168,0.283,0.112,"2017",FALSE,0,0,67,FALSE
"458","Russell Westbrook","PG",0.667,"OKC",0.988,0.988,0.793,0.797,0.893,0.567,0.498,0.658,0.343,0.649,0.766,0.459,0.529,0.939,0.864,0.845,0.262,0.722,0.565,0.722,0.537,0.082,0.944,0.512,0.903,"2017",TRUE,69,0.879,47,TRUE
"459","Okaro White","PF",0.571,"MIA",0.427,0,0.133,0.032,0.04,0.505,0.03,0.038,0.353,0.022,0.03,0.396,0.498,0.026,0.023,0.909,0.048,0.057,0.054,0.018,0.041,0.027,0.039,0.14,0.035,"2017",FALSE,0,0,41,FALSE
"460","Isaiah Whitehead","PG",0.5,"BRK",0.89,0.317,0.465,0.197,0.234,0.536,0.109,0.168,0.295,0.166,0.202,0.446,0.494,0.12,0.116,0.805,0.061,0.151,0.12,0.165,0.171,0.096,0.306,0.472,0.192,"2017",FALSE,0,0,20,FALSE
"462","Andrew Wiggins","SF",0.5,"MIN",1,1,0.863,0.686,0.723,0.603,0.256,0.326,0.356,0.631,0.723,0.473,0.538,0.545,0.558,0.76,0.195,0.224,0.214,0.162,0.333,0.08,0.403,0.493,0.683,"2017",FALSE,0,0,31,FALSE
"463","C.J. Wilcox","SG",0.619,"ORL",0.268,0,0.031,0.008,0.014,0.344,0.007,0.017,0.2,0.005,0.009,0.313,0.34,0.003,0.002,1,0.008,0.008,0.008,0.01,0.008,0.003,0.013,0.022,0.007,"2017",FALSE,0,0,29,FALSE
"464","Alan Williams","C",0.571,"PHO",0.573,0,0.2,0.133,0.123,0.689,0,0.001,0,0.144,0.15,0.519,0.574,0.093,0.115,0.625,0.18,0.197,0.191,0.02,0.11,0.085,0.08,0.337,0.122,"2017",FALSE,0,0,24,FALSE
"468","Marvin Williams","PF",0.714,"CHO",0.927,0.927,0.65,0.287,0.324,0.563,0.308,0.4,0.35,0.18,0.197,0.494,0.567,0.173,0.154,0.873,0.17,0.408,0.327,0.091,0.236,0.141,0.129,0.361,0.3,"2017",FALSE,0,0,36,FALSE
"469","Reggie Williams","SF",0.714,"NOP",0.073,0,0.022,0.008,0.011,0.464,0.012,0.012,0.455,0.003,0.007,0.25,0.508,0.008,0.007,0.857,0.004,0.004,0.004,0.003,0.012,0,0,0.005,0.01,"2017",FALSE,0,0,34,FALSE
"471","Kyle Wiltjer","PF",0.571,"HOU",0.171,0,0.012,0.004,0.006,0.381,0.01,0.015,0.308,0,0.001,0,0.477,0.001,0.002,0.5,0.008,0.006,0.007,0.002,0.012,0.003,0.011,0.011,0.005,"2017",FALSE,0,0,55,FALSE
"472","Justise Winslow","SF",0.476,"MIA",0.22,0.183,0.177,0.077,0.104,0.475,0.017,0.04,0.2,0.076,0.107,0.384,0.412,0.038,0.048,0.617,0.044,0.071,0.061,0.057,0.106,0.016,0.071,0.14,0.069,"2017",FALSE,0,0,41,FALSE
"473","Jeff Withey","C",0.619,"UTA",0.622,0.012,0.122,0.053,0.047,0.712,0,0.001,0,0.057,0.058,0.539,0.593,0.048,0.049,0.75,0.099,0.069,0.079,0.006,0.065,0.085,0.03,0.14,0.052,"2017",FALSE,0,0,51,FALSE
"474","Christian Wood","PF",0.5,"CHO",0.159,0,0.03,0.012,0.011,0.696,0,0.006,0,0.012,0.01,0.667,0.58,0.015,0.015,0.733,0.027,0.015,0.019,0.002,0.012,0.016,0.015,0.03,0.012,"2017",FALSE,0,0,36,FALSE
"475","Metta World Peace","SF",0.881,"LAL",0.305,0.024,0.045,0.018,0.031,0.372,0.022,0.043,0.237,0.01,0.017,0.333,0.384,0.013,0.016,0.625,0.01,0.015,0.013,0.009,0.041,0.005,0.015,0.049,0.02,"2017",FALSE,0,0,26,FALSE
"476","Brandan Wright","PF",0.69,"MEM",0.341,0.061,0.127,0.08,0.062,0.82,0,0.001,0,0.086,0.076,0.619,0.683,0.03,0.036,0.657,0.059,0.047,0.051,0.013,0.045,0.053,0.022,0.113,0.067,"2017",FALSE,0,0,43,FALSE
"477","Delon Wright","PG",0.571,"TOR",0.329,0,0.126,0.047,0.053,0.563,0.025,0.034,0.333,0.041,0.049,0.453,0.518,0.056,0.057,0.764,0.031,0.032,0.031,0.049,0.11,0.029,0.054,0.084,0.053,"2017",FALSE,0,0,51,FALSE
"478","James Young","SG",0.5,"BOS",0.354,0,0.062,0.024,0.027,0.575,0.03,0.04,0.343,0.014,0.013,0.565,0.593,0.008,0.009,0.667,0.011,0.02,0.017,0.003,0.041,0.005,0.009,0.04,0.024,"2017",FALSE,0,0,53,FALSE
"479","Joe Young","PG",0.571,"IND",0.402,0,0.038,0.025,0.033,0.481,0.012,0.026,0.217,0.022,0.028,0.429,0.44,0.015,0.015,0.733,0.002,0.016,0.011,0.013,0.016,0,0.011,0.013,0.024,"2017",FALSE,0,0,42,FALSE
"480","Nick Young","SG",0.738,"LAL",0.732,0.732,0.44,0.263,0.291,0.573,0.423,0.475,0.404,0.106,0.12,0.481,0.627,0.102,0.093,0.856,0.048,0.112,0.09,0.05,0.15,0.037,0.078,0.369,0.279,"2017",FALSE,0,0,26,FALSE
"481","Thaddeus Young","PF",0.667,"IND",0.902,0.902,0.633,0.35,0.316,0.703,0.112,0.133,0.381,0.33,0.321,0.557,0.622,0.06,0.088,0.523,0.25,0.315,0.293,0.105,0.459,0.077,0.205,0.364,0.287,"2017",FALSE,0,0,42,FALSE
"482","Cody Zeller","C",0.571,"CHO",0.756,0.707,0.488,0.245,0.204,0.761,0,0.001,0,0.263,0.249,0.572,0.634,0.176,0.202,0.679,0.258,0.268,0.265,0.085,0.252,0.154,0.14,0.509,0.226,"2017",FALSE,0,0,36,FALSE
"483","Tyler Zeller","C",0.643,"BOS",0.622,0.061,0.149,0.075,0.073,0.659,0,0.001,0,0.081,0.089,0.497,0.549,0.029,0.04,0.564,0.082,0.08,0.081,0.036,0.028,0.056,0.043,0.164,0.063,"2017",FALSE,0,0,53,FALSE
"485","Paul Zipser","SF",0.524,"CHI",0.537,0.22,0.239,0.085,0.102,0.531,0.082,0.112,0.333,0.057,0.069,0.451,0.526,0.041,0.041,0.775,0.029,0.109,0.082,0.031,0.061,0.043,0.086,0.21,0.085,"2017",FALSE,0,0,41,FALSE
"486","Ivica Zubac","C",0.452,"LAL",0.463,0.134,0.172,0.122,0.11,0.705,0,0.003,0,0.131,0.133,0.536,0.588,0.042,0.05,0.653,0.078,0.117,0.104,0.026,0.057,0.088,0.065,0.178,0.1,"2017",FALSE,0,0,26,FALSE
"  1","Alex Abrines","SG",0.571,"OKC",0.915,0.098,0.321,0.111,0.134,0.527,0.209,0.249,0.38,0.032,0.039,0.443,0.6,0.052,0.047,0.848,0.05,0.087,0.075,0.024,0.154,0.021,0.054,0.334,0.125,"2018",FALSE,0,0,48,FALSE
"  2","Quincy Acy","PF",0.643,"BRK",0.854,0.098,0.385,0.126,0.168,0.475,0.254,0.33,0.349,0.029,0.041,0.384,0.551,0.065,0.062,0.817,0.076,0.215,0.168,0.049,0.134,0.077,0.129,0.402,0.145,"2018",FALSE,0,0,28,FALSE
"  3","Steven Adams","C",0.571,"OKC",0.927,0.927,0.704,0.433,0.328,0.839,0,0.002,0,0.466,0.4,0.631,0.699,0.212,0.294,0.559,0.734,0.299,0.448,0.076,0.374,0.207,0.276,0.58,0.373,"2018",FALSE,0,0,48,FALSE
"  4","Bam Adebayo","C",0.476,"MIA",0.841,0.232,0.387,0.168,0.156,0.683,0,0.008,0,0.181,0.188,0.523,0.569,0.171,0.184,0.721,0.226,0.261,0.249,0.087,0.13,0.109,0.142,0.372,0.168,"2018",FALSE,0,0,44,FALSE
"  5","Arron Afflalo","SG",0.762,"ORL",0.646,0.037,0.193,0.063,0.075,0.535,0.067,0.079,0.386,0.04,0.052,0.413,0.539,0.029,0.027,0.846,0.008,0.062,0.043,0.026,0.016,0.024,0.045,0.151,0.063,"2018",FALSE,0,0,25,FALSE
"  7","LaMarcus Aldridge","C",0.762,"SAS",0.915,0.915,0.71,0.664,0.62,0.68,0.067,0.104,0.293,0.687,0.708,0.526,0.578,0.442,0.41,0.837,0.47,0.386,0.415,0.131,0.175,0.239,0.239,0.434,0.613,"2018",FALSE,0,0.006,47,TRUE
"  8","Jarrett Allen","C",0.452,"BRK",0.878,0.378,0.408,0.226,0.183,0.785,0.012,0.017,0.333,0.238,0.215,0.599,0.662,0.151,0.151,0.776,0.275,0.242,0.254,0.042,0.114,0.234,0.177,0.396,0.207,"2018",FALSE,0,0,28,FALSE
"  9","Kadeem Allen","PG",0.595,"BOS",0.22,0.012,0.03,0.006,0.01,0.364,0,0.012,0,0.006,0.006,0.545,0.303,0.009,0.009,0.778,0.008,0.007,0.007,0.01,0.012,0.005,0.019,0.04,0.007,"2018",FALSE,0,0,55,FALSE
" 10","Tony Allen","SF",0.857,"NOP",0.268,0,0.077,0.043,0.042,0.645,0.01,0.014,0.333,0.042,0.045,0.506,0.561,0.015,0.022,0.524,0.038,0.027,0.031,0.008,0.045,0.008,0.041,0.132,0.036,"2018",FALSE,0,0,48,FALSE
" 11","Al-Farouq Aminu","PF",0.643,"POR",0.841,0.817,0.586,0.222,0.268,0.527,0.311,0.383,0.369,0.109,0.137,0.432,0.559,0.078,0.082,0.738,0.185,0.425,0.343,0.072,0.321,0.106,0.17,0.367,0.227,"2018",FALSE,0,0,49,FALSE
" 12","Justin Anderson","SF",0.571,"PHI",0.463,0,0.147,0.084,0.093,0.575,0.085,0.116,0.33,0.055,0.056,0.535,0.572,0.037,0.039,0.737,0.048,0.068,0.061,0.021,0.061,0.019,0.034,0.146,0.083,"2018",FALSE,0,0,52,FALSE
" 13","Kyle Anderson","SF",0.571,"SAS",0.902,0.817,0.56,0.223,0.202,0.703,0.047,0.064,0.333,0.221,0.215,0.556,0.61,0.138,0.15,0.712,0.161,0.31,0.259,0.174,0.467,0.16,0.203,0.307,0.207,"2018",FALSE,0,0,47,FALSE
" 14","Ryan Anderson","PF",0.69,"HOU",0.805,0.61,0.488,0.2,0.221,0.575,0.326,0.383,0.386,0.079,0.08,0.539,0.631,0.095,0.096,0.774,0.18,0.235,0.216,0.052,0.098,0.056,0.091,0.34,0.218,"2018",FALSE,0,0,65,FALSE
" 16","Giannis Antetokounmpo","PF",0.548,"MIL",0.915,0.915,0.78,0.718,0.645,0.705,0.107,0.158,0.307,0.727,0.712,0.554,0.606,0.644,0.659,0.76,0.298,0.593,0.492,0.31,0.443,0.282,0.481,0.623,0.711,"2018",FALSE,0,0.074,44,TRUE
" 17","Carmelo Anthony","PF",0.786,"OKC",0.951,0.951,0.708,0.456,0.538,0.539,0.42,0.535,0.357,0.315,0.391,0.437,0.529,0.196,0.199,0.767,0.128,0.383,0.296,0.088,0.191,0.13,0.213,0.531,0.445,"2018",FALSE,0,0,48,FALSE
" 18","OG Anunoby","SF",0.476,"TOR",0.902,0.756,0.419,0.158,0.159,0.628,0.182,0.222,0.371,0.094,0.084,0.604,0.641,0.052,0.064,0.629,0.084,0.139,0.12,0.047,0.211,0.037,0.097,0.35,0.155,"2018",FALSE,0,0,59,FALSE
" 19","Ryan Arcidiacono","PG",0.548,"CHI",0.293,0,0.086,0.016,0.019,0.553,0.022,0.035,0.29,0.008,0.006,0.8,0.582,0.007,0.006,0.833,0.002,0.024,0.016,0.03,0.053,0,0.028,0.049,0.017,"2018",FALSE,0,0,27,FALSE
" 20","Trevor Ariza","SF",0.762,"HOU",0.817,0.817,0.642,0.259,0.3,0.549,0.423,0.521,0.368,0.102,0.107,0.519,0.602,0.101,0.092,0.854,0.063,0.259,0.192,0.09,0.398,0.035,0.112,0.356,0.276,"2018",FALSE,0,0,65,FALSE
" 21","Darrell Arthur","PF",0.69,"DEN",0.232,0.012,0.04,0.021,0.022,0.624,0.02,0.026,0.348,0.015,0.014,0.583,0.614,0.003,0.003,0.667,0.006,0.012,0.01,0.008,0.033,0.008,0.032,0.059,0.019,"2018",FALSE,0,0,46,FALSE
" 22","Jamel Artis","SG",0.595,"ORL",0.183,0.012,0.079,0.03,0.036,0.523,0.02,0.033,0.276,0.024,0.028,0.46,0.492,0.009,0.012,0.583,0.008,0.034,0.025,0.015,0.008,0.008,0.017,0.03,0.027,"2018",FALSE,0,0,25,FALSE
" 24","D.J. Augustin","PG",0.714,"ORL",0.915,0.439,0.498,0.236,0.249,0.603,0.284,0.307,0.419,0.135,0.151,0.485,0.619,0.217,0.194,0.868,0.057,0.129,0.105,0.247,0.22,0,0.265,0.253,0.27,"2018",FALSE,0,0,25,FALSE
" 26","Dwayne Bacon","SG",0.524,"CHO",0.646,0.073,0.202,0.07,0.088,0.5,0.027,0.049,0.256,0.063,0.084,0.409,0.449,0.026,0.026,0.8,0.008,0.119,0.081,0.033,0.065,0.005,0.05,0.124,0.062,"2018",FALSE,0,0,36,FALSE
" 27","Ron Baker","SG",0.571,"NYK",0.354,0.012,0.109,0.019,0.027,0.452,0.027,0.037,0.333,0.009,0.015,0.346,0.48,0.026,0.027,0.769,0.01,0.025,0.02,0.04,0.106,0.016,0.039,0.089,0.025,"2018",FALSE,0,0,29,FALSE
" 28","Wade Baldwin","PG",0.5,"POR",0.085,0,0.023,0.014,0.01,0.889,0.01,0.006,0.8,0.01,0.009,0.625,0.847,0.008,0.01,0.6,0.002,0.007,0.005,0.004,0.008,0.003,0.009,0.032,0.013,"2018",FALSE,0,0,49,FALSE
" 29","Lonzo Ball","PG",0.476,"LAL",0.634,0.61,0.504,0.196,0.26,0.48,0.224,0.333,0.305,0.118,0.152,0.42,0.489,0.042,0.073,0.451,0.132,0.289,0.235,0.323,0.358,0.114,0.293,0.315,0.186,"2018",FALSE,0,0,35,FALSE
" 30","J.J. Barea","PG",0.786,"DAL",0.841,0.122,0.454,0.293,0.318,0.585,0.286,0.353,0.367,0.196,0.213,0.499,0.58,0.106,0.105,0.784,0.029,0.185,0.131,0.373,0.142,0.008,0.308,0.224,0.283,"2018",FALSE,0,0,24,FALSE
" 31","Harrison Barnes","PF",0.595,"DAL",0.939,0.939,0.746,0.519,0.556,0.593,0.296,0.376,0.357,0.435,0.494,0.478,0.549,0.343,0.322,0.827,0.147,0.388,0.306,0.131,0.199,0.037,0.254,0.253,0.513,"2018",FALSE,0,0,24,FALSE
" 32","Will Barton","SG",0.643,"DEN",0.988,0.488,0.759,0.45,0.473,0.603,0.388,0.476,0.37,0.322,0.342,0.51,0.587,0.241,0.233,0.805,0.134,0.337,0.267,0.284,0.333,0.138,0.321,0.453,0.448,"2018",FALSE,0,0,46,FALSE
" 33","Nicolas Batum","SG",0.69,"CHO",0.78,0.78,0.561,0.261,0.299,0.553,0.229,0.309,0.336,0.185,0.212,0.473,0.54,0.143,0.134,0.831,0.109,0.247,0.2,0.3,0.264,0.061,0.282,0.194,0.261,"2018",FALSE,0,0,36,FALSE
" 34","Jerryd Bayless","SG",0.69,"PHI",0.476,0.134,0.262,0.105,0.121,0.555,0.134,0.165,0.37,0.057,0.065,0.474,0.577,0.046,0.045,0.795,0.029,0.065,0.052,0.046,0.093,0.016,0.099,0.245,0.108,"2018",FALSE,0,0,52,FALSE
" 35","Aron Baynes","C",0.738,"BOS",0.988,0.817,0.42,0.203,0.205,0.628,0.007,0.024,0.143,0.215,0.24,0.487,0.527,0.078,0.08,0.756,0.249,0.302,0.284,0.08,0.089,0.136,0.172,0.539,0.17,"2018",FALSE,0,0,55,FALSE
" 36","Kent Bazemore","SG",0.667,"ATL",0.793,0.793,0.506,0.275,0.311,0.56,0.269,0.309,0.394,0.183,0.227,0.438,0.556,0.212,0.207,0.796,0.048,0.221,0.162,0.196,0.407,0.12,0.338,0.396,0.295,"2018",FALSE,0,0,24,FALSE
" 37","Bradley Beal","SG",0.571,"WAS",1,1,0.843,0.661,0.683,0.613,0.495,0.598,0.375,0.504,0.538,0.507,0.586,0.386,0.38,0.791,0.117,0.3,0.237,0.32,0.39,0.096,0.461,0.431,0.656,"2018",FALSE,0,0,43,FALSE
" 38","Malik Beasley","SG",0.5,"DEN",0.756,0,0.165,0.071,0.082,0.547,0.07,0.093,0.341,0.047,0.054,0.469,0.543,0.029,0.034,0.667,0.027,0.057,0.046,0.027,0.061,0.019,0.052,0.097,0.069,"2018",FALSE,0,0,46,FALSE
" 39","Michael Beasley","PF",0.69,"NYK",0.902,0.366,0.468,0.396,0.371,0.676,0.085,0.097,0.395,0.39,0.407,0.52,0.587,0.164,0.164,0.78,0.185,0.315,0.271,0.106,0.146,0.114,0.308,0.391,0.345,"2018",FALSE,0,0,29,FALSE
" 41","Jordan Bell","C",0.548,"GSW",0.695,0.159,0.229,0.112,0.085,0.836,0,0.005,0,0.121,0.102,0.641,0.697,0.04,0.045,0.682,0.115,0.146,0.135,0.088,0.142,0.149,0.11,0.248,0.093,"2018",FALSE,0,0,58,FALSE
" 42","DeAndre' Bembry","SF",0.548,"ATL",0.317,0.037,0.129,0.051,0.059,0.552,0.027,0.034,0.367,0.044,0.055,0.429,0.508,0.025,0.034,0.576,0.015,0.064,0.047,0.042,0.085,0.032,0.101,0.102,0.048,"2018",FALSE,0,0,24,FALSE
" 43","Dragan Bender","PF",0.476,"PHO",1,0.451,0.586,0.181,0.223,0.515,0.294,0.363,0.366,0.072,0.091,0.426,0.564,0.052,0.052,0.765,0.076,0.319,0.236,0.112,0.089,0.141,0.241,0.447,0.188,"2018",FALSE,0,0,21,FALSE
" 44","Davis Bertans","PF",0.595,"SAS",0.939,0.122,0.307,0.156,0.168,0.587,0.234,0.284,0.373,0.07,0.064,0.588,0.631,0.053,0.05,0.816,0.034,0.134,0.1,0.064,0.106,0.074,0.078,0.251,0.161,"2018",FALSE,0,0,47,FALSE
" 45","Patrick Beverley","SG",0.69,"LAC",0.134,0.134,0.095,0.046,0.055,0.537,0.06,0.068,0.4,0.025,0.033,0.407,0.56,0.019,0.017,0.824,0.031,0.029,0.029,0.027,0.077,0.013,0.054,0.092,0.047,"2018",FALSE,0,0,42,FALSE
" 47","Jabari Bird","SG",0.548,"BOS",0.159,0.012,0.033,0.015,0.012,0.769,0.007,0.008,0.429,0.012,0.011,0.632,0.706,0.008,0.013,0.462,0.011,0.013,0.012,0.007,0.012,0.003,0.017,0.019,0.014,"2018",FALSE,0,0,55,FALSE
" 48","Bismack Biyombo","C",0.595,"ORL",1,0.305,0.423,0.177,0.162,0.693,0,0.001,0,0.19,0.198,0.521,0.578,0.135,0.162,0.65,0.275,0.322,0.306,0.057,0.085,0.253,0.181,0.426,0.165,"2018",FALSE,0,0,25,FALSE
" 49","Nemanja Bjelica","PF",0.69,"MIN",0.817,0.256,0.388,0.165,0.171,0.615,0.189,0.207,0.415,0.099,0.106,0.505,0.626,0.048,0.046,0.8,0.101,0.219,0.179,0.074,0.203,0.043,0.112,0.38,0.16,"2018",FALSE,0,0,47,FALSE
" 50","Tarik Black","C",0.619,"HOU",0.622,0.024,0.152,0.073,0.058,0.788,0.002,0.012,0.091,0.077,0.065,0.638,0.66,0.038,0.065,0.46,0.12,0.099,0.107,0.011,0.085,0.08,0.075,0.288,0.064,"2018",FALSE,0,0,65,FALSE
" 51","Antonio Blakeney","SG",0.5,"CHI",0.232,0,0.089,0.051,0.066,0.495,0.037,0.059,0.288,0.04,0.051,0.418,0.47,0.04,0.04,0.769,0.008,0.029,0.022,0.017,0.028,0.003,0.024,0.051,0.053,"2018",FALSE,0,0,27,FALSE
" 53","Vander Blue","SG",0.595,"LAL",0.061,0,0.013,0.001,0.002,0.267,0,0.002,0,0.001,0.002,0.333,0.222,0.001,0.002,0.5,0,0.001,0.001,0.003,0.004,0,0.006,0.005,0.001,"2018",FALSE,0,0,35,FALSE
" 54","Bogdan Bogdanovic","SG",0.595,"SAC",0.951,0.646,0.616,0.333,0.355,0.595,0.321,0.371,0.392,0.224,0.25,0.485,0.588,0.132,0.122,0.84,0.059,0.191,0.146,0.222,0.293,0.043,0.269,0.464,0.324,"2018",FALSE,0,0,27,FALSE
" 55","Bojan Bogdanovic","SF",0.667,"IND",0.976,0.976,0.697,0.391,0.392,0.632,0.386,0.436,0.402,0.259,0.263,0.534,0.628,0.235,0.211,0.868,0.057,0.238,0.176,0.102,0.224,0.021,0.228,0.348,0.403,"2018",FALSE,0,0,48,FALSE
" 57","Joel Bolomboy","PF",0.571,"MIL",0.073,0,0.011,0.003,0.003,0.667,0,0.001,0,0.003,0.003,0.6,0.556,0.004,0.006,0.5,0.011,0.004,0.007,0,0.008,0,0.004,0.008,0.003,"2018",FALSE,0,0,44,FALSE
" 58","Devin Booker","SG",0.5,"PHO",0.659,0.659,0.528,0.44,0.485,0.576,0.366,0.433,0.383,0.32,0.378,0.46,0.557,0.382,0.338,0.878,0.05,0.216,0.159,0.217,0.191,0.037,0.418,0.453,0.475,"2018",FALSE,0,0,21,FALSE
" 62","Tony Bradley","C",0.476,"UTA",0.11,0,0.008,0.003,0.005,0.364,0,0.001,0,0.003,0.006,0.3,0.303,0.003,0.002,1,0.008,0.007,0.007,0.001,0,0,0,0.003,0.003,"2018",FALSE,0,0,48,FALSE
" 64","Malcolm Brogdon","PG",0.595,"MIL",0.585,0.244,0.406,0.236,0.231,0.647,0.154,0.182,0.385,0.189,0.193,0.532,0.608,0.099,0.087,0.882,0.044,0.132,0.102,0.131,0.167,0.035,0.142,0.345,0.221,"2018",FALSE,0,0,44,FALSE
" 65","Aaron Brooks","PG",0.786,"MIN",0.39,0.012,0.053,0.027,0.032,0.541,0.027,0.035,0.355,0.018,0.021,0.447,0.54,0.011,0.011,0.727,0.013,0.01,0.011,0.017,0.024,0,0.024,0.075,0.026,"2018",FALSE,0,0,47,FALSE
" 66","Dillon Brooks","SF",0.524,"MEM",1,0.902,0.665,0.329,0.355,0.587,0.234,0.298,0.356,0.256,0.287,0.484,0.557,0.164,0.171,0.747,0.094,0.207,0.168,0.116,0.297,0.045,0.267,0.628,0.317,"2018",FALSE,0,0,22,FALSE
" 67","MarShon Brooks","SG",0.69,"MEM",0.085,0.012,0.055,0.049,0.047,0.667,0.047,0.036,0.594,0.033,0.039,0.457,0.659,0.026,0.024,0.87,0.015,0.013,0.014,0.021,0.045,0.008,0.034,0.016,0.05,"2018",FALSE,0,0,22,FALSE
" 69","Bobby Brown","PG",0.786,"HOU",0.244,0,0.033,0.018,0.027,0.437,0.027,0.045,0.275,0.008,0.01,0.444,0.469,0.001,0.002,0.5,0,0.007,0.005,0.009,0.016,0,0.019,0.016,0.018,"2018",FALSE,0,0,65,FALSE
" 70","Jaylen Brown","SG",0.5,"BOS",0.854,0.854,0.609,0.361,0.37,0.62,0.301,0.345,0.395,0.262,0.28,0.507,0.6,0.198,0.24,0.644,0.126,0.278,0.226,0.098,0.285,0.069,0.267,0.488,0.359,"2018",FALSE,0,0,55,FALSE
" 71","Lorenzo Brown","PG",0.643,"TOR",0.171,0,0.039,0.014,0.016,0.549,0.005,0.014,0.167,0.012,0.012,0.545,0.49,0.003,0.002,1,0.002,0.014,0.01,0.011,0.02,0,0.006,0.019,0.011,"2018",FALSE,0,0,59,FALSE
" 73","Sterling Brown","SG",0.524,"MIL",0.659,0.049,0.22,0.079,0.094,0.533,0.08,0.103,0.352,0.052,0.064,0.439,0.531,0.028,0.025,0.875,0.052,0.115,0.093,0.021,0.126,0.035,0.054,0.216,0.077,"2018",FALSE,0,0,44,FALSE
" 75","Thomas Bryant","C",0.476,"LAL",0.183,0,0.02,0.008,0.01,0.508,0.002,0.011,0.1,0.007,0.006,0.636,0.45,0.007,0.009,0.556,0.006,0.014,0.011,0.005,0.004,0.005,0.004,0.016,0.008,"2018",FALSE,0,0,35,FALSE
" 76","Reggie Bullock","SF",0.619,"DET",0.756,0.634,0.49,0.258,0.251,0.652,0.311,0.317,0.445,0.148,0.149,0.536,0.67,0.052,0.05,0.796,0.052,0.126,0.101,0.082,0.191,0.035,0.101,0.189,0.246,"2018",FALSE,0,0,39,FALSE
" 77","Trey Burke","PG",0.595,"NYK",0.439,0.11,0.222,0.187,0.177,0.671,0.095,0.119,0.362,0.161,0.157,0.556,0.613,0.049,0.059,0.649,0.025,0.058,0.046,0.146,0.098,0.011,0.093,0.116,0.163,"2018",FALSE,0,0,29,FALSE
" 78","Alec Burks","SG",0.619,"UTA",0.78,0.012,0.3,0.164,0.191,0.548,0.117,0.16,0.331,0.128,0.153,0.452,0.519,0.142,0.128,0.863,0.036,0.172,0.125,0.058,0.15,0.021,0.129,0.202,0.174,"2018",FALSE,0,0,48,FALSE
" 79","Jimmy Butler","SG",0.667,"MIN",0.72,0.72,0.613,0.423,0.424,0.632,0.174,0.226,0.35,0.382,0.407,0.509,0.569,0.48,0.437,0.854,0.151,0.233,0.205,0.247,0.472,0.064,0.233,0.21,0.462,"2018",FALSE,0,0.005,47,TRUE
" 80","Dwight Buycks","PG",0.667,"DET",0.354,0,0.121,0.079,0.091,0.552,0.037,0.051,0.333,0.07,0.086,0.438,0.502,0.048,0.042,0.878,0.023,0.029,0.027,0.051,0.077,0.005,0.084,0.105,0.076,"2018",FALSE,0,0,39,FALSE
" 82","Jose Calderon","PG",0.857,"CLE",0.695,0.39,0.259,0.09,0.085,0.671,0.112,0.109,0.464,0.05,0.05,0.545,0.693,0.032,0.031,0.8,0.027,0.07,0.055,0.101,0.11,0.005,0.088,0.218,0.09,"2018",FALSE,0,0,50,FALSE
" 83","Kentavious Caldwell-Pope","SG",0.571,"LAL",0.902,0.902,0.696,0.329,0.367,0.568,0.396,0.468,0.383,0.188,0.216,0.473,0.584,0.202,0.2,0.789,0.115,0.325,0.253,0.139,0.431,0.043,0.209,0.391,0.35,"2018",FALSE,0,0,35,FALSE
" 85","Clint Capela","C",0.548,"HOU",0.902,0.902,0.576,0.426,0.311,0.869,0,0.001,0,0.459,0.381,0.653,0.724,0.19,0.264,0.56,0.461,0.557,0.524,0.058,0.236,0.364,0.222,0.499,0.362,"2018",FALSE,0,0,65,FALSE
" 86","DeMarre Carroll","PF",0.738,"BRK",0.89,0.89,0.617,0.314,0.361,0.552,0.361,0.441,0.371,0.187,0.222,0.457,0.562,0.249,0.253,0.764,0.201,0.371,0.313,0.126,0.24,0.08,0.222,0.445,0.347,"2018",FALSE,0,0,28,FALSE
" 87","Vince Carter","SF",0.976,"SAC",0.707,0.061,0.29,0.11,0.13,0.537,0.142,0.186,0.345,0.059,0.067,0.483,0.56,0.037,0.038,0.757,0.034,0.129,0.097,0.059,0.171,0.069,0.078,0.259,0.111,"2018",FALSE,0,0,27,FALSE
" 88","Michael Carter-Williams","PG",0.619,"CHO",0.634,0.024,0.236,0.074,0.105,0.443,0.035,0.067,0.237,0.065,0.096,0.365,0.402,0.097,0.092,0.82,0.071,0.1,0.09,0.1,0.179,0.061,0.112,0.267,0.084,"2018",FALSE,0,0,36,FALSE
" 89","Alex Caruso","PG",0.548,"LAL",0.451,0.085,0.159,0.048,0.053,0.575,0.032,0.049,0.302,0.039,0.041,0.507,0.541,0.028,0.031,0.7,0.029,0.05,0.042,0.064,0.093,0.027,0.091,0.14,0.047,"2018",FALSE,0,0,35,FALSE
" 90","Omri Casspi","SF",0.69,"GSW",0.646,0.085,0.209,0.116,0.095,0.773,0.025,0.025,0.455,0.114,0.104,0.595,0.671,0.066,0.071,0.725,0.057,0.169,0.131,0.044,0.073,0.051,0.08,0.191,0.106,"2018",FALSE,0,0,58,FALSE
" 91","Willie Cauley-Stein","C",0.571,"SAC",0.89,0.707,0.579,0.375,0.356,0.669,0.007,0.014,0.25,0.401,0.429,0.506,0.56,0.202,0.254,0.619,0.25,0.376,0.333,0.148,0.313,0.178,0.235,0.499,0.329,"2018",FALSE,0,0,27,FALSE
" 92","Tyler Cavanaugh","PF",0.548,"ATL",0.476,0.012,0.147,0.065,0.07,0.588,0.08,0.1,0.36,0.036,0.036,0.556,0.607,0.022,0.022,0.81,0.086,0.081,0.083,0.023,0.037,0.011,0.03,0.164,0.065,"2018",FALSE,0,0,24,FALSE
" 93","Mario Chalmers","PG",0.738,"MEM",0.805,0.122,0.402,0.162,0.204,0.505,0.132,0.216,0.277,0.12,0.142,0.456,0.488,0.156,0.142,0.855,0.025,0.143,0.103,0.169,0.321,0.037,0.252,0.482,0.179,"2018",FALSE,0,0,22,FALSE
" 95","Wilson Chandler","SF",0.714,"DEN",0.902,0.866,0.664,0.272,0.29,0.593,0.219,0.278,0.358,0.201,0.217,0.501,0.572,0.116,0.117,0.772,0.195,0.294,0.26,0.137,0.175,0.104,0.198,0.42,0.261,"2018",FALSE,0,0,46,FALSE
" 96","Marquese Chriss","PF",0.476,"PHO",0.878,0.598,0.432,0.195,0.22,0.564,0.139,0.214,0.295,0.152,0.162,0.509,0.536,0.127,0.163,0.608,0.145,0.317,0.258,0.071,0.207,0.186,0.231,0.553,0.196,"2018",FALSE,0,0,21,FALSE
" 97","Ian Clark","SG",0.619,"NOP",0.902,0.024,0.412,0.215,0.228,0.597,0.154,0.22,0.318,0.166,0.169,0.533,0.568,0.06,0.061,0.763,0.019,0.116,0.083,0.095,0.134,0.027,0.123,0.323,0.195,"2018",FALSE,0,0,48,FALSE
" 99","Gian Clavell","SG",0.571,"DAL",0.085,0,0.018,0.006,0.008,0.444,0.015,0.017,0.4,0,0.002,0,0.556,0.003,0.002,1,0.002,0.006,0.005,0.003,0.008,0,0.004,0.022,0.007,"2018",FALSE,0,0,24,FALSE
"101","John Collins","PF",0.476,"ATL",0.902,0.317,0.505,0.304,0.251,0.768,0.04,0.053,0.34,0.31,0.281,0.598,0.657,0.176,0.191,0.715,0.337,0.362,0.354,0.084,0.191,0.213,0.226,0.58,0.274,"2018",FALSE,0,0,24,FALSE
"102","Zach Collins","C",0.476,"POR",0.805,0.012,0.296,0.111,0.133,0.531,0.087,0.128,0.31,0.083,0.099,0.455,0.509,0.036,0.043,0.643,0.086,0.175,0.144,0.045,0.069,0.082,0.125,0.358,0.103,"2018",FALSE,0,0,49,FALSE
"103","Kyle Collinsworth","SF",0.619,"DAL",0.39,0.024,0.136,0.037,0.046,0.512,0.01,0.019,0.235,0.035,0.046,0.415,0.449,0.028,0.041,0.525,0.061,0.074,0.07,0.048,0.069,0.024,0.052,0.119,0.036,"2018",FALSE,0,0,24,FALSE
"104","Darren Collison","PG",0.714,"IND",0.841,0.78,0.571,0.306,0.294,0.66,0.239,0.231,0.468,0.229,0.244,0.508,0.634,0.168,0.148,0.882,0.071,0.14,0.116,0.316,0.374,0.04,0.185,0.329,0.302,"2018",FALSE,0,0,48,FALSE
"106","Mike Conley","PG",0.714,"MEM",0.146,0.146,0.106,0.062,0.077,0.508,0.06,0.087,0.312,0.042,0.051,0.44,0.502,0.07,0.068,0.803,0,0.027,0.018,0.042,0.049,0.008,0.039,0.065,0.072,"2018",FALSE,0,0,22,FALSE
"107","Pat Connaughton","SG",0.595,"POR",1,0.061,0.421,0.16,0.179,0.564,0.184,0.237,0.352,0.095,0.102,0.506,0.576,0.049,0.045,0.841,0.069,0.124,0.105,0.078,0.093,0.059,0.093,0.323,0.156,"2018",FALSE,0,0,49,FALSE
"108","Quinn Cook","PG",0.571,"GSW",0.402,0.22,0.209,0.118,0.116,0.645,0.114,0.117,0.442,0.079,0.083,0.514,0.639,0.029,0.026,0.88,0.019,0.071,0.054,0.076,0.049,0.003,0.069,0.159,0.11,"2018",FALSE,0,0,58,FALSE
"109","Charles Cooke","SG",0.548,"NOP",0.159,0,0.011,0.002,0.006,0.191,0.002,0.009,0.125,0.001,0.003,0.167,0.199,0.001,0.002,0.5,0,0.002,0.001,0.001,0.004,0,0.002,0,0.002,"2018",FALSE,0,0,48,FALSE
"112","DeMarcus Cousins","C",0.643,"NOP",0.585,0.585,0.492,0.393,0.398,0.627,0.259,0.332,0.354,0.314,0.321,0.53,0.589,0.389,0.405,0.746,0.201,0.508,0.403,0.221,0.321,0.202,0.522,0.493,0.427,"2018",FALSE,0,0,48,FALSE
"113","Robert Covington","SF",0.643,"PHI",0.976,0.976,0.717,0.334,0.385,0.551,0.505,0.621,0.369,0.148,0.161,0.497,0.593,0.153,0.14,0.853,0.105,0.375,0.283,0.134,0.557,0.191,0.272,0.642,0.356,"2018",FALSE,0,0,52,FALSE
"114","Allen Crabbe","SG",0.595,"BRK",0.915,0.829,0.622,0.326,0.381,0.543,0.5,0.6,0.378,0.142,0.166,0.461,0.588,0.152,0.139,0.852,0.054,0.294,0.212,0.101,0.191,0.093,0.168,0.453,0.35,"2018",FALSE,0,0,28,FALSE
"115","Torrey Craig","SF",0.643,"DEN",0.476,0.061,0.178,0.06,0.063,0.604,0.042,0.065,0.293,0.047,0.045,0.57,0.572,0.029,0.036,0.629,0.076,0.086,0.083,0.021,0.049,0.04,0.043,0.17,0.058,"2018",FALSE,0,0,46,FALSE
"116","Jamal Crawford","SG",0.881,"MIN",0.976,0,0.468,0.298,0.341,0.553,0.259,0.354,0.331,0.212,0.241,0.477,0.539,0.135,0.116,0.903,0.04,0.077,0.065,0.159,0.163,0.024,0.205,0.229,0.29,"2018",FALSE,0,0,47,FALSE
"117","Jordan Crawford","SG",0.69,"NOP",0.061,0,0.015,0.012,0.012,0.592,0.02,0.016,0.571,0.004,0.007,0.308,0.659,0.001,0.001,1,0.004,0.002,0.003,0.011,0.004,0.003,0.011,0.019,0.012,"2018",FALSE,0,0,48,FALSE
"120","Stephen Curry","PG",0.69,"GSW",0.622,0.622,0.462,0.414,0.398,0.66,0.527,0.565,0.423,0.225,0.205,0.595,0.687,0.368,0.311,0.921,0.069,0.223,0.171,0.266,0.325,0.021,0.33,0.307,0.475,"2018",FALSE,0,0.005,58,TRUE
"121","Troy Daniels","SG",0.619,"PHO",0.963,0.183,0.459,0.224,0.265,0.537,0.455,0.517,0.4,0.051,0.066,0.419,0.626,0.074,0.066,0.875,0.023,0.114,0.083,0.041,0.106,0.013,0.121,0.369,0.248,"2018",FALSE,0,0,21,FALSE
"122","Anthony Davis","PF",0.571,"NOP",0.915,0.915,0.772,0.754,0.673,0.712,0.137,0.183,0.34,0.754,0.733,0.558,0.613,0.655,0.615,0.828,0.358,0.641,0.544,0.149,0.467,0.513,0.349,0.429,0.745,"2018",FALSE,0,0.441,48,TRUE
"124","Ed Davis","C",0.667,"POR",0.951,0,0.416,0.164,0.134,0.776,0,0.001,0,0.177,0.164,0.584,0.647,0.098,0.114,0.667,0.35,0.389,0.376,0.034,0.13,0.138,0.142,0.507,0.146,"2018",FALSE,0,0,49,FALSE
"125","Dewayne Dedmon","C",0.667,"ATL",0.756,0.561,0.436,0.242,0.22,0.699,0.124,0.159,0.355,0.208,0.19,0.595,0.641,0.089,0.088,0.779,0.191,0.386,0.32,0.077,0.163,0.136,0.185,0.437,0.218,"2018",FALSE,0,0,24,FALSE
"126","Sam Dekker","PF",0.548,"LAC",0.89,0.012,0.25,0.124,0.119,0.659,0.025,0.068,0.167,0.123,0.112,0.593,0.571,0.049,0.058,0.661,0.084,0.129,0.114,0.033,0.098,0.024,0.071,0.191,0.107,"2018",FALSE,0,0,42,FALSE
"127","Malcolm Delaney","PG",0.667,"ATL",0.659,0.037,0.287,0.105,0.131,0.509,0.114,0.14,0.371,0.066,0.091,0.391,0.514,0.098,0.095,0.804,0.017,0.09,0.065,0.14,0.142,0.016,0.142,0.221,0.119,"2018",FALSE,0,0,24,FALSE
"128","Matthew Dellavedova","PG",0.643,"MIL",0.463,0.037,0.202,0.053,0.07,0.483,0.072,0.088,0.372,0.027,0.042,0.351,0.508,0.033,0.028,0.926,0.027,0.05,0.042,0.125,0.057,0,0.106,0.181,0.058,"2018",FALSE,0,0,44,FALSE
"130","DeMar DeRozan","SG",0.667,"TOR",0.976,0.976,0.767,0.624,0.65,0.608,0.221,0.324,0.31,0.579,0.635,0.494,0.542,0.61,0.575,0.825,0.113,0.254,0.206,0.358,0.346,0.059,0.377,0.407,0.65,"2018",FALSE,0,0.032,59,TRUE
"132","Gorgui Dieng","C",0.667,"MIN",0.963,0,0.377,0.18,0.179,0.639,0.047,0.069,0.311,0.174,0.184,0.511,0.56,0.104,0.105,0.775,0.203,0.252,0.235,0.061,0.183,0.104,0.127,0.396,0.166,"2018",FALSE,0,0,47,FALSE
"133","Spencer Dinwiddie","PG",0.571,"BRK",0.976,0.707,0.653,0.313,0.386,0.516,0.351,0.489,0.326,0.19,0.228,0.452,0.523,0.288,0.276,0.813,0.076,0.217,0.169,0.45,0.276,0.061,0.276,0.501,0.356,"2018",FALSE,0,0,28,FALSE
"134","Tyler Dorsey","SG",0.5,"ATL",0.683,0.061,0.276,0.139,0.176,0.503,0.179,0.225,0.362,0.075,0.103,0.393,0.523,0.06,0.065,0.714,0.033,0.112,0.085,0.068,0.069,0.013,0.08,0.17,0.143,"2018",FALSE,0,0,24,FALSE
"135","Damyean Dotson","SG",0.548,"NYK",0.537,0.024,0.134,0.07,0.074,0.596,0.055,0.077,0.324,0.052,0.052,0.538,0.573,0.021,0.024,0.696,0.017,0.074,0.055,0.027,0.049,0.005,0.037,0.092,0.064,"2018",FALSE,0,0,29,FALSE
"136","Milton Doyle","SG",0.571,"BRK",0.122,0,0.035,0.013,0.022,0.369,0.01,0.026,0.174,0.009,0.014,0.375,0.354,0.005,0.008,0.5,0.006,0.015,0.012,0.009,0.024,0.005,0.004,0.035,0.012,"2018",FALSE,0,0,28,FALSE
"138","Goran Dragic","PG",0.738,"MIA",0.915,0.915,0.673,0.468,0.495,0.6,0.276,0.339,0.37,0.388,0.437,0.481,0.558,0.287,0.279,0.801,0.103,0.251,0.201,0.308,0.256,0.032,0.358,0.485,0.458,"2018",FALSE,0,0,44,FALSE
"140","Andre Drummond","C",0.571,"DET",0.951,0.951,0.743,0.451,0.405,0.705,0,0.012,0,0.485,0.491,0.536,0.588,0.316,0.406,0.605,0.763,0.842,0.815,0.204,0.463,0.338,0.431,0.674,0.413,"2018",FALSE,0,0,39,FALSE
"141","Jared Dudley","PF",0.762,"PHO",0.585,0,0.194,0.046,0.056,0.524,0.072,0.09,0.363,0.02,0.024,0.452,0.569,0.036,0.036,0.771,0.015,0.085,0.061,0.067,0.098,0.029,0.06,0.229,0.054,"2018",FALSE,0,0,21,FALSE
"142","Kris Dunn","PG",0.548,"CHI",0.634,0.524,0.432,0.277,0.306,0.572,0.107,0.151,0.321,0.253,0.3,0.457,0.513,0.111,0.117,0.737,0.046,0.196,0.144,0.266,0.423,0.072,0.323,0.469,0.247,"2018",FALSE,0,0,27,FALSE
"143","Kevin Durant","PF",0.69,"GSW",0.829,0.829,0.658,0.609,0.562,0.688,0.43,0.466,0.419,0.476,0.456,0.565,0.651,0.475,0.416,0.889,0.059,0.43,0.303,0.314,0.203,0.316,0.446,0.358,0.633,"2018",FALSE,0,0.065,58,TRUE
"145","Henry Ellenson","PF",0.5,"DET",0.463,0,0.093,0.051,0.067,0.484,0.05,0.068,0.333,0.034,0.049,0.384,0.48,0.033,0.03,0.862,0.019,0.071,0.053,0.017,0.02,0,0.039,0.059,0.053,"2018",FALSE,0,0,39,FALSE
"146","Wayne Ellington","SG",0.714,"MIA",0.939,0.024,0.578,0.276,0.322,0.543,0.565,0.653,0.392,0.06,0.068,0.479,0.632,0.089,0.08,0.859,0.044,0.194,0.142,0.068,0.215,0.021,0.112,0.253,0.305,"2018",FALSE,0,0,44,FALSE
"147","Joel Embiid","C",0.548,"PHI",0.768,0.768,0.541,0.493,0.486,0.644,0.164,0.242,0.308,0.462,0.475,0.527,0.571,0.475,0.48,0.769,0.273,0.543,0.451,0.171,0.163,0.295,0.504,0.563,0.51,"2018",FALSE,0,0.004,52,TRUE
"149","Tyler Ennis","PG",0.548,"LAL",0.659,0.134,0.193,0.091,0.103,0.56,0.035,0.063,0.25,0.083,0.095,0.476,0.501,0.029,0.03,0.759,0.036,0.075,0.062,0.09,0.122,0.027,0.082,0.202,0.079,"2018",FALSE,0,0,35,FALSE
"150","Jawun Evans","PG",0.5,"LAC",0.585,0.049,0.22,0.086,0.116,0.469,0.037,0.061,0.278,0.077,0.112,0.372,0.423,0.05,0.05,0.776,0.017,0.074,0.055,0.086,0.146,0.016,0.095,0.261,0.082,"2018",FALSE,0,0,42,FALSE
"152","Tyreke Evans","PG",0.667,"MEM",0.634,0.39,0.455,0.354,0.372,0.603,0.284,0.323,0.399,0.262,0.295,0.482,0.581,0.217,0.215,0.785,0.084,0.219,0.173,0.231,0.232,0.045,0.252,0.259,0.357,"2018",FALSE,0,0,22,FALSE
"153","Dante Exum","PG",0.524,"UTA",0.171,0,0.067,0.041,0.04,0.644,0.012,0.02,0.278,0.039,0.039,0.536,0.568,0.033,0.032,0.806,0.008,0.022,0.017,0.037,0.033,0.008,0.043,0.054,0.04,"2018",FALSE,0,0,48,FALSE
"154","Kenneth Faried","PF",0.667,"DEN",0.39,0.085,0.13,0.074,0.068,0.685,0,0.001,0,0.079,0.083,0.517,0.571,0.048,0.052,0.706,0.13,0.084,0.1,0.015,0.049,0.035,0.05,0.137,0.066,"2018",FALSE,0,0,46,FALSE
"155","Derrick Favors","C",0.619,"UTA",0.939,0.939,0.609,0.382,0.323,0.751,0.035,0.071,0.222,0.396,0.36,0.596,0.637,0.185,0.221,0.651,0.379,0.352,0.361,0.088,0.22,0.218,0.19,0.442,0.333,"2018",FALSE,0,0,48,FALSE
"157","Cristiano Felicio","C",0.595,"CHI",0.671,0.195,0.277,0.123,0.099,0.788,0,0.002,0,0.132,0.12,0.596,0.657,0.071,0.083,0.667,0.159,0.149,0.152,0.047,0.065,0.029,0.116,0.28,0.109,"2018",FALSE,0,0,27,FALSE
"158","Raymond Felton","PG",0.786,"OKC",1,0.024,0.386,0.217,0.254,0.541,0.201,0.26,0.352,0.149,0.182,0.444,0.532,0.048,0.045,0.818,0.048,0.13,0.102,0.174,0.199,0.043,0.164,0.245,0.2,"2018",FALSE,0,0,48,FALSE
"159","Terrance Ferguson","SG",0.452,"OKC",0.744,0.146,0.216,0.068,0.078,0.552,0.1,0.135,0.333,0.031,0.028,0.612,0.592,0.012,0.01,0.9,0.036,0.028,0.031,0.016,0.098,0.027,0.024,0.224,0.067,"2018",FALSE,0,0,48,FALSE
"160","Yogi Ferrell","SG",0.571,"DAL",1,0.256,0.646,0.301,0.336,0.568,0.333,0.405,0.373,0.184,0.209,0.477,0.576,0.108,0.106,0.796,0.05,0.221,0.163,0.173,0.26,0.024,0.168,0.412,0.296,"2018",FALSE,0,0,24,FALSE
"161","Dorian Finney-Smith","PF",0.571,"DAL",0.256,0.159,0.127,0.044,0.056,0.507,0.05,0.076,0.299,0.027,0.03,0.481,0.514,0.015,0.015,0.733,0.042,0.053,0.049,0.022,0.041,0.011,0.045,0.116,0.043,"2018",FALSE,0,0,24,FALSE
"162","Bryn Forbes","SG",0.571,"SAS",0.976,0.146,0.429,0.202,0.229,0.561,0.221,0.257,0.39,0.125,0.152,0.446,0.567,0.063,0.074,0.667,0.023,0.097,0.072,0.069,0.114,0.005,0.08,0.291,0.196,"2018",FALSE,0,0,47,FALSE
"163","Evan Fournier","SF",0.595,"ORL",0.695,0.695,0.52,0.356,0.369,0.612,0.316,0.378,0.379,0.251,0.263,0.516,0.598,0.198,0.178,0.867,0.044,0.156,0.118,0.142,0.191,0.043,0.205,0.372,0.358,"2018",FALSE,0,0,25,FALSE
"164","De'Aaron Fox","PG",0.476,"SAC",0.89,0.732,0.573,0.317,0.367,0.549,0.117,0.173,0.307,0.292,0.363,0.436,0.49,0.187,0.201,0.723,0.063,0.17,0.133,0.275,0.285,0.053,0.373,0.439,0.298,"2018",FALSE,0,0,27,FALSE
"165","Tim Frazier","PG",0.643,"WAS",0.72,0.134,0.237,0.066,0.079,0.527,0.042,0.063,0.304,0.053,0.065,0.44,0.494,0.03,0.031,0.767,0.034,0.096,0.075,0.167,0.191,0.019,0.123,0.261,0.062,"2018",FALSE,0,0,43,FALSE
"167","Markelle Fultz","SG",0.452,"PHI",0.171,0,0.072,0.044,0.051,0.54,0,0.001,0,0.047,0.062,0.409,0.45,0.013,0.022,0.476,0.021,0.032,0.028,0.046,0.049,0.011,0.037,0.059,0.035,"2018",FALSE,0,0,52,FALSE
"168","Danilo Gallinari","SF",0.69,"LAC",0.256,0.256,0.19,0.099,0.118,0.531,0.09,0.125,0.324,0.069,0.082,0.455,0.521,0.107,0.09,0.931,0.017,0.091,0.066,0.035,0.049,0.027,0.056,0.081,0.113,"2018",FALSE,0,0,42,FALSE
"169","Langston Galloway","SG",0.619,"DET",0.707,0.024,0.244,0.122,0.156,0.495,0.187,0.246,0.344,0.053,0.069,0.418,0.534,0.044,0.042,0.805,0.025,0.078,0.06,0.05,0.142,0.013,0.039,0.105,0.127,"2018",FALSE,0,0,39,FALSE
"170","Marc Gasol","C",0.786,"MEM",0.89,0.89,0.682,0.42,0.475,0.56,0.271,0.361,0.341,0.338,0.402,0.456,0.526,0.372,0.347,0.834,0.149,0.51,0.387,0.262,0.22,0.269,0.418,0.499,0.444,"2018",FALSE,0,0,22,FALSE
"171","Pau Gasol","C",0.881,"SAS",0.939,0.768,0.513,0.278,0.289,0.611,0.107,0.135,0.358,0.254,0.286,0.481,0.547,0.209,0.215,0.756,0.247,0.487,0.405,0.204,0.098,0.21,0.233,0.326,0.274,"2018",FALSE,0,0,47,FALSE
"172","Rudy Gay","PF",0.738,"SAS",0.695,0.073,0.348,0.245,0.247,0.628,0.092,0.133,0.314,0.225,0.236,0.516,0.562,0.148,0.149,0.772,0.145,0.214,0.19,0.063,0.187,0.101,0.168,0.264,0.231,"2018",FALSE,0,0,47,FALSE
"173","Paul George","SF",0.643,"OKC",0.963,0.963,0.818,0.557,0.617,0.573,0.607,0.687,0.401,0.345,0.412,0.454,0.579,0.447,0.423,0.822,0.138,0.372,0.292,0.226,0.654,0.104,0.457,0.628,0.612,"2018",FALSE,0,0,48,FALSE
"174","Marcus Georges-Hunt","SG",0.548,"MIN",0.512,0,0.063,0.02,0.022,0.584,0.01,0.017,0.267,0.018,0.019,0.515,0.532,0.017,0.022,0.619,0.013,0.009,0.01,0.006,0.024,0,0.006,0.086,0.021,"2018",FALSE,0,0,47,FALSE
"176","Taj Gibson","PF",0.762,"MIN",1,1,0.772,0.411,0.339,0.769,0.017,0.04,0.2,0.435,0.396,0.595,0.646,0.188,0.19,0.768,0.371,0.387,0.382,0.085,0.252,0.157,0.192,0.588,0.353,"2018",FALSE,0,0,47,FALSE
"177","Manu Ginobili","SG",0.952,"SAS",0.793,0,0.368,0.194,0.213,0.579,0.159,0.217,0.333,0.143,0.153,0.506,0.559,0.146,0.135,0.84,0.036,0.122,0.093,0.14,0.175,0.043,0.226,0.34,0.203,"2018",FALSE,0,0,47,FALSE
"179","Aaron Gordon","PF",0.524,"ORL",0.707,0.695,0.54,0.363,0.398,0.579,0.286,0.386,0.336,0.271,0.295,0.497,0.556,0.208,0.231,0.698,0.166,0.367,0.299,0.117,0.24,0.12,0.231,0.299,0.361,"2018",FALSE,0,0,25,FALSE
"180","Eric Gordon","SG",0.69,"HOU",0.841,0.366,0.61,0.401,0.446,0.571,0.542,0.686,0.359,0.205,0.204,0.544,0.6,0.258,0.248,0.809,0.048,0.144,0.111,0.132,0.179,0.072,0.28,0.313,0.439,"2018",FALSE,0,0,65,FALSE
"182","Treveon Graham","SG",0.571,"CHO",0.768,0.024,0.297,0.093,0.102,0.579,0.1,0.109,0.412,0.058,0.07,0.452,0.583,0.054,0.061,0.695,0.08,0.078,0.079,0.051,0.134,0.005,0.058,0.294,0.096,"2018",FALSE,0,0,36,FALSE
"183","Jerami Grant","PF",0.548,"OKC",0.988,0.012,0.466,0.236,0.21,0.713,0.08,0.124,0.291,0.221,0.195,0.613,0.633,0.214,0.247,0.675,0.164,0.231,0.208,0.049,0.126,0.205,0.116,0.418,0.241,"2018",FALSE,0,0,48,FALSE
"184","Jerian Grant","PG",0.595,"CHI",0.902,0.317,0.477,0.202,0.231,0.555,0.152,0.211,0.326,0.154,0.178,0.468,0.529,0.185,0.193,0.745,0.059,0.14,0.112,0.294,0.256,0.021,0.192,0.356,0.219,"2018",FALSE,0,0,27,FALSE
"185","Josh Gray","PG",0.571,"PHO",0.061,0,0.024,0.011,0.019,0.357,0.007,0.015,0.231,0.008,0.016,0.286,0.339,0.009,0.011,0.636,0.004,0.008,0.007,0.01,0.033,0.005,0.015,0.022,0.011,"2018",FALSE,0,0,21,FALSE
"186","Danny Green","SG",0.714,"SAS",0.854,0.732,0.507,0.21,0.258,0.516,0.289,0.361,0.363,0.105,0.136,0.419,0.544,0.066,0.067,0.769,0.078,0.207,0.163,0.095,0.256,0.213,0.159,0.329,0.212,"2018",FALSE,0,0,47,FALSE
"187","Draymond Green","PF",0.643,"GSW",0.854,0.854,0.647,0.272,0.285,0.605,0.192,0.289,0.301,0.212,0.205,0.562,0.573,0.177,0.178,0.775,0.143,0.457,0.35,0.436,0.386,0.242,0.435,0.499,0.273,"2018",FALSE,0,0,58,FALSE
"188","Gerald Green","SG",0.762,"HOU",0.5,0.024,0.263,0.162,0.19,0.543,0.274,0.336,0.369,0.06,0.065,0.504,0.6,0.067,0.062,0.85,0.029,0.117,0.087,0.021,0.098,0.04,0.067,0.235,0.175,"2018",FALSE,0,0,65,FALSE
"189","JaMychal Green","PF",0.643,"MEM",0.671,0.659,0.436,0.216,0.225,0.609,0.107,0.143,0.339,0.187,0.204,0.499,0.557,0.106,0.114,0.721,0.281,0.315,0.303,0.068,0.13,0.066,0.164,0.412,0.201,"2018",FALSE,0,0,22,FALSE
"190","Jeff Green","PF",0.738,"CLE",0.951,0.159,0.517,0.285,0.284,0.636,0.132,0.192,0.312,0.252,0.253,0.54,0.578,0.269,0.241,0.868,0.115,0.185,0.161,0.085,0.167,0.09,0.162,0.402,0.299,"2018",FALSE,0,0,50,FALSE
"193","Tim Hardaway","SG",0.595,"NYK",0.695,0.659,0.534,0.348,0.394,0.561,0.323,0.463,0.317,0.239,0.252,0.516,0.551,0.193,0.184,0.816,0.061,0.191,0.146,0.133,0.252,0.027,0.198,0.332,0.352,"2018",FALSE,0,0,29,FALSE
"194","James Harden","SG",0.667,"HOU",0.878,0.878,0.722,0.63,0.667,0.599,0.659,0.815,0.367,0.402,0.41,0.531,0.601,0.825,0.748,0.858,0.078,0.346,0.254,0.541,0.512,0.133,0.679,0.456,0.774,"2018",TRUE,86,0.955,65,TRUE
"195","Maurice Harkless","SF",0.571,"POR",0.72,0.439,0.358,0.142,0.137,0.66,0.122,0.133,0.415,0.102,0.101,0.547,0.641,0.056,0.061,0.712,0.088,0.115,0.106,0.046,0.195,0.114,0.086,0.278,0.136,"2018",FALSE,0,0,49,FALSE
"196","Montrezl Harrell","C",0.571,"LAC",0.927,0.037,0.366,0.337,0.252,0.847,0.002,0.008,0.143,0.361,0.305,0.641,0.707,0.184,0.228,0.626,0.197,0.202,0.2,0.064,0.146,0.138,0.147,0.385,0.295,"2018",FALSE,0,0,42,FALSE
"198","Gary Harris","SG",0.548,"DEN",0.817,0.793,0.652,0.426,0.418,0.647,0.388,0.445,0.396,0.296,0.29,0.553,0.633,0.177,0.167,0.827,0.071,0.138,0.115,0.167,0.496,0.04,0.256,0.321,0.413,"2018",FALSE,0,0,46,FALSE
"199","Joe Harris","SG",0.619,"BRK",0.951,0.171,0.559,0.295,0.286,0.655,0.373,0.404,0.419,0.161,0.148,0.589,0.68,0.114,0.107,0.827,0.098,0.208,0.17,0.11,0.142,0.053,0.196,0.412,0.299,"2018",FALSE,0,0,28,FALSE
"201","Aaron Harrison","SG",0.548,"DAL",0.11,0.037,0.066,0.018,0.032,0.367,0.022,0.049,0.209,0.01,0.015,0.385,0.379,0.017,0.017,0.765,0.008,0.02,0.016,0.009,0.037,0.005,0.006,0.073,0.021,"2018",FALSE,0,0,24,FALSE
"202","Andrew Harrison","PG",0.548,"MEM",0.683,0.561,0.375,0.175,0.197,0.563,0.117,0.16,0.331,0.139,0.162,0.467,0.53,0.164,0.164,0.78,0.044,0.107,0.086,0.152,0.154,0.069,0.175,0.372,0.188,"2018",FALSE,0,0,22,FALSE
"203","Shaquille Harrison","PG",0.571,"PHO",0.28,0.024,0.109,0.057,0.057,0.635,0.015,0.029,0.231,0.055,0.055,0.541,0.556,0.037,0.039,0.737,0.017,0.052,0.04,0.047,0.106,0.019,0.047,0.113,0.054,"2018",FALSE,0,0,21,FALSE
"204","Josh Hart","SG",0.524,"LAL",0.768,0.28,0.414,0.17,0.173,0.625,0.194,0.222,0.396,0.102,0.1,0.551,0.637,0.087,0.097,0.702,0.08,0.219,0.172,0.069,0.191,0.043,0.101,0.288,0.175,"2018",FALSE,0,0,35,FALSE
"205","Udonis Haslem","C",0.881,"MIA",0.171,0,0.02,0.003,0.007,0.267,0.002,0.009,0.125,0.002,0.004,0.286,0.259,0.001,0.002,0.5,0.006,0.007,0.007,0.004,0,0.005,0.004,0.008,0.003,"2018",FALSE,0,0,44,FALSE
"209","Myke Henry","SF",0.595,"MEM",0.244,0,0.107,0.04,0.05,0.501,0.047,0.065,0.328,0.023,0.029,0.431,0.514,0.008,0.01,0.6,0.019,0.028,0.025,0.019,0.126,0.016,0.041,0.075,0.038,"2018",FALSE,0,0,22,FALSE
"210","John Henson","C",0.643,"MIL",0.927,0.841,0.558,0.278,0.231,0.763,0.002,0.008,0.143,0.298,0.279,0.578,0.637,0.119,0.163,0.57,0.287,0.36,0.335,0.098,0.183,0.29,0.181,0.544,0.235,"2018",FALSE,0,0,44,FALSE
"211","Juan Hernangomez","PF",0.524,"DEN",0.305,0.037,0.078,0.028,0.035,0.516,0.035,0.056,0.28,0.016,0.014,0.6,0.533,0.013,0.012,0.833,0.034,0.036,0.035,0.01,0.024,0.008,0.019,0.067,0.029,"2018",FALSE,0,0,46,FALSE
"213","Mario Hezonja","SF",0.524,"ORL",0.915,0.366,0.469,0.264,0.284,0.589,0.224,0.301,0.337,0.19,0.197,0.523,0.572,0.114,0.108,0.819,0.078,0.238,0.184,0.091,0.329,0.082,0.185,0.361,0.255,"2018",FALSE,0,0,25,FALSE
"214","Isaiah Hicks","PF",0.548,"NYK",0.22,0,0.068,0.032,0.033,0.611,0.005,0.01,0.222,0.032,0.036,0.492,0.524,0.016,0.019,0.667,0.019,0.031,0.027,0.014,0.008,0.011,0.034,0.121,0.028,"2018",FALSE,0,0,29,FALSE
"215","Buddy Hield","SG",0.595,"SAC",0.976,0.146,0.573,0.402,0.429,0.595,0.438,0.46,0.431,0.25,0.296,0.457,0.6,0.094,0.083,0.877,0.105,0.25,0.201,0.133,0.346,0.059,0.267,0.399,0.381,"2018",FALSE,0,0,27,FALSE
"216","Nene Hilario","C",0.833,"HOU",0.634,0.049,0.215,0.132,0.11,0.759,0,0.002,0,0.142,0.134,0.574,0.632,0.09,0.11,0.636,0.103,0.121,0.115,0.039,0.114,0.037,0.082,0.332,0.12,"2018",FALSE,0,0,65,FALSE
"218","Solomon Hill","SF",0.619,"NOP",0.146,0.012,0.053,0.011,0.019,0.357,0.01,0.024,0.19,0.007,0.011,0.35,0.352,0.004,0.006,0.5,0.017,0.027,0.024,0.019,0.028,0.003,0.019,0.059,0.01,"2018",FALSE,0,0,48,FALSE
"219","Darrun Hilliard","SG",0.571,"SAS",0.171,0,0.027,0.005,0.009,0.351,0,0.007,0,0.005,0.007,0.385,0.292,0.008,0.007,0.857,0,0.007,0.005,0.009,0.008,0,0.009,0.019,0.006,"2018",FALSE,0,0,47,FALSE
"220","Jrue Holiday","SG",0.643,"NOP",0.988,0.988,0.828,0.595,0.572,0.659,0.299,0.402,0.337,0.515,0.501,0.557,0.603,0.247,0.245,0.786,0.119,0.301,0.239,0.418,0.5,0.17,0.459,0.542,0.543,"2018",FALSE,0,0,48,FALSE
"221","Justin Holiday","SG",0.667,"CHI",0.878,0.878,0.641,0.28,0.36,0.495,0.4,0.507,0.359,0.134,0.188,0.387,0.527,0.179,0.169,0.823,0.059,0.258,0.19,0.131,0.325,0.082,0.2,0.361,0.309,"2018",FALSE,0,0,27,FALSE
"222","John Holland","SF",0.69,"CLE",0.293,0,0.049,0.016,0.027,0.384,0.027,0.041,0.306,0.006,0.013,0.261,0.423,0.012,0.013,0.692,0.011,0.018,0.016,0.004,0.028,0.005,0.017,0.027,0.019,"2018",FALSE,0,0,50,FALSE
"223","Rondae Hollis-Jefferson","SF",0.548,"BRK",0.829,0.72,0.543,0.331,0.333,0.629,0.032,0.061,0.241,0.342,0.378,0.491,0.534,0.329,0.325,0.788,0.193,0.356,0.3,0.143,0.264,0.128,0.261,0.391,0.334,"2018",FALSE,0,0,28,FALSE
"224","Richaun Holmes","C",0.571,"PHI",0.585,0.024,0.211,0.131,0.111,0.747,0.01,0.035,0.129,0.136,0.118,0.624,0.631,0.049,0.058,0.661,0.109,0.153,0.138,0.052,0.081,0.077,0.054,0.261,0.11,"2018",FALSE,0,0,52,FALSE
"227","Al Horford","C",0.738,"BOS",0.878,0.878,0.644,0.356,0.347,0.652,0.241,0.255,0.429,0.282,0.297,0.514,0.614,0.124,0.123,0.783,0.197,0.424,0.346,0.291,0.175,0.207,0.284,0.372,0.327,"2018",FALSE,0,0,55,FALSE
"228","Danuel House","SG",0.571,"PHO",0.28,0.037,0.114,0.054,0.059,0.579,0.037,0.065,0.259,0.043,0.04,0.577,0.547,0.033,0.032,0.806,0.025,0.063,0.05,0.021,0.028,0.016,0.024,0.062,0.054,"2018",FALSE,0,0,21,FALSE
"229","Dwight Howard","C",0.762,"CHO",0.988,0.988,0.697,0.489,0.419,0.74,0.002,0.008,0.143,0.525,0.51,0.559,0.618,0.442,0.599,0.574,0.488,0.752,0.661,0.09,0.195,0.348,0.448,0.671,0.476,"2018",FALSE,0,0,36,FALSE
"230","Josh Huestis","PF",0.619,"OKC",0.841,0.122,0.278,0.058,0.084,0.44,0.082,0.13,0.287,0.028,0.038,0.403,0.467,0.008,0.021,0.3,0.08,0.118,0.105,0.017,0.061,0.114,0.056,0.221,0.056,"2018",FALSE,0,0,48,FALSE
"231","R.J. Hunter","SG",0.571,"HOU",0.061,0.012,0.013,0.007,0.009,0.467,0.007,0.016,0.214,0.004,0.003,0.667,0.472,0.003,0.002,1,0,0.005,0.003,0.003,0.012,0,0.004,0.019,0.007,"2018",FALSE,0,0,65,FALSE
"233","Serge Ibaka","PF",0.667,"TOR",0.927,0.927,0.592,0.367,0.361,0.644,0.266,0.335,0.36,0.283,0.275,0.559,0.613,0.124,0.121,0.797,0.149,0.397,0.312,0.053,0.118,0.263,0.194,0.563,0.339,"2018",FALSE,0,0,59,FALSE
"234","Andre Iguodala","SF",0.81,"GSW",0.78,0.085,0.459,0.143,0.147,0.617,0.082,0.132,0.282,0.12,0.114,0.567,0.571,0.073,0.09,0.632,0.096,0.195,0.161,0.18,0.22,0.101,0.144,0.267,0.136,"2018",FALSE,0,0,58,FALSE
"236","Joe Ingles","SF",0.714,"UTA",1,0.988,0.73,0.324,0.33,0.623,0.507,0.524,0.44,0.136,0.143,0.516,0.677,0.087,0.085,0.795,0.046,0.318,0.225,0.337,0.366,0.053,0.343,0.48,0.332,"2018",FALSE,0,0,48,FALSE
"237","Andre Ingram","SG",0.762,"LAL",0.024,0,0.018,0.008,0.008,0.628,0.012,0.01,0.556,0.003,0.005,0.375,0.687,0.004,0.003,1,0.002,0.005,0.004,0.006,0.012,0.008,0.006,0.008,0.008,"2018",FALSE,0,0,35,FALSE
"238","Brandon Ingram","SF",0.476,"LAL",0.72,0.72,0.559,0.346,0.35,0.627,0.102,0.119,0.39,0.33,0.37,0.483,0.552,0.254,0.29,0.681,0.109,0.255,0.205,0.198,0.183,0.114,0.321,0.439,0.335,"2018",FALSE,0,0,35,FALSE
"239","Kyrie Irving","PG",0.595,"BOS",0.732,0.732,0.547,0.516,0.5,0.655,0.413,0.459,0.408,0.383,0.384,0.541,0.631,0.307,0.269,0.889,0.063,0.193,0.148,0.263,0.264,0.045,0.302,0.329,0.518,"2018",FALSE,0,0,55,FALSE
"240","Jonathan Isaac","PF",0.476,"ORL",0.329,0.122,0.152,0.053,0.067,0.505,0.04,0.052,0.348,0.041,0.056,0.394,0.482,0.025,0.026,0.76,0.031,0.082,0.065,0.015,0.134,0.08,0.058,0.129,0.051,"2018",FALSE,0,0,25,FALSE
"241","Wesley Iwundu","SF",0.548,"ORL",0.756,0.146,0.289,0.09,0.1,0.569,0.022,0.052,0.196,0.087,0.097,0.488,0.497,0.045,0.048,0.723,0.069,0.1,0.09,0.049,0.134,0.032,0.065,0.218,0.081,"2018",FALSE,0,0,25,FALSE
"242","Jarrett Jack","PG",0.81,"NYK",0.756,0.683,0.438,0.183,0.204,0.569,0.062,0.097,0.291,0.171,0.201,0.459,0.506,0.083,0.077,0.84,0.042,0.168,0.125,0.299,0.142,0.011,0.248,0.264,0.165,"2018",FALSE,0,0,29,FALSE
"243","Aaron Jackson","PG",0.738,"HOU",0.012,0,0.01,0.003,0.004,0.444,0.002,0.005,0.25,0.002,0.003,0.4,0.432,0.001,0.002,0.5,0.004,0.001,0.002,0.001,0,0,0.002,0.011,0.003,"2018",FALSE,0,0,65,FALSE
"245","Josh Jackson","SF",0.476,"PHO",0.939,0.427,0.554,0.376,0.429,0.556,0.142,0.245,0.263,0.345,0.403,0.464,0.498,0.234,0.287,0.634,0.182,0.254,0.229,0.102,0.325,0.093,0.315,0.588,0.357,"2018",FALSE,0,0,21,FALSE
"246","Justin Jackson","SF",0.524,"SAC",0.829,0.5,0.426,0.179,0.193,0.589,0.142,0.209,0.308,0.133,0.132,0.547,0.567,0.034,0.037,0.722,0.052,0.159,0.122,0.064,0.114,0.035,0.086,0.218,0.16,"2018",FALSE,0,0,27,FALSE
"247","Reggie Jackson","PG",0.643,"DET",0.549,0.549,0.34,0.238,0.266,0.568,0.129,0.191,0.308,0.202,0.23,0.475,0.523,0.148,0.138,0.836,0.055,0.095,0.082,0.204,0.11,0.011,0.213,0.235,0.232,"2018",FALSE,0,0,39,FALSE
"248","LeBron James","PF",0.786,"CLE",1,1,0.856,0.829,0.727,0.723,0.371,0.458,0.367,0.737,0.662,0.603,0.656,0.513,0.546,0.731,0.185,0.608,0.463,0.642,0.472,0.189,0.748,0.367,0.795,"2018",FALSE,15,0.731,50,TRUE
"250","Al Jefferson","C",0.786,"IND",0.439,0.012,0.137,0.107,0.096,0.712,0,0.003,0,0.116,0.116,0.541,0.593,0.04,0.037,0.833,0.057,0.112,0.093,0.026,0.065,0.061,0.045,0.178,0.089,"2018",FALSE,0,0,48,FALSE
"251","Richard Jefferson","SF",0.881,"DEN",0.244,0,0.046,0.012,0.012,0.592,0.005,0.008,0.286,0.01,0.011,0.5,0.534,0.005,0.007,0.571,0.004,0.015,0.011,0.013,0.008,0.003,0.011,0.03,0.011,"2018",FALSE,0,0,46,FALSE
"252","Brandon Jennings","PG",0.667,"MIL",0.171,0,0.058,0.026,0.033,0.5,0.022,0.037,0.273,0.019,0.022,0.462,0.487,0.013,0.01,1,0.01,0.026,0.02,0.038,0.024,0.011,0.039,0.03,0.026,"2018",FALSE,0,0,44,FALSE
"253","Jonas Jerebko","PF",0.714,"UTA",0.902,0.232,0.321,0.154,0.157,0.621,0.162,0.177,0.414,0.098,0.104,0.511,0.624,0.061,0.059,0.807,0.101,0.192,0.161,0.036,0.098,0.032,0.058,0.342,0.151,"2018",FALSE,0,0,48,FALSE
"254","Amir Johnson","C",0.714,"PHI",0.902,0.22,0.331,0.135,0.12,0.717,0.025,0.036,0.313,0.135,0.129,0.57,0.62,0.069,0.087,0.612,0.235,0.206,0.216,0.101,0.183,0.117,0.119,0.518,0.121,"2018",FALSE,0,0,52,FALSE
"257","James Johnson","PF",0.714,"MIA",0.89,0.5,0.55,0.299,0.283,0.671,0.142,0.209,0.308,0.262,0.242,0.587,0.611,0.149,0.167,0.698,0.117,0.295,0.234,0.241,0.285,0.136,0.304,0.518,0.278,"2018",FALSE,0,0,44,FALSE
"260","Stanley Johnson","SF",0.5,"DET",0.841,0.61,0.536,0.203,0.258,0.5,0.167,0.264,0.286,0.149,0.184,0.439,0.483,0.148,0.149,0.772,0.063,0.217,0.165,0.096,0.386,0.037,0.166,0.456,0.212,"2018",FALSE,0,0,39,FALSE
"261","Tyler Johnson","PG",0.595,"MIA",0.878,0.476,0.581,0.299,0.327,0.58,0.296,0.366,0.367,0.198,0.218,0.491,0.576,0.14,0.133,0.822,0.065,0.213,0.162,0.142,0.244,0.09,0.175,0.399,0.298,"2018",FALSE,0,0,44,FALSE
"262","Wesley Johnson","SF",0.714,"LAC",0.902,0.488,0.421,0.145,0.169,0.544,0.149,0.2,0.339,0.094,0.108,0.471,0.543,0.057,0.06,0.741,0.055,0.186,0.141,0.052,0.309,0.165,0.119,0.394,0.142,"2018",FALSE,0,0,42,FALSE
"263","Nikola Jokic","C",0.524,"DEN",0.915,0.89,0.691,0.487,0.465,0.665,0.276,0.316,0.396,0.409,0.412,0.538,0.616,0.352,0.322,0.85,0.373,0.604,0.525,0.393,0.366,0.162,0.453,0.571,0.489,"2018",FALSE,0,0,46,FALSE
"267","Tyus Jones","PG",0.5,"MIN",1,0.134,0.415,0.145,0.151,0.609,0.112,0.146,0.349,0.109,0.112,0.528,0.584,0.094,0.083,0.877,0.031,0.115,0.086,0.199,0.386,0.016,0.127,0.296,0.147,"2018",FALSE,0,0,47,FALSE
"269","Cory Joseph","PG",0.619,"IND",1,0.207,0.626,0.248,0.278,0.565,0.167,0.214,0.353,0.197,0.234,0.457,0.532,0.093,0.097,0.745,0.075,0.222,0.172,0.223,0.325,0.048,0.188,0.38,0.229,"2018",FALSE,0,0,48,FALSE
"270","Frank Kaminsky","PF",0.571,"CHO",0.963,0.049,0.519,0.297,0.329,0.572,0.259,0.309,0.38,0.211,0.249,0.459,0.557,0.205,0.2,0.799,0.088,0.24,0.188,0.111,0.146,0.051,0.142,0.256,0.308,"2018",FALSE,0,0,36,FALSE
"271","Enes Kanter","C",0.595,"NYK",0.866,0.866,0.518,0.408,0.328,0.789,0,0.002,0,0.439,0.401,0.594,0.658,0.206,0.189,0.848,0.522,0.503,0.51,0.09,0.146,0.098,0.263,0.504,0.353,"2018",FALSE,0,0,29,FALSE
"272","Luke Kennard","SG",0.5,"DET",0.89,0.11,0.414,0.199,0.214,0.591,0.201,0.22,0.415,0.13,0.152,0.463,0.589,0.086,0.078,0.855,0.04,0.154,0.115,0.107,0.179,0.035,0.149,0.232,0.197,"2018",FALSE,0,0,39,FALSE
"273","Michael Kidd-Gilchrist","SF",0.571,"CHO",0.902,0.902,0.524,0.273,0.258,0.672,0,0.002,0,0.293,0.315,0.505,0.56,0.155,0.176,0.684,0.161,0.216,0.197,0.061,0.207,0.085,0.114,0.385,0.24,"2018",FALSE,0,0,36,FALSE
"275","Maxi Kleber","PF",0.619,"DAL",0.878,0.439,0.341,0.146,0.142,0.652,0.1,0.144,0.313,0.116,0.102,0.613,0.614,0.058,0.061,0.746,0.136,0.162,0.153,0.044,0.106,0.125,0.065,0.307,0.136,"2018",FALSE,0,0,24,FALSE
"276","Furkan Korkmaz","SG",0.476,"PHI",0.171,0,0.023,0.008,0.013,0.381,0.012,0.019,0.294,0.003,0.006,0.273,0.417,0.003,0.004,0.5,0.004,0.009,0.007,0.003,0.008,0.003,0.004,0.032,0.008,"2018",FALSE,0,0,52,FALSE
"277","Luke Kornet","PF",0.524,"NYK",0.244,0.012,0.092,0.047,0.058,0.523,0.07,0.089,0.354,0.022,0.026,0.457,0.56,0.011,0.011,0.727,0.021,0.053,0.042,0.022,0.024,0.043,0.026,0.075,0.047,"2018",FALSE,0,0,29,FALSE
"278","Kyle Korver","SG",0.857,"CLE",0.89,0.049,0.446,0.215,0.223,0.612,0.408,0.424,0.436,0.06,0.061,0.537,0.698,0.085,0.074,0.889,0.017,0.155,0.108,0.076,0.126,0.072,0.119,0.35,0.237,"2018",FALSE,0,0,50,FALSE
"280","Kyle Kuzma","PF",0.524,"LAL",0.939,0.451,0.68,0.453,0.478,0.6,0.396,0.49,0.366,0.322,0.341,0.511,0.586,0.194,0.214,0.707,0.168,0.392,0.316,0.121,0.199,0.09,0.302,0.431,0.439,"2018",FALSE,0,0,35,FALSE
"282","Skal Labissiere","PF",0.5,"SAC",0.732,0.341,0.351,0.198,0.211,0.597,0.045,0.058,0.353,0.195,0.23,0.459,0.519,0.126,0.121,0.805,0.189,0.188,0.188,0.062,0.102,0.13,0.157,0.356,0.185,"2018",FALSE,0,0,27,FALSE
"283","Jeremy Lamb","SG",0.595,"CHO",0.976,0.22,0.557,0.368,0.383,0.609,0.234,0.287,0.37,0.298,0.326,0.495,0.57,0.237,0.214,0.861,0.094,0.273,0.212,0.16,0.248,0.085,0.2,0.372,0.365,"2018",FALSE,0,0,36,FALSE
"284","Shane Larkin","PG",0.595,"BOS",0.659,0.024,0.219,0.081,0.101,0.512,0.077,0.097,0.36,0.055,0.075,0.398,0.504,0.042,0.038,0.865,0.029,0.076,0.06,0.084,0.118,0.005,0.071,0.156,0.082,"2018",FALSE,0,0,55,FALSE
"285","Joffrey Lauvergne","C",0.619,"SAS",0.671,0.012,0.151,0.095,0.087,0.688,0,0.006,0,0.102,0.104,0.53,0.573,0.04,0.048,0.638,0.12,0.107,0.112,0.035,0.037,0.008,0.071,0.121,0.08,"2018",FALSE,0,0,47,FALSE
"286","Zach LaVine","SG",0.524,"CHI",0.293,0.293,0.186,0.132,0.163,0.511,0.104,0.139,0.341,0.098,0.131,0.405,0.491,0.115,0.11,0.813,0.017,0.084,0.061,0.062,0.098,0.011,0.093,0.148,0.142,"2018",FALSE,0,0,27,FALSE
"287","Jake Layman","SF",0.548,"POR",0.427,0.012,0.045,0.014,0.022,0.397,0.01,0.023,0.2,0.01,0.015,0.37,0.378,0.003,0.003,0.667,0.008,0.012,0.01,0.009,0.024,0.011,0.011,0.035,0.012,"2018",FALSE,0,0,49,FALSE
"288","T.J. Leaf","PF",0.476,"IND",0.646,0,0.13,0.062,0.063,0.628,0.045,0.047,0.429,0.048,0.053,0.489,0.597,0.013,0.016,0.625,0.055,0.053,0.054,0.008,0.02,0.011,0.022,0.121,0.055,"2018",FALSE,0,0,48,FALSE
"289","Courtney Lee","SG",0.762,"NYK",0.927,0.841,0.654,0.332,0.347,0.605,0.281,0.314,0.406,0.239,0.269,0.482,0.588,0.151,0.128,0.919,0.057,0.193,0.146,0.155,0.325,0.045,0.181,0.294,0.322,"2018",FALSE,0,0,29,FALSE
"290","Damion Lee","SG",0.595,"ATL",0.183,0.134,0.114,0.06,0.07,0.544,0.037,0.068,0.25,0.049,0.052,0.511,0.508,0.029,0.03,0.759,0.021,0.06,0.046,0.025,0.077,0.003,0.03,0.067,0.057,"2018",FALSE,0,0,24,FALSE
"291","Walt Lemon","PG",0.595,"NOP",0.061,0,0.01,0.007,0.007,0.584,0.002,0.001,1,0.006,0.008,0.4,0.521,0.003,0.003,0.667,0,0.002,0.001,0.004,0,0.003,0.009,0.013,0.006,"2018",FALSE,0,0,48,FALSE
"292","Alex Len","C",0.571,"PHO",0.841,0.159,0.395,0.207,0.174,0.755,0.002,0.003,0.333,0.222,0.212,0.568,0.63,0.209,0.238,0.684,0.335,0.341,0.339,0.07,0.11,0.162,0.168,0.426,0.207,"2018",FALSE,0,0,21,FALSE
"293","Kawhi Leonard","SF",0.619,"SAS",0.11,0.11,0.059,0.05,0.051,0.624,0.027,0.04,0.314,0.043,0.043,0.539,0.576,0.041,0.039,0.816,0.011,0.036,0.027,0.018,0.073,0.024,0.034,0.024,0.052,"2018",FALSE,0,0,47,FALSE
"294","Meyers Leonard","C",0.595,"POR",0.402,0.024,0.072,0.044,0.036,0.787,0.027,0.029,0.423,0.036,0.029,0.673,0.733,0.012,0.011,0.818,0.023,0.058,0.046,0.015,0.028,0,0.022,0.097,0.04,"2018",FALSE,0,0,49,FALSE
"295","Jon Leuer","PF",0.667,"DET",0.098,0,0.038,0.015,0.017,0.556,0,0.003,0,0.016,0.019,0.455,0.463,0.017,0.015,0.867,0.013,0.025,0.021,0.004,0.004,0.008,0.015,0.043,0.015,"2018",FALSE,0,0,39,FALSE
"296","Caris LeVert","SF",0.548,"BRK",0.866,0.122,0.528,0.309,0.338,0.58,0.211,0.277,0.347,0.245,0.276,0.48,0.548,0.176,0.192,0.711,0.101,0.206,0.17,0.257,0.333,0.059,0.33,0.429,0.303,"2018",FALSE,0,0,28,FALSE
"298","Damian Lillard","PG",0.643,"POR",0.89,0.89,0.756,0.601,0.651,0.585,0.565,0.71,0.361,0.41,0.443,0.501,0.577,0.652,0.553,0.916,0.119,0.261,0.212,0.413,0.313,0.072,0.444,0.315,0.693,"2018",FALSE,0,0.205,49,TRUE
"299","Jeremy Lin","PG",0.69,"BRK",0.012,0.012,0.007,0.005,0.006,0.556,0.002,0.002,0.5,0.004,0.006,0.4,0.509,0.009,0.007,1,0,0,0,0.003,0,0,0.006,0.008,0.006,"2018",FALSE,0,0,28,FALSE
"300","Shaun Livingston","PG",0.762,"GSW",0.866,0.085,0.32,0.166,0.158,0.668,0,0.006,0,0.179,0.191,0.509,0.557,0.066,0.063,0.82,0.061,0.098,0.086,0.12,0.142,0.056,0.125,0.315,0.139,"2018",FALSE,0,0,58,FALSE
"301","Kevon Looney","C",0.5,"GSW",0.805,0.049,0.258,0.108,0.089,0.773,0.002,0.006,0.2,0.116,0.106,0.59,0.648,0.056,0.079,0.545,0.159,0.131,0.141,0.036,0.138,0.149,0.067,0.286,0.094,"2018",FALSE,0,0,58,FALSE
"302","Brook Lopez","C",0.69,"LAL",0.902,0.878,0.491,0.357,0.365,0.62,0.279,0.367,0.345,0.267,0.264,0.549,0.596,0.147,0.163,0.703,0.141,0.218,0.192,0.108,0.122,0.261,0.211,0.526,0.339,"2018",FALSE,0,0,35,FALSE
"303","Robin Lopez","C",0.69,"CHI",0.78,0.78,0.478,0.331,0.297,0.707,0.01,0.016,0.286,0.352,0.356,0.536,0.592,0.09,0.093,0.756,0.256,0.155,0.19,0.107,0.057,0.141,0.231,0.294,0.267,"2018",FALSE,0,0,27,FALSE
"304","Kevin Love","C",0.69,"CLE",0.72,0.72,0.467,0.323,0.335,0.611,0.341,0.372,0.415,0.205,0.225,0.494,0.613,0.31,0.274,0.88,0.193,0.442,0.357,0.088,0.175,0.064,0.194,0.323,0.367,"2018",FALSE,0,0,50,FALSE
"305","Kyle Lowry","PG",0.738,"TOR",0.951,0.951,0.71,0.39,0.434,0.569,0.592,0.673,0.399,0.172,0.196,0.474,0.614,0.295,0.269,0.854,0.126,0.365,0.284,0.461,0.346,0.051,0.394,0.518,0.447,"2018",FALSE,0,0,59,FALSE
"306","Timothe Luwawu-Cabarrot","SF",0.524,"PHI",0.634,0.085,0.228,0.097,0.123,0.5,0.132,0.178,0.335,0.049,0.061,0.431,0.527,0.061,0.06,0.793,0.027,0.058,0.047,0.046,0.049,0.013,0.082,0.261,0.106,"2018",FALSE,0,0,52,FALSE
"308","Trey Lyles","PF",0.524,"DEN",0.89,0.024,0.394,0.261,0.253,0.655,0.206,0.246,0.381,0.195,0.187,0.563,0.629,0.134,0.147,0.706,0.105,0.29,0.227,0.078,0.122,0.09,0.131,0.299,0.256,"2018",FALSE,0,0,46,FALSE
"309","Shelvin Mack","PG",0.643,"ORL",0.841,0.037,0.386,0.172,0.191,0.573,0.119,0.157,0.345,0.135,0.155,0.473,0.542,0.091,0.1,0.711,0.044,0.142,0.108,0.234,0.22,0.021,0.192,0.245,0.167,"2018",FALSE,0,0,25,FALSE
"310","Josh Magette","PG",0.667,"ATL",0.22,0,0.061,0.015,0.021,0.435,0.02,0.025,0.364,0.007,0.014,0.292,0.459,0.011,0.008,1,0.004,0.017,0.012,0.049,0.033,0.003,0.019,0.043,0.016,"2018",FALSE,0,0,24,FALSE
"311","Ian Mahinmi","C",0.738,"WAS",0.939,0,0.324,0.133,0.114,0.741,0,0.002,0,0.144,0.139,0.561,0.618,0.119,0.132,0.703,0.258,0.176,0.204,0.046,0.154,0.112,0.216,0.62,0.129,"2018",FALSE,0,0,43,FALSE
"312","Thon Maker","C",0.476,"MIL",0.902,0.146,0.35,0.126,0.145,0.548,0.077,0.117,0.298,0.103,0.12,0.467,0.511,0.086,0.096,0.699,0.143,0.149,0.147,0.04,0.154,0.141,0.095,0.437,0.126,"2018",FALSE,0,0,44,FALSE
"314","Lauri Markkanen","PF",0.476,"CHI",0.829,0.829,0.572,0.362,0.397,0.579,0.361,0.453,0.362,0.238,0.26,0.497,0.576,0.185,0.171,0.843,0.151,0.426,0.332,0.068,0.159,0.106,0.179,0.278,0.365,"2018",FALSE,0,0,27,FALSE
"315","Jarell Martin","PF",0.548,"MEM",0.89,0.439,0.47,0.214,0.228,0.595,0.085,0.111,0.347,0.195,0.224,0.47,0.533,0.118,0.119,0.767,0.185,0.219,0.208,0.063,0.159,0.13,0.185,0.569,0.2,"2018",FALSE,0,0,22,FALSE
"316","Frank Mason","PG",0.548,"SAC",0.634,0.024,0.279,0.139,0.175,0.505,0.077,0.097,0.36,0.118,0.166,0.384,0.467,0.124,0.118,0.817,0.057,0.099,0.085,0.126,0.138,0.027,0.14,0.194,0.146,"2018",FALSE,0,0,27,FALSE
"318","Wesley Matthews","SF",0.738,"DAL",0.768,0.756,0.603,0.274,0.321,0.541,0.381,0.454,0.381,0.135,0.166,0.441,0.573,0.11,0.104,0.822,0.054,0.169,0.129,0.148,0.309,0.043,0.179,0.377,0.283,"2018",FALSE,0,0,24,FALSE
"319","Luc Mbah a Moute","PF",0.738,"HOU",0.744,0.183,0.443,0.161,0.159,0.641,0.157,0.195,0.364,0.107,0.097,0.599,0.636,0.086,0.098,0.684,0.042,0.163,0.122,0.047,0.293,0.066,0.147,0.27,0.162,"2018",FALSE,0,0,65,FALSE
"321","Patrick McCaw","SG",0.524,"GSW",0.695,0.122,0.272,0.089,0.104,0.545,0.047,0.09,0.238,0.076,0.082,0.503,0.501,0.034,0.035,0.765,0.031,0.066,0.054,0.07,0.175,0.027,0.088,0.181,0.081,"2018",FALSE,0,0,58,FALSE
"322","CJ McCollum","SG",0.619,"POR",0.988,0.988,0.827,0.645,0.693,0.591,0.47,0.537,0.397,0.497,0.58,0.465,0.562,0.276,0.257,0.836,0.101,0.266,0.21,0.234,0.313,0.093,0.325,0.453,0.612,"2018",FALSE,0,0,49,FALSE
"323","T.J. McConnell","PG",0.595,"PHI",0.927,0.012,0.483,0.203,0.194,0.665,0.067,0.07,0.435,0.19,0.202,0.51,0.59,0.041,0.04,0.795,0.071,0.188,0.148,0.26,0.374,0.035,0.241,0.329,0.169,"2018",FALSE,0,0,52,FALSE
"325","Chris McCullough","PF",0.524,"WAS",0.232,0,0.025,0.017,0.019,0.572,0.002,0.009,0.125,0.018,0.019,0.5,0.489,0.012,0.014,0.643,0.013,0.018,0.016,0.003,0,0.013,0.004,0.022,0.016,"2018",FALSE,0,0,43,FALSE
"327","JaVale McGee","C",0.714,"GSW",0.793,0.207,0.174,0.132,0.101,0.828,0,0.007,0,0.142,0.12,0.638,0.69,0.05,0.053,0.731,0.113,0.109,0.11,0.028,0.085,0.152,0.058,0.245,0.109,"2018",FALSE,0,0,58,FALSE
"328","Rodney McGruder","SG",0.619,"MIA",0.22,0.024,0.085,0.035,0.034,0.657,0.037,0.04,0.429,0.022,0.021,0.553,0.662,0.005,0.008,0.5,0.021,0.021,0.021,0.015,0.033,0.008,0.009,0.057,0.032,"2018",FALSE,0,0,44,FALSE
"330","Alfonzo McKinnie","SF",0.595,"TOR",0.171,0,0.015,0.008,0.007,0.711,0.007,0.01,0.333,0.005,0.003,0.833,0.703,0.003,0.003,0.667,0.002,0.006,0.005,0.001,0.004,0.003,0.006,0.022,0.007,"2018",FALSE,0,0,59,FALSE
"331","Ben McLemore","SG",0.571,"MEM",0.683,0.207,0.309,0.152,0.172,0.561,0.137,0.179,0.346,0.106,0.121,0.477,0.55,0.07,0.066,0.828,0.065,0.104,0.091,0.044,0.154,0.04,0.131,0.375,0.149,"2018",FALSE,0,0,22,FALSE
"333","Jodie Meeks","SG",0.714,"WAS",0.939,0,0.317,0.152,0.181,0.532,0.179,0.237,0.343,0.088,0.103,0.464,0.546,0.134,0.12,0.863,0.029,0.11,0.082,0.06,0.118,0.011,0.08,0.148,0.172,"2018",FALSE,0,0,43,FALSE
"334","Salah Mejri","C",0.738,"DAL",0.744,0.012,0.206,0.085,0.063,0.856,0,0.003,0,0.092,0.076,0.657,0.713,0.05,0.068,0.576,0.163,0.16,0.161,0.03,0.089,0.178,0.084,0.326,0.076,"2018",FALSE,0,0,24,FALSE
"335","Jordan Mickey","PF",0.548,"MIA",0.28,0.037,0.08,0.038,0.038,0.635,0.005,0.018,0.125,0.039,0.037,0.561,0.542,0.017,0.02,0.684,0.034,0.063,0.053,0.008,0.024,0.027,0.039,0.097,0.033,"2018",FALSE,0,0,44,FALSE
"336","Khris Middleton","SF",0.619,"MIL",1,1,0.844,0.574,0.585,0.621,0.363,0.459,0.359,0.465,0.488,0.517,0.582,0.423,0.372,0.884,0.086,0.381,0.28,0.282,0.484,0.056,0.412,0.728,0.583,"2018",FALSE,0,0,44,FALSE
"337","C.J. Miles","SF",0.714,"TOR",0.854,0.037,0.378,0.22,0.276,0.505,0.408,0.512,0.361,0.066,0.082,0.434,0.573,0.107,0.1,0.835,0.034,0.133,0.099,0.047,0.15,0.056,0.084,0.361,0.247,"2018",FALSE,0,0,59,FALSE
"338","Darius Miller","SF",0.643,"NOP",1,0.037,0.55,0.209,0.224,0.592,0.366,0.404,0.411,0.072,0.073,0.535,0.66,0.077,0.069,0.866,0.034,0.145,0.107,0.095,0.114,0.045,0.125,0.431,0.225,"2018",FALSE,0,0,48,FALSE
"339","Malcolm Miller","SF",0.571,"TOR",0.183,0.049,0.036,0.013,0.013,0.619,0.02,0.024,0.381,0.005,0.004,0.714,0.674,0.005,0.004,1,0.008,0.011,0.01,0.003,0.004,0.005,0.011,0.027,0.013,"2018",FALSE,0,0,59,FALSE
"340","Patty Mills","PG",0.69,"SAS",1,0.439,0.596,0.271,0.314,0.548,0.383,0.467,0.372,0.131,0.151,0.47,0.581,0.139,0.121,0.89,0.05,0.127,0.101,0.197,0.224,0.029,0.228,0.345,0.289,"2018",FALSE,0,0,47,FALSE
"341","Paul Millsap","PF",0.762,"DEN",0.463,0.451,0.324,0.195,0.2,0.619,0.097,0.128,0.345,0.17,0.182,0.506,0.566,0.148,0.166,0.696,0.124,0.179,0.16,0.09,0.159,0.117,0.157,0.267,0.196,"2018",FALSE,0,0,46,FALSE
"343","Donovan Mitchell","SG",0.5,"UTA",0.963,0.866,0.747,0.575,0.627,0.583,0.465,0.621,0.34,0.425,0.458,0.502,0.562,0.316,0.306,0.805,0.099,0.242,0.193,0.25,0.48,0.072,0.463,0.574,0.571,"2018",FALSE,0,0,48,FALSE
"345","Malik Monk","SG",0.452,"CHO",0.768,0,0.242,0.148,0.196,0.48,0.206,0.274,0.342,0.073,0.103,0.385,0.509,0.042,0.039,0.842,0.015,0.058,0.043,0.078,0.081,0.024,0.106,0.162,0.149,"2018",FALSE,0,0,36,FALSE
"349","E'Twaun Moore","SG",0.667,"NOP",1,0.976,0.732,0.409,0.383,0.677,0.318,0.34,0.425,0.307,0.299,0.556,0.65,0.063,0.07,0.706,0.109,0.18,0.156,0.161,0.321,0.032,0.22,0.491,0.361,"2018",FALSE,0,0,48,FALSE
"352","Marcus Morris","PF",0.667,"BOS",0.659,0.256,0.41,0.253,0.281,0.572,0.214,0.264,0.368,0.183,0.213,0.467,0.554,0.164,0.158,0.805,0.082,0.244,0.189,0.062,0.142,0.032,0.14,0.27,0.259,"2018",FALSE,0,0,55,FALSE
"353","Markieff Morris","PF",0.667,"WAS",0.89,0.89,0.557,0.319,0.316,0.64,0.189,0.234,0.367,0.264,0.271,0.529,0.596,0.139,0.132,0.82,0.143,0.332,0.267,0.122,0.228,0.101,0.274,0.582,0.297,"2018",FALSE,0,0,43,FALSE
"354","Monte Morris","PG",0.524,"DEN",0.037,0,0.007,0.004,0.003,0.889,0,0.001,0,0.004,0.003,0.8,0.741,0.003,0.002,1,0,0.002,0.001,0.006,0.012,0,0.002,0.003,0.004,"2018",FALSE,0,0,46,FALSE
"355","Johnathan Motley","PF",0.524,"DAL",0.134,0.049,0.05,0.039,0.035,0.711,0.002,0.007,0.167,0.041,0.039,0.565,0.6,0.02,0.029,0.536,0.027,0.035,0.032,0.006,0.012,0.005,0.019,0.049,0.034,"2018",FALSE,0,0,24,FALSE
"356","Timofey Mozgov","C",0.738,"BRK",0.378,0.159,0.102,0.05,0.043,0.745,0.01,0.02,0.222,0.05,0.042,0.64,0.646,0.03,0.031,0.767,0.061,0.066,0.064,0.009,0.02,0.035,0.071,0.105,0.046,"2018",FALSE,0,0,28,FALSE
"359","Xavier Munford","SG",0.595,"MIL",0.073,0,0.006,0.001,0.003,0.223,0,0.002,0,0.001,0.002,0.25,0.186,0.001,0.002,0.5,0.002,0,0.001,0.003,0.004,0,0.004,0.011,0.001,"2018",FALSE,0,0,44,FALSE
"360","Dejounte Murray","PG",0.5,"SAS",0.988,0.585,0.493,0.261,0.28,0.591,0.022,0.038,0.265,0.272,0.324,0.454,0.501,0.139,0.152,0.709,0.21,0.347,0.3,0.198,0.394,0.082,0.289,0.407,0.231,"2018",FALSE,0,0,47,FALSE
"361","Jamal Murray","PG",0.476,"DEN",0.988,0.976,0.726,0.463,0.489,0.601,0.41,0.492,0.378,0.327,0.353,0.502,0.588,0.303,0.26,0.905,0.157,0.214,0.194,0.235,0.321,0.074,0.371,0.466,0.477,"2018",FALSE,0,0,46,FALSE
"362","Mike Muscala","C",0.619,"ATL",0.646,0.085,0.3,0.138,0.144,0.611,0.154,0.188,0.371,0.084,0.082,0.559,0.62,0.075,0.064,0.919,0.107,0.173,0.15,0.044,0.126,0.072,0.091,0.216,0.143,"2018",FALSE,0,0,24,FALSE
"363","Abdel Nader","SF",0.571,"BOS",0.585,0.012,0.148,0.048,0.069,0.448,0.057,0.073,0.354,0.028,0.047,0.321,0.459,0.03,0.04,0.59,0.025,0.058,0.046,0.022,0.061,0.027,0.073,0.121,0.052,"2018",FALSE,0,0,55,FALSE
"365","Shabazz Napier","PG",0.619,"POR",0.902,0.122,0.434,0.216,0.244,0.56,0.204,0.246,0.376,0.147,0.177,0.45,0.552,0.153,0.142,0.841,0.05,0.143,0.111,0.129,0.329,0.037,0.194,0.226,0.227,"2018",FALSE,0,0,49,FALSE
"367","Raul Neto","PG",0.595,"UTA",0.5,0,0.141,0.067,0.069,0.609,0.047,0.053,0.404,0.052,0.059,0.481,0.578,0.034,0.036,0.743,0.013,0.042,0.032,0.064,0.053,0.011,0.078,0.102,0.065,"2018",FALSE,0,0,48,FALSE
"368","Georges Niang","PF",0.571,"UTA",0.11,0,0.009,0.004,0.005,0.485,0,0.005,0,0.004,0.004,0.571,0.404,0.001,0.002,0.5,0.006,0.006,0.006,0.003,0.008,0,0.006,0.003,0.003,"2018",FALSE,0,0,48,FALSE
"370","Nerlens Noel","C",0.548,"DAL",0.366,0.073,0.134,0.053,0.048,0.699,0,0.001,0,0.057,0.059,0.529,0.582,0.028,0.029,0.75,0.092,0.119,0.11,0.017,0.126,0.059,0.056,0.159,0.046,"2018",FALSE,0,0,24,FALSE
"371","Lucas Nogueira","C",0.595,"TOR",0.598,0.037,0.118,0.047,0.037,0.817,0.012,0.021,0.263,0.046,0.034,0.721,0.716,0.025,0.029,0.679,0.034,0.069,0.057,0.019,0.093,0.114,0.034,0.132,0.043,"2018",FALSE,0,0,59,FALSE
"372","Dirk Nowitzki","C",0.929,"DAL",0.939,0.939,0.538,0.335,0.349,0.608,0.343,0.38,0.409,0.216,0.237,0.494,0.608,0.128,0.111,0.898,0.042,0.413,0.286,0.103,0.175,0.12,0.11,0.394,0.327,"2018",FALSE,0,0,24,FALSE
"373","Frank Ntilikina","PG",0.452,"NYK",0.951,0.11,0.483,0.176,0.23,0.485,0.124,0.177,0.318,0.137,0.193,0.385,0.46,0.065,0.07,0.721,0.071,0.139,0.116,0.215,0.264,0.048,0.282,0.488,0.163,"2018",FALSE,0,0,29,FALSE
"374","Jusuf Nurkic","C",0.548,"POR",0.963,0.963,0.591,0.464,0.438,0.673,0,0.008,0,0.499,0.532,0.508,0.561,0.228,0.281,0.63,0.361,0.515,0.463,0.123,0.26,0.295,0.394,0.666,0.4,"2018",FALSE,0,0,49,FALSE
"375","David Nwaba","SG",0.595,"CHI",0.854,0.256,0.466,0.195,0.195,0.637,0.045,0.059,0.346,0.191,0.209,0.496,0.554,0.176,0.209,0.655,0.17,0.235,0.213,0.089,0.24,0.077,0.166,0.426,0.196,"2018",FALSE,0,0,27,FALSE
"376","Johnny O'Bryant","PF",0.571,"CHO",0.439,0,0.107,0.066,0.079,0.531,0.035,0.049,0.326,0.056,0.072,0.422,0.488,0.028,0.026,0.84,0.055,0.064,0.061,0.012,0.037,0.016,0.032,0.121,0.06,"2018",FALSE,0,0,36,FALSE
"377","Royce O'Neale","SF",0.571,"UTA",0.841,0.049,0.326,0.116,0.131,0.564,0.104,0.133,0.356,0.081,0.094,0.47,0.551,0.081,0.078,0.803,0.048,0.21,0.154,0.082,0.146,0.043,0.119,0.283,0.121,"2018",FALSE,0,0,48,FALSE
"378","Kyle O'Quinn","C",0.643,"NYK",0.939,0.122,0.393,0.217,0.177,0.777,0.01,0.019,0.235,0.229,0.207,0.599,0.654,0.13,0.131,0.772,0.231,0.347,0.307,0.136,0.146,0.261,0.216,0.518,0.194,"2018",FALSE,0,0,29,FALSE
"379","Semi Ojeleye","PF",0.548,"BOS",0.89,0,0.326,0.063,0.087,0.461,0.1,0.141,0.32,0.026,0.036,0.397,0.502,0.033,0.042,0.61,0.071,0.123,0.105,0.017,0.085,0.011,0.054,0.245,0.069,"2018",FALSE,0,0,55,FALSE
"382","Victor Oladipo","SG",0.595,"IND",0.915,0.915,0.722,0.619,0.618,0.636,0.4,0.49,0.371,0.498,0.512,0.528,0.597,0.389,0.379,0.799,0.09,0.341,0.255,0.277,0.72,0.152,0.472,0.472,0.613,"2018",FALSE,0,0.002,48,TRUE
"383","Kelly Olynyk","PF",0.619,"MIA",0.927,0.268,0.504,0.306,0.293,0.663,0.264,0.316,0.379,0.219,0.201,0.59,0.644,0.177,0.179,0.77,0.17,0.34,0.282,0.178,0.252,0.093,0.317,0.598,0.308,"2018",FALSE,0,0,44,FALSE
"385","Cedi Osman","SF",0.524,"CLE",0.744,0.146,0.19,0.087,0.086,0.645,0.08,0.098,0.368,0.06,0.056,0.586,0.633,0.034,0.047,0.565,0.036,0.1,0.078,0.035,0.089,0.008,0.069,0.21,0.084,"2018",FALSE,0,0,50,FALSE
"386","Kelly Oubre","SF",0.524,"WAS",0.988,0.134,0.631,0.308,0.364,0.537,0.313,0.416,0.341,0.2,0.237,0.456,0.536,0.253,0.24,0.82,0.113,0.302,0.237,0.084,0.325,0.093,0.194,0.631,0.337,"2018",FALSE,0,0,43,FALSE
"387","Zaza Pachulia","C",0.786,"GSW",0.841,0.695,0.275,0.144,0.121,0.752,0,0.001,0,0.155,0.148,0.567,0.627,0.099,0.096,0.806,0.17,0.23,0.21,0.094,0.154,0.045,0.155,0.329,0.132,"2018",FALSE,0,0,58,FALSE
"388","Marcus Paige","PG",0.571,"CHO",0.061,0,0.008,0.004,0.006,0.381,0.005,0.009,0.25,0.002,0.003,0.333,0.397,0.003,0.002,1,0,0.004,0.003,0.003,0,0,0,0,0.004,"2018",FALSE,0,0,36,FALSE
"390","Jabari Parker","PF",0.524,"MIL",0.378,0.037,0.21,0.155,0.153,0.643,0.077,0.091,0.383,0.134,0.142,0.514,0.588,0.053,0.056,0.741,0.08,0.108,0.099,0.051,0.102,0.027,0.097,0.135,0.138,"2018",FALSE,0,0,44,FALSE
"391","Tony Parker","PG",0.833,"SAS",0.671,0.256,0.303,0.172,0.179,0.612,0.025,0.042,0.27,0.175,0.198,0.479,0.524,0.073,0.08,0.705,0.013,0.087,0.062,0.168,0.114,0.003,0.147,0.14,0.149,"2018",FALSE,0,0,47,FALSE
"392","Chandler Parsons","SF",0.69,"MEM",0.439,0.098,0.196,0.104,0.108,0.616,0.127,0.137,0.421,0.059,0.064,0.504,0.634,0.022,0.028,0.63,0.027,0.075,0.059,0.059,0.073,0.029,0.075,0.143,0.1,"2018",FALSE,0,0,22,FALSE
"393","Patrick Patterson","PF",0.667,"OKC",1,0.037,0.359,0.103,0.122,0.531,0.164,0.193,0.386,0.042,0.054,0.421,0.581,0.053,0.047,0.87,0.061,0.16,0.126,0.049,0.195,0.061,0.071,0.235,0.112,"2018",FALSE,0,0,48,FALSE
"395","Brandon Paul","SG",0.619,"SAS",0.78,0.024,0.163,0.053,0.058,0.577,0.037,0.061,0.278,0.042,0.041,0.548,0.547,0.029,0.044,0.512,0.011,0.062,0.044,0.032,0.102,0.019,0.062,0.156,0.052,"2018",FALSE,0,0,47,FALSE
"396","Chris Paul","PG",0.762,"HOU",0.707,0.707,0.523,0.355,0.367,0.613,0.358,0.428,0.38,0.232,0.236,0.532,0.611,0.269,0.227,0.919,0.071,0.274,0.205,0.393,0.39,0.037,0.276,0.38,0.382,"2018",FALSE,0,0,65,FALSE
"397","Adreian Payne","PF",0.619,"ORL",0.061,0,0.012,0.007,0.005,0.933,0.005,0.003,0.667,0.005,0.004,0.714,0.889,0.007,0.006,0.833,0.004,0.007,0.006,0,0.008,0,0.004,0.016,0.007,"2018",FALSE,0,0,25,FALSE
"398","Cameron Payne","PG",0.548,"CHI",0.305,0.171,0.165,0.084,0.099,0.54,0.087,0.103,0.385,0.054,0.07,0.419,0.54,0.016,0.016,0.75,0.034,0.051,0.045,0.097,0.106,0.024,0.078,0.119,0.078,"2018",FALSE,0,0,27,FALSE
"402","London Perrantes","PG",0.548,"CLE",0.171,0,0.019,0.002,0.006,0.205,0,0.003,0,0.002,0.006,0.2,0.171,0.004,0.005,0.6,0.002,0.003,0.003,0.004,0.008,0.003,0.002,0.016,0.002,"2018",FALSE,0,0,50,FALSE
"403","Alec Peters","PF",0.524,"PHO",0.244,0,0.064,0.027,0.034,0.504,0.045,0.065,0.31,0.01,0.009,0.625,0.556,0.011,0.01,0.8,0.015,0.029,0.024,0.01,0.008,0.005,0.009,0.035,0.029,"2018",FALSE,0,0,21,FALSE
"405","Mason Plumlee","C",0.643,"DEN",0.902,0.317,0.407,0.214,0.169,0.801,0,0.001,0,0.23,0.207,0.602,0.668,0.108,0.184,0.458,0.252,0.266,0.261,0.122,0.199,0.215,0.222,0.496,0.185,"2018",FALSE,0,0,46,FALSE
"407","Jakob Poeltl","C",0.524,"TOR",1,0,0.431,0.245,0.177,0.879,0.002,0.002,0.5,0.262,0.215,0.66,0.733,0.079,0.104,0.594,0.315,0.226,0.257,0.049,0.159,0.266,0.183,0.571,0.2,"2018",FALSE,0,0,59,FALSE
"408","Quincy Pondexter","SF",0.69,"CHI",0.28,0.012,0.055,0.014,0.023,0.381,0.007,0.025,0.136,0.011,0.015,0.407,0.351,0.019,0.017,0.824,0.015,0.019,0.018,0.008,0.033,0.005,0.024,0.065,0.016,"2018",FALSE,0,0,27,FALSE
"409","Otto Porter","SF",0.571,"WAS",0.939,0.939,0.688,0.43,0.407,0.671,0.343,0.353,0.441,0.319,0.323,0.537,0.646,0.14,0.132,0.828,0.197,0.386,0.322,0.135,0.472,0.109,0.162,0.407,0.4,"2018",FALSE,0,0,43,FALSE
"410","Bobby Portis","PF",0.524,"CHI",0.89,0.049,0.465,0.369,0.373,0.628,0.199,0.252,0.359,0.314,0.332,0.514,0.578,0.159,0.16,0.769,0.304,0.337,0.325,0.106,0.203,0.061,0.222,0.35,0.34,"2018",FALSE,0,0,27,FALSE
"411","Kristaps Porzingis","PF",0.524,"NYK",0.585,0.585,0.44,0.377,0.409,0.585,0.224,0.257,0.395,0.312,0.373,0.454,0.543,0.288,0.283,0.793,0.119,0.252,0.207,0.049,0.146,0.306,0.2,0.38,0.384,"2018",FALSE,0,0,29,FALSE
"412","Dwight Powell","C",0.619,"DAL",0.963,0.305,0.473,0.247,0.198,0.791,0.07,0.095,0.333,0.236,0.195,0.656,0.696,0.176,0.19,0.719,0.258,0.307,0.29,0.078,0.272,0.085,0.127,0.501,0.237,"2018",FALSE,0,0,24,FALSE
"413","Norman Powell","SG",0.571,"TOR",0.854,0.22,0.301,0.145,0.172,0.535,0.132,0.21,0.285,0.101,0.106,0.516,0.524,0.042,0.04,0.821,0.027,0.104,0.078,0.076,0.15,0.043,0.142,0.299,0.136,"2018",FALSE,0,0,59,FALSE
"416","Rodney Purvis","SG",0.548,"ORL",0.195,0.024,0.082,0.034,0.049,0.436,0.032,0.059,0.25,0.023,0.031,0.4,0.431,0.017,0.015,0.867,0.002,0.026,0.018,0.015,0.012,0.008,0.022,0.07,0.034,"2018",FALSE,0,0,25,FALSE
"417","Zhou Qi","C",0.524,"HOU",0.22,0,0.035,0.006,0.015,0.251,0.005,0.021,0.105,0.004,0.007,0.308,0.243,0.011,0.012,0.667,0.011,0.016,0.014,0.002,0.008,0.037,0.022,0.038,0.008,"2018",FALSE,0,0,65,FALSE
"418","Tim Quarterman","SG",0.548,"HOU",0.037,0,0.004,0.001,0.001,0.444,0,0.002,0,0.001,0.001,1,0.37,0.003,0.002,1,0,0.003,0.002,0.001,0,0,0.004,0.003,0.001,"2018",FALSE,0,0,65,FALSE
"420","Julius Randle","C",0.548,"LAL",1,0.598,0.62,0.487,0.416,0.744,0.025,0.051,0.222,0.514,0.484,0.575,0.626,0.403,0.437,0.718,0.346,0.47,0.427,0.18,0.175,0.12,0.459,0.739,0.467,"2018",FALSE,0,0,35,FALSE
"421","Zach Randolph","PF",0.857,"SAC",0.72,0.695,0.427,0.349,0.351,0.631,0.127,0.166,0.347,0.323,0.347,0.503,0.563,0.111,0.11,0.785,0.185,0.298,0.259,0.109,0.171,0.027,0.25,0.321,0.303,"2018",FALSE,0,0,27,FALSE
"422","Xavier Rathan-Mayes","SG",0.548,"MEM",0.061,0,0.033,0.012,0.019,0.381,0.002,0.016,0.071,0.011,0.016,0.393,0.331,0.005,0.009,0.444,0,0.005,0.003,0.015,0.024,0.008,0.024,0.049,0.01,"2018",FALSE,0,0,22,FALSE
"423","J.J. Redick","SG",0.786,"PHI",0.854,0.854,0.599,0.391,0.405,0.613,0.48,0.519,0.42,0.22,0.236,0.504,0.632,0.261,0.224,0.904,0.017,0.168,0.116,0.18,0.142,0.016,0.222,0.332,0.423,"2018",FALSE,0,0,52,FALSE
"424","Davon Reed","SG",0.524,"PHO",0.256,0.012,0.068,0.021,0.035,0.385,0.027,0.043,0.289,0.011,0.021,0.289,0.402,0.011,0.012,0.667,0.004,0.037,0.025,0.011,0.041,0.005,0.022,0.046,0.022,"2018",FALSE,0,0,21,FALSE
"426","Josh Richardson","SF",0.571,"MIA",0.988,0.988,0.761,0.386,0.407,0.601,0.316,0.379,0.378,0.283,0.31,0.495,0.581,0.159,0.146,0.845,0.132,0.214,0.186,0.198,0.492,0.199,0.302,0.536,0.369,"2018",FALSE,0,0,44,FALSE
"428","Austin Rivers","SG",0.595,"LAC",0.744,0.72,0.582,0.33,0.37,0.565,0.338,0.406,0.378,0.213,0.251,0.461,0.564,0.135,0.164,0.642,0.052,0.117,0.095,0.208,0.301,0.043,0.235,0.41,0.325,"2018",FALSE,0,0,42,FALSE
"429","Andre Roberson","SG",0.619,"OKC",0.476,0.476,0.294,0.084,0.075,0.716,0.02,0.041,0.222,0.082,0.071,0.627,0.624,0.016,0.039,0.316,0.143,0.109,0.121,0.04,0.183,0.093,0.065,0.24,0.069,"2018",FALSE,0,0,48,FALSE
"431","Glenn Robinson","SF",0.571,"IND",0.28,0.012,0.096,0.035,0.039,0.565,0.035,0.038,0.412,0.023,0.029,0.431,0.562,0.012,0.011,0.818,0.021,0.026,0.024,0.015,0.053,0.003,0.011,0.038,0.034,"2018",FALSE,0,0,48,FALSE
"432","Rajon Rondo","PG",0.738,"NOP",0.793,0.768,0.483,0.223,0.227,0.624,0.124,0.169,0.333,0.188,0.194,0.526,0.576,0.033,0.047,0.543,0.059,0.23,0.172,0.458,0.285,0.027,0.325,0.321,0.19,"2018",FALSE,0,0,48,FALSE
"434","Terrence Ross","SG",0.619,"ORL",0.293,0.244,0.17,0.074,0.088,0.531,0.075,0.105,0.323,0.048,0.055,0.469,0.529,0.036,0.037,0.75,0.019,0.063,0.048,0.033,0.11,0.029,0.062,0.121,0.074,"2018",FALSE,0,0,25,FALSE
"435","Terry Rozier","PG",0.548,"BOS",0.976,0.195,0.585,0.306,0.368,0.527,0.381,0.454,0.381,0.17,0.224,0.41,0.546,0.152,0.153,0.772,0.12,0.311,0.246,0.199,0.325,0.051,0.172,0.332,0.318,"2018",FALSE,0,0,55,FALSE
"436","Ricky Rubio","PG",0.643,"UTA",0.939,0.939,0.638,0.335,0.381,0.557,0.239,0.308,0.352,0.26,0.312,0.451,0.529,0.291,0.261,0.866,0.084,0.305,0.229,0.352,0.492,0.029,0.446,0.555,0.356,"2018",FALSE,0,0,48,FALSE
"437","D'Angelo Russell","PG",0.5,"BRK",0.585,0.427,0.349,0.269,0.309,0.552,0.224,0.314,0.324,0.196,0.222,0.477,0.534,0.128,0.135,0.74,0.057,0.158,0.124,0.214,0.146,0.045,0.317,0.251,0.262,"2018",FALSE,0,0,28,FALSE
"438","Domantas Sabonis","C",0.5,"IND",0.902,0.232,0.512,0.329,0.304,0.685,0.032,0.042,0.351,0.34,0.352,0.524,0.582,0.222,0.23,0.75,0.315,0.404,0.374,0.13,0.163,0.085,0.295,0.593,0.304,"2018",FALSE,0,0,48,FALSE
"439","JaKarr Sampson","SF",0.571,"SAC",0.268,0.073,0.097,0.043,0.037,0.724,0.012,0.011,0.5,0.041,0.04,0.549,0.638,0.013,0.016,0.625,0.04,0.057,0.051,0.008,0.033,0.059,0.017,0.129,0.036,"2018",FALSE,0,0,27,FALSE
"440","Dario Saric","PF",0.548,"PHI",0.951,0.89,0.654,0.39,0.41,0.604,0.391,0.45,0.393,0.256,0.277,0.501,0.601,0.235,0.213,0.86,0.294,0.363,0.34,0.174,0.207,0.053,0.319,0.431,0.403,"2018",FALSE,0,0,52,FALSE
"441","Tomas Satoransky","SG",0.619,"WAS",0.89,0.366,0.465,0.194,0.177,0.697,0.117,0.114,0.465,0.16,0.16,0.544,0.65,0.099,0.099,0.781,0.138,0.16,0.152,0.246,0.211,0.04,0.179,0.353,0.185,"2018",FALSE,0,0,43,FALSE
"442","Dennis Schroder","PG",0.571,"ATL",0.817,0.817,0.588,0.484,0.527,0.581,0.189,0.296,0.29,0.441,0.499,0.48,0.521,0.298,0.273,0.849,0.084,0.163,0.136,0.358,0.293,0.016,0.394,0.396,0.459,"2018",FALSE,0,0,24,FALSE
"443","Mike Scott","PF",0.69,"WAS",0.927,0.012,0.398,0.267,0.241,0.703,0.164,0.184,0.405,0.219,0.204,0.582,0.656,0.066,0.078,0.658,0.096,0.196,0.161,0.069,0.093,0.027,0.17,0.399,0.236,"2018",FALSE,0,0,43,FALSE
"444","Thabo Sefolosha","SF",0.786,"UTA",0.463,0.073,0.228,0.114,0.11,0.656,0.08,0.095,0.381,0.089,0.088,0.551,0.62,0.058,0.056,0.815,0.055,0.131,0.105,0.028,0.211,0.032,0.065,0.159,0.11,"2018",FALSE,0,0,48,FALSE
"445","Wayne Selden","SG",0.548,"MEM",0.427,0.11,0.196,0.112,0.124,0.575,0.122,0.138,0.402,0.07,0.083,0.456,0.58,0.058,0.061,0.746,0.031,0.04,0.037,0.057,0.073,0.013,0.116,0.159,0.115,"2018",FALSE,0,0,22,FALSE
"447","Iman Shumpert","SG",0.643,"CLE",0.171,0.073,0.078,0.021,0.027,0.505,0.017,0.029,0.269,0.016,0.018,0.469,0.489,0.015,0.015,0.733,0.013,0.034,0.027,0.015,0.037,0.011,0.034,0.059,0.022,"2018",FALSE,0,0,50,FALSE
"448","Pascal Siakam","PF",0.548,"TOR",0.988,0.061,0.475,0.245,0.229,0.677,0.072,0.149,0.22,0.233,0.206,0.612,0.597,0.071,0.09,0.621,0.151,0.283,0.238,0.137,0.252,0.112,0.144,0.447,0.208,"2018",FALSE,0,0,59,FALSE
"450","Ben Simmons","PG",0.5,"PHI",0.988,0.988,0.773,0.526,0.459,0.727,0,0.012,0,0.566,0.557,0.551,0.606,0.253,0.351,0.56,0.277,0.51,0.431,0.568,0.569,0.186,0.599,0.569,0.452,"2018",FALSE,0,0,52,FALSE
"451","Jonathon Simmons","SG",0.667,"ORL",0.841,0.61,0.574,0.342,0.35,0.62,0.172,0.23,0.338,0.297,0.314,0.512,0.568,0.245,0.248,0.768,0.117,0.177,0.156,0.147,0.236,0.043,0.315,0.472,0.34,"2018",FALSE,0,0,25,FALSE
"452","Kobi Simmons","PG",0.476,"MEM",0.39,0.146,0.182,0.077,0.087,0.564,0.027,0.044,0.282,0.072,0.085,0.46,0.502,0.033,0.026,1,0.027,0.036,0.033,0.058,0.073,0.013,0.095,0.164,0.069,"2018",FALSE,0,0,22,FALSE
"453","Kyle Singler","SF",0.69,"OKC",0.146,0,0.017,0.007,0.01,0.444,0.005,0.006,0.4,0.005,0.009,0.313,0.423,0.009,0.013,0.538,0.002,0.009,0.007,0.002,0.004,0,0.006,0.011,0.008,"2018",FALSE,0,0,48,FALSE
"454","Marcus Smart","SG",0.548,"BOS",0.659,0.134,0.457,0.183,0.237,0.489,0.187,0.281,0.301,0.119,0.15,0.429,0.489,0.128,0.137,0.729,0.082,0.145,0.124,0.223,0.289,0.061,0.278,0.358,0.194,"2018",FALSE,0,0,55,FALSE
"455","Dennis Smith","PG",0.476,"DAL",0.841,0.841,0.58,0.391,0.471,0.527,0.264,0.383,0.313,0.31,0.386,0.435,0.496,0.177,0.199,0.694,0.096,0.209,0.17,0.308,0.289,0.048,0.418,0.41,0.37,"2018",FALSE,0,0,24,FALSE
"456","Ish Smith","PG",0.69,"DET",1,0.427,0.578,0.376,0.369,0.648,0.087,0.114,0.347,0.368,0.395,0.506,0.563,0.107,0.119,0.698,0.052,0.196,0.146,0.309,0.26,0.053,0.233,0.377,0.316,"2018",FALSE,0,0,39,FALSE
"457","J.R. Smith","SG",0.762,"CLE",0.976,0.744,0.635,0.232,0.274,0.537,0.356,0.43,0.375,0.101,0.121,0.453,0.582,0.052,0.058,0.696,0.055,0.205,0.154,0.121,0.276,0.029,0.175,0.434,0.234,"2018",FALSE,0,0,50,FALSE
"458","Jason Smith","C",0.738,"WAS",0.402,0.024,0.081,0.044,0.053,0.521,0.01,0.036,0.125,0.043,0.047,0.494,0.454,0.025,0.022,0.905,0.034,0.035,0.035,0.012,0.012,0.035,0.034,0.119,0.04,"2018",FALSE,0,0,43,FALSE
"460","Tony Snell","SG",0.619,"MIL",0.915,0.72,0.581,0.179,0.196,0.58,0.269,0.302,0.403,0.08,0.089,0.49,0.624,0.05,0.049,0.792,0.017,0.131,0.092,0.084,0.191,0.074,0.078,0.31,0.182,"2018",FALSE,0,0,44,FALSE
"461","Marreese Speights","C",0.714,"ORL",0.634,0.037,0.191,0.133,0.161,0.527,0.214,0.263,0.369,0.054,0.065,0.448,0.577,0.053,0.057,0.727,0.04,0.111,0.087,0.034,0.033,0.059,0.086,0.286,0.142,"2018",FALSE,0,0,25,FALSE
"463","Lance Stephenson","SG",0.643,"IND",1,0.085,0.524,0.293,0.326,0.569,0.167,0.262,0.289,0.246,0.269,0.495,0.528,0.111,0.131,0.661,0.119,0.359,0.277,0.202,0.187,0.045,0.282,0.477,0.267,"2018",FALSE,0,0,48,FALSE
"467","Caleb Swanigan","PF",0.476,"POR",0.329,0.037,0.053,0.023,0.028,0.533,0.002,0.009,0.125,0.024,0.029,0.442,0.453,0.016,0.019,0.667,0.029,0.039,0.035,0.012,0.02,0.008,0.039,0.1,0.022,"2018",FALSE,0,0,49,FALSE
"468","Jayson Tatum","SF",0.452,"BOS",0.976,0.976,0.69,0.384,0.384,0.633,0.261,0.273,0.434,0.304,0.334,0.492,0.598,0.282,0.265,0.826,0.096,0.35,0.263,0.11,0.337,0.154,0.246,0.458,0.393,"2018",FALSE,0,0,55,FALSE
"469","Isaiah Taylor","PG",0.548,"ATL",0.817,0.11,0.33,0.158,0.179,0.557,0.05,0.09,0.25,0.149,0.175,0.461,0.493,0.131,0.145,0.702,0.042,0.071,0.061,0.177,0.138,0.027,0.181,0.313,0.157,"2018",FALSE,0,0,24,FALSE
"470","Jeff Teague","PG",0.69,"MIN",0.854,0.854,0.654,0.342,0.365,0.595,0.209,0.257,0.368,0.281,0.319,0.477,0.554,0.267,0.246,0.845,0.046,0.184,0.137,0.423,0.415,0.061,0.381,0.461,0.351,"2018",FALSE,0,0,47,FALSE
"471","Marquis Teague","PG",0.571,"MEM",0.037,0,0.021,0.004,0.007,0.333,0.002,0.005,0.25,0.003,0.007,0.25,0.312,0.003,0.005,0.4,0.002,0.005,0.004,0.011,0.016,0,0.006,0.013,0.004,"2018",FALSE,0,0,22,FALSE
"473","Garrett Temple","SG",0.738,"SAC",0.793,0.427,0.457,0.192,0.219,0.557,0.221,0.256,0.392,0.114,0.14,0.442,0.569,0.079,0.08,0.769,0.042,0.129,0.099,0.107,0.232,0.072,0.17,0.364,0.193,"2018",FALSE,0,0,27,FALSE
"474","Milos Teodosic","PG",0.714,"LAC",0.549,0.439,0.321,0.146,0.166,0.559,0.219,0.262,0.379,0.066,0.072,0.492,0.602,0.052,0.047,0.848,0.031,0.109,0.082,0.18,0.093,0.013,0.209,0.278,0.151,"2018",FALSE,0,0,42,FALSE
"475","Jason Terry","SG",0.952,"MIL",0.622,0.049,0.23,0.057,0.071,0.511,0.1,0.13,0.348,0.02,0.022,0.487,0.57,0.011,0.009,0.889,0.01,0.043,0.031,0.051,0.171,0.035,0.054,0.14,0.059,"2018",FALSE,0,0,44,FALSE
"476","Daniel Theis","C",0.595,"BOS",0.768,0.037,0.265,0.122,0.107,0.721,0.045,0.065,0.31,0.112,0.099,0.617,0.643,0.081,0.083,0.753,0.172,0.183,0.179,0.048,0.122,0.128,0.121,0.423,0.117,"2018",FALSE,0,0,55,FALSE
"478","Lance Thomas","PF",0.69,"NYK",0.89,0.378,0.383,0.099,0.123,0.509,0.124,0.14,0.403,0.054,0.081,0.364,0.529,0.058,0.055,0.83,0.084,0.13,0.114,0.038,0.122,0.037,0.086,0.361,0.105,"2018",FALSE,0,0,29,FALSE
"479","Klay Thompson","SG",0.643,"GSW",0.89,0.89,0.709,0.556,0.543,0.651,0.57,0.588,0.44,0.36,0.371,0.526,0.65,0.108,0.101,0.837,0.059,0.244,0.181,0.159,0.224,0.09,0.276,0.315,0.516,"2018",FALSE,0,0,58,FALSE
"481","Sindarius Thornwell","SG",0.548,"LAC",0.89,0.207,0.327,0.097,0.107,0.572,0.057,0.069,0.377,0.08,0.097,0.448,0.532,0.078,0.091,0.67,0.063,0.106,0.092,0.058,0.195,0.066,0.114,0.337,0.1,"2018",FALSE,0,0,42,FALSE
"482","Anthony Tolliver","PF",0.762,"DET",0.963,0.171,0.497,0.212,0.217,0.619,0.396,0.412,0.436,0.062,0.06,0.561,0.702,0.14,0.137,0.797,0.096,0.19,0.158,0.077,0.13,0.056,0.125,0.388,0.248,"2018",FALSE,0,0,39,FALSE
"483","Karl-Anthony Towns","C",0.524,"MIN",1,1,0.826,0.618,0.539,0.727,0.299,0.322,0.421,0.54,0.5,0.585,0.662,0.456,0.414,0.858,0.455,0.769,0.661,0.171,0.26,0.306,0.343,0.768,0.615,"2018",FALSE,0,0,47,FALSE
"484","P.J. Tucker","PF",0.762,"HOU",1,0.415,0.646,0.166,0.203,0.52,0.286,0.35,0.371,0.059,0.074,0.435,0.578,0.057,0.062,0.717,0.178,0.361,0.299,0.066,0.317,0.069,0.159,0.553,0.177,"2018",FALSE,0,0,65,FALSE
"485","Evan Turner","SF",0.69,"POR",0.963,0.488,0.576,0.25,0.266,0.596,0.104,0.149,0.318,0.225,0.251,0.485,0.538,0.12,0.11,0.85,0.057,0.213,0.159,0.149,0.191,0.077,0.213,0.439,0.229,"2018",FALSE,0,0,49,FALSE
"486","Myles Turner","C",0.5,"IND",0.793,0.756,0.52,0.296,0.294,0.639,0.139,0.177,0.357,0.26,0.272,0.519,0.581,0.212,0.212,0.777,0.178,0.322,0.273,0.075,0.154,0.314,0.207,0.501,0.292,"2018",FALSE,0,0,48,FALSE
"487","Ekpe Udoh","C",0.714,"UTA",0.768,0.037,0.229,0.058,0.055,0.667,0,0.001,0,0.062,0.067,0.504,0.556,0.056,0.058,0.75,0.13,0.081,0.098,0.046,0.175,0.197,0.043,0.283,0.057,"2018",FALSE,0,0,48,FALSE
"488","Tyler Ulis","PG",0.524,"PHO",0.866,0.524,0.469,0.207,0.254,0.517,0.104,0.165,0.288,0.179,0.228,0.425,0.473,0.111,0.104,0.832,0.046,0.103,0.084,0.267,0.285,0.019,0.274,0.323,0.196,"2018",FALSE,0,0,21,FALSE
"489","Jonas Valanciunas","C",0.595,"TOR",0.939,0.939,0.489,0.377,0.316,0.757,0.075,0.084,0.405,0.375,0.346,0.587,0.656,0.225,0.217,0.806,0.35,0.474,0.431,0.07,0.118,0.184,0.248,0.518,0.346,"2018",FALSE,0,0,59,FALSE
"490","Denzel Valentine","SG",0.571,"CHI",0.939,0.451,0.593,0.291,0.332,0.556,0.356,0.418,0.386,0.164,0.198,0.45,0.574,0.05,0.052,0.745,0.092,0.343,0.257,0.21,0.264,0.029,0.213,0.499,0.276,"2018",FALSE,0,0,27,FALSE
"491","Fred VanVleet","PG",0.548,"TOR",0.927,0,0.43,0.224,0.251,0.568,0.269,0.295,0.414,0.129,0.16,0.437,0.583,0.111,0.104,0.832,0.048,0.158,0.12,0.209,0.276,0.051,0.159,0.35,0.232,"2018",FALSE,0,0,59,FALSE
"494","Nikola Vucevic","C",0.643,"ORL",0.695,0.695,0.476,0.386,0.387,0.633,0.159,0.23,0.314,0.349,0.359,0.527,0.57,0.102,0.097,0.819,0.193,0.419,0.342,0.164,0.228,0.165,0.235,0.388,0.332,"2018",FALSE,0,0,25,FALSE
"496","Dion Waiters","SG",0.619,"MIA",0.366,0.366,0.26,0.158,0.189,0.531,0.129,0.192,0.306,0.116,0.135,0.463,0.512,0.067,0.071,0.739,0.015,0.069,0.05,0.097,0.093,0.024,0.151,0.164,0.151,"2018",FALSE,0,0,44,FALSE
"497","Kemba Walker","PG",0.643,"CHO",0.976,0.976,0.774,0.569,0.627,0.575,0.575,0.678,0.384,0.371,0.43,0.469,0.573,0.48,0.432,0.864,0.061,0.214,0.162,0.381,0.37,0.064,0.386,0.264,0.625,"2018",FALSE,0,0,36,FALSE
"498","John Wall","PG",0.643,"WAS",0.5,0.5,0.399,0.271,0.307,0.56,0.154,0.188,0.371,0.227,0.282,0.436,0.518,0.231,0.248,0.726,0.042,0.127,0.098,0.338,0.232,0.12,0.341,0.216,0.281,"2018",FALSE,0,0,43,FALSE
"499","Tyrone Wallace","PG",0.548,"LAC",0.366,0.232,0.241,0.106,0.114,0.593,0.025,0.045,0.25,0.104,0.117,0.483,0.518,0.081,0.08,0.782,0.04,0.083,0.069,0.061,0.11,0.035,0.099,0.224,0.103,"2018",FALSE,0,0,42,FALSE
"500","Taurean Waller-Prince","SF",0.548,"ATL",1,1,0.697,0.401,0.449,0.568,0.438,0.516,0.385,0.249,0.292,0.461,0.573,0.201,0.185,0.844,0.096,0.337,0.254,0.184,0.346,0.112,0.412,0.453,0.409,"2018",FALSE,0,0,24,FALSE
"501","Derrick Walton","PG",0.524,"MIA",0.195,0,0.042,0.008,0.012,0.427,0.017,0.019,0.412,0.001,0.005,0.125,0.511,0.008,0.006,1,0.004,0.014,0.01,0.014,0.028,0.008,0.004,0.019,0.01,"2018",FALSE,0,0,44,FALSE
"503","T.J. Warren","SF",0.571,"PHO",0.793,0.793,0.606,0.512,0.489,0.664,0.05,0.102,0.222,0.53,0.549,0.523,0.563,0.255,0.262,0.757,0.239,0.207,0.218,0.073,0.264,0.109,0.183,0.402,0.449,"2018",FALSE,0,0,21,FALSE
"504","Travis Wear","SF",0.643,"LAL",0.207,0,0.065,0.024,0.033,0.463,0.042,0.053,0.362,0.008,0.014,0.32,0.517,0.011,0.008,1,0,0.038,0.025,0.006,0.016,0.013,0.013,0.081,0.026,"2018",FALSE,0,0,35,FALSE
"507","David West","C",0.881,"GSW",0.89,0,0.283,0.209,0.174,0.761,0.007,0.009,0.375,0.222,0.209,0.576,0.639,0.079,0.081,0.759,0.122,0.173,0.156,0.119,0.191,0.199,0.172,0.323,0.175,"2018",FALSE,0,0,58,FALSE
"508","Russell Westbrook","PG",0.69,"OKC",0.976,0.976,0.825,0.732,0.776,0.599,0.241,0.368,0.298,0.687,0.768,0.485,0.53,0.552,0.582,0.737,0.291,0.647,0.525,0.704,0.598,0.053,0.821,0.539,0.716,"2018",FALSE,0,0.075,48,TRUE
"509","Andrew White","SF",0.571,"ATL",0.183,0,0.059,0.024,0.034,0.456,0.045,0.055,0.367,0.007,0.014,0.292,0.518,0.001,0.004,0.25,0.008,0.03,0.022,0.005,0.012,0.003,0.017,0.032,0.024,"2018",FALSE,0,0,24,FALSE
"510","Derrick White","PG",0.548,"SAS",0.207,0,0.039,0.015,0.015,0.647,0.02,0.015,0.615,0.008,0.011,0.4,0.673,0.019,0.021,0.7,0.01,0.021,0.017,0.008,0.016,0.008,0.013,0.022,0.019,"2018",FALSE,0,0,47,FALSE
"511","Okaro White","PF",0.595,"MIA",0.073,0.049,0.023,0.007,0.007,0.584,0.01,0.012,0.364,0.003,0.003,0.6,0.626,0.003,0.003,0.667,0.006,0.008,0.007,0.002,0.004,0.003,0.002,0.016,0.007,"2018",FALSE,0,0,44,FALSE
"512","Isaiah Whitehead","PG",0.524,"BRK",0.195,0,0.051,0.039,0.04,0.62,0.017,0.02,0.389,0.034,0.038,0.485,0.562,0.017,0.02,0.684,0.008,0.022,0.017,0.017,0.033,0.005,0.052,0.062,0.035,"2018",FALSE,0,0,28,FALSE
"513","Hassan Whiteside","C",0.667,"MIA",0.659,0.659,0.386,0.302,0.266,0.72,0.005,0.002,1,0.323,0.325,0.538,0.602,0.169,0.187,0.703,0.333,0.441,0.404,0.046,0.15,0.25,0.198,0.353,0.266,"2018",FALSE,0,0,44,FALSE
"514","Andrew Wiggins","SF",0.524,"MIN",1,1,0.843,0.55,0.598,0.584,0.279,0.381,0.331,0.476,0.543,0.475,0.534,0.267,0.323,0.643,0.157,0.274,0.234,0.137,0.37,0.136,0.297,0.439,0.513,"2018",FALSE,0,0,47,FALSE
"515","Jacob Wiley","PF",0.548,"BRK",0.061,0,0.009,0.001,0.002,0.333,0.002,0.002,0.5,0,0.001,0,0.417,0.001,0.002,0.5,0.004,0.009,0.007,0.002,0.004,0,0,0.011,0.001,"2018",FALSE,0,0,28,FALSE
"516","Damien Wilkins","SF",0.905,"IND",0.232,0.012,0.043,0.013,0.018,0.444,0.01,0.02,0.222,0.009,0.012,0.429,0.428,0.004,0.004,0.75,0.01,0.011,0.01,0.008,0.008,0.003,0.011,0.019,0.012,"2018",FALSE,0,0,48,FALSE
"518","C.J. Williams","SG",0.643,"LAC",0.463,0.207,0.2,0.084,0.091,0.589,0.055,0.088,0.282,0.068,0.067,0.546,0.552,0.017,0.016,0.813,0.023,0.044,0.037,0.037,0.126,0.035,0.043,0.17,0.074,"2018",FALSE,0,0,42,FALSE
"520","Lou Williams","SG",0.738,"LAC",0.963,0.232,0.733,0.563,0.615,0.58,0.463,0.585,0.359,0.412,0.462,0.484,0.561,0.571,0.505,0.88,0.076,0.157,0.129,0.358,0.346,0.051,0.504,0.286,0.629,"2018",FALSE,0,0,42,FALSE
"521","Marvin Williams","PF",0.738,"CHO",0.951,0.951,0.568,0.25,0.259,0.611,0.313,0.344,0.413,0.137,0.146,0.512,0.633,0.135,0.127,0.829,0.141,0.294,0.242,0.082,0.228,0.101,0.142,0.313,0.263,"2018",FALSE,0,0,36,FALSE
"524","D.J. Wilson","PF",0.5,"MIL",0.268,0,0.02,0.009,0.007,0.751,0.005,0.006,0.4,0.007,0.006,0.636,0.694,0.001,0.002,0.5,0.004,0.008,0.007,0.003,0.012,0.003,0.009,0.019,0.007,"2018",FALSE,0,0,44,FALSE
"525","Jamil Wilson","SF",0.643,"LAC",0.183,0.122,0.078,0.037,0.037,0.625,0.067,0.071,0.429,0.011,0.01,0.611,0.707,0.003,0.004,0.5,0.006,0.029,0.021,0.009,0.02,0.021,0.017,0.092,0.037,"2018",FALSE,0,0,42,FALSE
"526","Justise Winslow","PF",0.5,"MIA",0.829,0.305,0.476,0.2,0.225,0.565,0.122,0.146,0.38,0.164,0.202,0.44,0.527,0.087,0.107,0.635,0.122,0.304,0.242,0.127,0.22,0.088,0.166,0.377,0.187,"2018",FALSE,0,0,44,FALSE
"527","Jeff Withey","C",0.643,"DAL",0.11,0,0.011,0.006,0.007,0.5,0.005,0.011,0.2,0.004,0.003,0.667,0.487,0.001,0.002,0.5,0.002,0.009,0.007,0,0,0.008,0.004,0.008,0.005,"2018",FALSE,0,0,24,FALSE
"530","Delon Wright","PG",0.595,"TOR",0.841,0.049,0.406,0.194,0.199,0.62,0.139,0.173,0.366,0.151,0.157,0.52,0.589,0.128,0.12,0.829,0.086,0.152,0.129,0.172,0.293,0.088,0.168,0.218,0.196,"2018",FALSE,0,0,59,FALSE
"531","Guerschon Yabusele","PF",0.524,"BOS",0.402,0.049,0.067,0.025,0.028,0.568,0.03,0.042,0.324,0.015,0.014,0.583,0.583,0.02,0.023,0.682,0.033,0.035,0.034,0.014,0.016,0.013,0.026,0.062,0.028,"2018",FALSE,0,0,55,FALSE
"532","James Young","SG",0.524,"PHI",0.073,0,0.017,0.005,0.006,0.476,0.007,0.011,0.3,0.002,0.002,0.5,0.516,0.005,0.006,0.667,0,0.002,0.001,0.002,0,0,0.002,0.011,0.006,"2018",FALSE,0,0,52,FALSE
"533","Joe Young","PG",0.595,"IND",0.646,0.012,0.158,0.077,0.086,0.573,0.062,0.074,0.379,0.057,0.068,0.458,0.552,0.029,0.03,0.759,0.023,0.051,0.041,0.034,0.057,0.003,0.056,0.105,0.073,"2018",FALSE,0,0,48,FALSE
"534","Nick Young","SG",0.762,"GSW",0.976,0.098,0.394,0.194,0.225,0.549,0.306,0.368,0.377,0.081,0.091,0.481,0.598,0.074,0.067,0.862,0.038,0.104,0.082,0.031,0.154,0.019,0.084,0.27,0.205,"2018",FALSE,0,0,58,FALSE
"535","Thaddeus Young","PF",0.69,"IND",0.988,0.988,0.738,0.407,0.398,0.649,0.144,0.204,0.32,0.378,0.385,0.531,0.579,0.073,0.095,0.598,0.352,0.326,0.335,0.131,0.549,0.096,0.226,0.472,0.337,"2018",FALSE,0,0,48,FALSE
"536","Cody Zeller","C",0.595,"CHO",0.402,0,0.177,0.082,0.072,0.727,0.005,0.003,0.667,0.086,0.086,0.542,0.612,0.081,0.087,0.718,0.128,0.109,0.116,0.027,0.057,0.056,0.071,0.218,0.082,"2018",FALSE,0,0,36,FALSE
"538","Paul Zipser","SF",0.548,"CHI",0.659,0.146,0.233,0.078,0.108,0.461,0.092,0.124,0.336,0.046,0.07,0.355,0.472,0.025,0.026,0.76,0.025,0.117,0.086,0.04,0.081,0.04,0.093,0.232,0.077,"2018",FALSE,0,0,27,FALSE
"540","Ivica Zubac","C",0.476,"LAL",0.524,0,0.116,0.059,0.056,0.667,0,0.001,0,0.063,0.068,0.504,0.556,0.052,0.052,0.765,0.086,0.077,0.08,0.021,0.033,0.04,0.056,0.127,0.057,"2018",FALSE,0,0,35,FALSE
